0 0.138270 0.032487 0.074334 0.028426
2 0.288882 0.032487 0.201681 0.036548
0 0.449260 0.032487 0.045119 0.028426
0 0.501034 0.032487 0.050026 0.028426
0 0.552537 0.032487 0.044577 0.028426
0 0.612079 0.032487 0.066103 0.028426
0 0.667850 0.032487 0.037036 0.028426
0 0.718635 0.032487 0.056132 0.028426
0 0.767340 0.032487 0.032875 0.028426
1 0.797433 0.032487 0.018908 0.020305
0 0.831174 0.032487 0.029666 0.028426
0 0.870614 0.032487 0.040810 0.030457
0 0.186536 0.690403 0.086832 0.045685
0 0.291430 0.690403 0.078593 0.028426
