2 0.081480 0.022403 0.089198 0.024440
17 0.044994 0.050916 0.016226 0.024440
17 0.044994 0.050916 0.012011 0.020367
17 0.044994 0.050916 0.012011 0.020367
17 0.044994 0.050916 0.012011 0.020367
17 0.066159 0.050916 0.017675 0.024440
17 0.066159 0.050916 0.013460 0.020367
17 0.066159 0.050916 0.013460 0.020367
17 0.066159 0.050916 0.013460 0.020367
17 0.089547 0.050916 0.020671 0.024440
17 0.089547 0.050916 0.016456 0.020367
17 0.089547 0.050916 0.016456 0.020367
17 0.089547 0.050916 0.016456 0.020367
17 0.116274 0.050916 0.024351 0.024440
17 0.116274 0.050916 0.020136 0.020367
17 0.116274 0.050916 0.020136 0.020367
17 0.116274 0.050916 0.020136 0.020367
17 0.149030 0.050916 0.032732 0.024440
17 0.149030 0.050916 0.028517 0.020367
17 0.149030 0.050916 0.028517 0.020367
17 0.149030 0.050916 0.028517 0.020367
17 0.180844 0.050916 0.022466 0.024440
17 0.180844 0.050916 0.018251 0.020367
17 0.180844 0.050916 0.018251 0.020367
17 0.180844 0.050916 0.018251 0.020367
17 0.206360 0.050916 0.020136 0.024440
17 0.206360 0.050916 0.015921 0.020367
17 0.206360 0.050916 0.015921 0.020367
17 0.206360 0.050916 0.015921 0.020367
1 0.962065 0.032587 0.050580 0.036660
0 0.018967 0.142566 0.021075 0.040733
0 0.018967 0.187373 0.021075 0.040733
0 0.018967 0.232179 0.021075 0.040733
0 0.018967 0.276986 0.021075 0.040733
0 0.018967 0.321792 0.021075 0.040733
0 0.018967 0.366599 0.021075 0.040733
0 0.018967 0.411405 0.021075 0.040733
1 0.090399 0.185336 0.064887 0.018330
0 0.177555 0.186028 0.027397 0.029898
1 0.128565 0.215234 0.128573 0.018330
0 0.184932 0.215926 0.012645 0.029898
1 0.174863 0.245131 0.221170 0.018330
0 0.184932 0.245823 0.012645 0.029898
1 0.179288 0.275029 0.230020 0.018330
0 0.177555 0.275721 0.027397 0.029898
1 0.103781 0.304926 0.079006 0.018330
0 0.184932 0.305618 0.012645 0.029898
1 0.090572 0.334824 0.052588 0.018330
0 0.177555 0.335516 0.027397 0.029898
1 0.086658 0.364721 0.044759 0.018330
0 0.177555 0.365413 0.027397 0.029898
1 0.094079 0.394619 0.059602 0.018330
0 0.184932 0.395311 0.012645 0.029898
1 0.092161 0.424516 0.055766 0.018330
0 0.184932 0.425208 0.012645 0.029898
1 0.103439 0.454414 0.065678 0.018330
0 0.184932 0.455106 0.012645 0.029898
10 0.293994 0.323208 0.121180 0.059063
1 0.325371 0.381858 0.091025 0.020367
1 0.370740 0.529484 0.095635 0.020367
1 0.385085 0.705225 0.089173 0.020367
18 0.401718 0.731288 0.131100 0.020367
1 0.443905 0.899901 0.135093 0.020367
7 0.626712 0.944803 0.746575 0.001018
