0 0.030200 0.036041 0.039391 0.030457
1 0.093885 0.036041 0.058569 0.072081
0 0.075589 0.182234 0.071182 0.023350
0 0.083373 0.296954 0.086750 0.023350
0 0.081174 0.411675 0.082351 0.023350
0 0.279001 0.182234 0.056411 0.023350
0 0.276675 0.296954 0.051758 0.023350
0 0.276047 0.411675 0.050502 0.023350
0 0.401540 0.182234 0.020910 0.023350
0 0.410948 0.296954 0.039727 0.023350
0 0.725853 0.182234 0.067481 0.023350
0 0.721044 0.296954 0.057863 0.023350
0 0.730826 0.411675 0.077427 0.023350
1 0.155487 0.036041 0.064634 0.072081
0 0.082298 0.182234 0.084600 0.023350
0 0.065446 0.296954 0.050896 0.023350
0 0.087509 0.411675 0.095022 0.023350
0 0.209153 0.182234 0.057732 0.023350
0 0.220962 0.296954 0.081350 0.023350
0 0.427989 0.182234 0.073332 0.023350
0 0.414157 0.296954 0.045669 0.023350
0 0.441890 0.411675 0.101136 0.023350
0 0.744867 0.182234 0.105510 0.023350
0 0.718368 0.296954 0.052513 0.023350
0 0.716009 0.411675 0.047794 0.023350
1 0.222020 0.036041 0.068433 0.072081
0 0.060325 0.182234 0.040655 0.023350
0 0.065188 0.296954 0.050379 0.023350
0 0.092351 0.411675 0.104706 0.023350
0 0.254821 0.182234 0.054909 0.023350
0 0.269749 0.296954 0.084764 0.023350
0 0.441812 0.182234 0.054138 0.023350
0 0.474285 0.296954 0.119083 0.023350
0 0.458956 0.411675 0.088424 0.023350
0 0.817116 0.364745 0.250008 0.388372
0 0.276704 0.036041 0.040934 0.072081
0 0.328039 0.036041 0.035476 0.072081
0 0.374442 0.036041 0.057330 0.072081
0 0.430652 0.036041 0.055090 0.072081
1 0.848305 0.036041 0.011555 0.022335
0 0.883252 0.036041 0.023675 0.020305
0 0.942555 0.036041 0.078125 0.040609
1 0.496053 0.353315 0.097804 0.054822
1 0.496053 0.353315 0.057888 0.025381
1 0.534450 0.353315 0.008403 0.016244
1 0.965861 0.050761 0.010504 0.020305
1 0.010000 0.836984 0.019999 0.173969
