1 0.500000 0.481726 1.000000 0.963452
0 0.057773 0.032265 0.094538 0.064530
2 0.747899 0.026396 0.131303 0.032487
2 0.884454 0.026396 0.131303 0.032487
0 0.885767 0.051777 0.128676 0.012183
1 0.975053 0.025381 0.039391 0.030457
2 0.500000 0.281218 0.157563 0.048731
2 0.500000 0.329949 0.157563 0.048731
2 0.500000 0.379188 0.157563 0.049746
2 0.500000 0.432995 0.157563 0.037563
0 0.499996 0.468020 0.046883 0.012183
0 0.513278 0.496447 0.108456 0.024365
0 0.526659 0.502538 0.028583 0.012183
0 0.462472 0.607614 0.078782 0.045685
0 0.543034 0.632487 0.067752 0.016244
0 0.088834 0.770558 0.019219 0.016244
0 0.106601 0.791878 0.054753 0.016244
0 0.295012 0.770558 0.026162 0.016244
0 0.293379 0.791878 0.022896 0.016244
0 0.302570 0.813198 0.041278 0.016244
0 0.303736 0.834518 0.043609 0.016244
0 0.295418 0.855838 0.026974 0.016244
0 0.288061 0.877157 0.012260 0.016244
0 0.303387 0.898477 0.042911 0.016244
0 0.315992 0.919797 0.068121 0.016244
0 0.518440 0.770558 0.040868 0.016244
0 0.519055 0.791878 0.042099 0.016244
0 0.515584 0.813198 0.035156 0.016244
0 0.706867 0.770558 0.037618 0.016244
0 0.708094 0.791878 0.040072 0.016244
0 0.892229 0.770558 0.032292 0.016244
0 0.886912 0.791878 0.021657 0.016244
0 0.892430 0.813198 0.032694 0.016244
0 0.890592 0.834518 0.029018 0.016244
0 0.886571 0.855838 0.020976 0.016244
0 0.898429 0.877157 0.044692 0.016244
