0 0.018382 0.035533 0.036765 0.071066
0 0.051836 0.035025 0.030142 0.070051
0 0.089909 0.035025 0.046005 0.070051
0 0.131602 0.035025 0.037380 0.070051
1 0.173135 0.035025 0.045685 0.070051
0 0.169479 0.092386 0.038373 0.044670
0 0.168075 0.137056 0.035567 0.044670
0 0.170189 0.181726 0.039793 0.044670
0 0.166976 0.226396 0.033367 0.044670
0 0.178900 0.271066 0.057215 0.044670
1 0.216547 0.035025 0.041139 0.070051
0 0.230772 0.092386 0.069590 0.044670
0 0.227707 0.137056 0.063460 0.044670
0 0.214056 0.181726 0.036157 0.044670
0 0.220806 0.226396 0.049657 0.044670
0 0.228881 0.271066 0.065807 0.044670
1 0.267689 0.035025 0.061146 0.070051
0 0.271509 0.092386 0.068786 0.044670
0 0.259667 0.137056 0.045102 0.044670
0 0.269613 0.181726 0.064995 0.044670
0 0.274201 0.226396 0.074170 0.044670
0 0.254058 0.271066 0.033884 0.044670
0 0.264665 0.315736 0.055098 0.044670
1 0.319463 0.035025 0.042403 0.070051
0 0.333689 0.092386 0.070854 0.044670
0 0.321236 0.137056 0.045948 0.044670
0 0.326508 0.181726 0.056493 0.044670
0 0.328043 0.226396 0.059562 0.044670
1 0.882476 0.035533 0.029412 0.071066
0 0.944652 0.035581 0.073932 0.036643
0 0.287688 0.118274 0.039350 0.017259
0 0.565947 0.118782 0.027311 0.051206
0 0.845334 0.118782 0.055672 0.035311
0 0.413632 0.495558 0.014484 0.015228
0 0.431854 0.495558 0.014886 0.015228
0 0.453248 0.495558 0.020828 0.015228
0 0.476247 0.495558 0.018095 0.015228
0 0.504472 0.495558 0.031283 0.015228
0 0.534943 0.495558 0.022584 0.015228
0 0.570735 0.495558 0.015403 0.015228
0 0.274439 0.941577 0.025883 0.020305
0 0.283203 0.967973 0.025210 0.020305
0 0.663619 0.992108 0.028427 0.015784
