1 0.187175 0.973905 0.027932 0.017312
1 0.235029 0.973905 0.029974 0.017312
0 0.572008 0.942846 0.135060 0.052189
0 0.711016 0.942846 0.135052 0.052189
0 0.850019 0.942846 0.135052 0.052189
1 0.037247 0.004073 0.066065 0.008147
1 0.172390 0.084267 0.077656 0.034114
10 0.172390 0.077393 0.077656 0.020367
17 0.706426 0.076120 0.052769 0.050407
17 0.767366 0.076120 0.069111 0.050407
1 0.712619 0.117617 0.061779 0.022607
10 0.695755 0.113646 0.014561 0.006517
1 0.712619 0.140224 0.061779 0.022607
10 0.699520 0.136253 0.022092 0.006517
1 0.712619 0.162831 0.061779 0.022607
10 0.699993 0.158859 0.023037 0.006517
1 0.710392 0.191548 0.023413 0.007943
16 0.812459 0.075229 0.021075 0.048625
17 0.840766 0.076120 0.035539 0.050407
1 0.181972 0.137984 0.096821 0.057026
1 0.259323 0.137984 0.019535 0.057026
1 0.299061 0.137984 0.021593 0.057026
1 0.340107 0.137984 0.022153 0.057026
1 0.386480 0.137984 0.032246 0.057026
1 0.434680 0.137984 0.025808 0.057026
1 0.481234 0.137984 0.028953 0.057026
1 0.577528 0.137475 0.125288 0.021385
10 0.824025 0.157722 0.060590 0.035403
17 0.145630 0.190937 0.034675 0.034623
17 0.183087 0.190937 0.040240 0.034623
17 0.222685 0.190937 0.038955 0.034623
17 0.258360 0.190937 0.032394 0.034623
17 0.288054 0.190937 0.026994 0.034623
17 0.317287 0.190937 0.031472 0.034623
17 0.350805 0.190937 0.035564 0.034623
17 0.388114 0.190937 0.039054 0.034623
17 0.419389 0.190937 0.023495 0.034623
17 0.453183 0.190937 0.044092 0.034623
17 0.498399 0.190937 0.046340 0.034623
17 0.536922 0.190937 0.030707 0.034623
17 0.564990 0.190937 0.025430 0.034623
18 0.309009 0.573240 0.340358 0.075356
18 0.440464 0.573240 0.060590 0.043168
10 0.683087 0.457159 0.340358 0.353217
1 0.246658 0.863401 0.150619 0.043788
1 0.221957 0.937230 0.027652 0.024440
1 0.265856 0.937230 0.038659 0.024440
1 0.496044 0.863401 0.178749 0.043788
1 0.471339 0.937230 0.027652 0.024440
1 0.515238 0.937230 0.038659 0.024440
1 0.745431 0.863401 0.114792 0.043788
1 0.720730 0.937230 0.027652 0.024440
1 0.764629 0.937230 0.038659 0.024440
1 0.496048 0.025458 0.992097 0.050916
