1 0.021008 0.040609 0.025210 0.048731
1 0.060924 0.105584 0.105042 0.048731
0 0.060924 0.162437 0.105042 0.048731
0 0.060924 0.219289 0.105042 0.048731
0 0.060924 0.276142 0.105042 0.048731
1 0.060924 0.332995 0.105042 0.048731
0 0.060924 0.389848 0.105042 0.048731
1 0.060924 0.454822 0.105042 0.040609
1 0.419852 0.170400 0.056731 0.040609
1 0.481097 0.170400 0.057355 0.040609
1 0.318421 0.294416 0.040203 0.028426
0 0.310924 0.347208 0.018908 0.036548
0 0.350295 0.343147 0.047228 0.020305
0 0.381963 0.342640 0.007706 0.020305
1 0.566919 0.343147 0.036330 0.028426
1 0.594538 0.343147 0.016807 0.032487
12 0.409401 0.667005 0.165441 0.426396
1 0.341752 0.904569 0.038545 0.032487
1 0.382657 0.904569 0.034861 0.032487
1 0.420841 0.904569 0.033105 0.032487
1 0.450524 0.904569 0.017857 0.032487
0 0.310924 0.972589 0.018908 0.036548
0 0.359543 0.968528 0.065725 0.020305
0 0.410690 0.968020 0.011226 0.020305
1 0.566919 0.968528 0.036330 0.028426
1 0.594538 0.968528 0.016807 0.032487
2 0.880515 0.044670 0.187500 0.040609
1 0.880515 0.268020 0.170693 0.040609
1 0.880515 0.320812 0.170693 0.040609
0 0.880515 0.477157 0.179097 0.109645
0 0.836500 0.440102 0.057453 0.017259
1 0.960609 0.440609 0.012605 0.024365
0 0.880515 0.604061 0.179097 0.109645
0 0.860372 0.567005 0.105198 0.017259
1 0.960609 0.567513 0.012605 0.024365
0 0.880515 0.730964 0.179097 0.109645
0 0.881520 0.693909 0.147494 0.017259
1 0.960609 0.694416 0.012605 0.024365
1 0.961688 0.959391 0.045111 0.040609
