0 0.188447 0.025458 0.066567 0.050916
0 0.270667 0.025458 0.096821 0.050916
0 0.362528 0.025458 0.085847 0.050916
0 0.459390 0.025458 0.106823 0.050916
0 0.563340 0.025458 0.100023 0.050916
4 0.728135 0.005601 0.000527 0.001018
18 0.782929 0.025458 0.109062 0.038697
1 0.213667 0.087067 0.107523 0.045825
10 0.211559 0.089661 0.103308 0.050916
0 0.698894 0.086558 0.289779 0.052953
0 0.626449 0.088595 0.144889 0.048880
0 0.626449 0.088595 0.132244 0.048880
0 0.771338 0.088595 0.144889 0.048880
0 0.771338 0.088595 0.132244 0.048880
1 0.172785 0.149742 0.036296 0.042770
1 0.225381 0.149742 0.067843 0.042770
1 0.302806 0.149742 0.085954 0.042770
1 0.371024 0.149742 0.049427 0.042770
1 0.413305 0.149742 0.034082 0.042770
1 0.457599 0.149742 0.053453 0.042770
1 0.519350 0.149742 0.068995 0.042770
1 0.264226 0.577314 0.023709 0.021385
1 0.264226 0.798387 0.219178 0.071283
1 0.496048 0.577314 0.023709 0.021385
1 0.496048 0.798387 0.219178 0.071283
1 0.727871 0.577314 0.023709 0.021385
1 0.727871 0.798387 0.219178 0.071283
10 0.322181 0.973022 0.331928 0.053956
1 0.667808 0.987478 0.330875 0.025045
