1 0.215581 0.035896 0.059191 0.021385
1 0.609820 0.038187 0.030526 0.018330
1 0.659107 0.038187 0.041705 0.018330
1 0.701915 0.038187 0.017568 0.018330
1 0.734935 0.038187 0.022129 0.018330
1 0.786593 0.037678 0.054844 0.021385
0 0.786593 0.038187 0.054844 0.038697
10 0.878820 0.537185 0.242360 0.610998
0 0.237619 0.706212 0.103267 0.046843
1 0.328088 0.965377 0.014448 0.020367
1 0.353481 0.965377 0.019478 0.020367
1 0.381084 0.965377 0.018869 0.020367
1 0.410835 0.965377 0.023775 0.020367
1 0.439661 0.965377 0.017016 0.020367
1 0.463572 0.965377 0.013946 0.020367
1 0.490183 0.965377 0.022417 0.020367
1 0.518309 0.965377 0.016975 0.020367
1 0.544726 0.965377 0.019000 0.020367
1 0.584727 0.965377 0.044142 0.020367
