18 0.496048 0.500000 0.992097 1.000000
18 0.496048 0.045825 0.992097 0.091650
1 0.070140 0.045825 0.100599 0.089613
10 0.070131 0.045817 0.100583 0.089597
17 0.684026 0.045825 0.057248 0.089613
1 0.684026 0.045825 0.057248 0.089613
17 0.746275 0.045825 0.067250 0.089613
1 0.746275 0.045825 0.067250 0.089613
17 0.808960 0.045825 0.058120 0.089613
1 0.808960 0.045825 0.058120 0.089613
17 0.871744 0.045825 0.067448 0.089613
1 0.871744 0.045825 0.067448 0.089613
17 0.938858 0.045825 0.066781 0.089613
1 0.938858 0.045825 0.066781 0.089613
1 0.060388 0.113544 0.068090 0.019348
1 0.171422 0.269285 0.058104 0.017312
0 0.164120 0.263159 0.275553 0.001018
0 0.164120 0.297376 0.275553 0.067417
0 0.164120 0.297376 0.275553 0.067417
0 0.107424 0.296764 0.011081 0.025458
0 0.164120 0.297376 0.275553 0.067417
0 0.496032 0.263159 0.275553 0.001018
0 0.496032 0.297376 0.275553 0.067417
0 0.496032 0.297376 0.275553 0.067417
0 0.435969 0.296764 0.008858 0.025458
0 0.496032 0.297376 0.275553 0.067417
0 0.827944 0.263159 0.275553 0.001018
0 0.827944 0.297376 0.275553 0.067417
0 0.827944 0.297376 0.275553 0.067417
0 0.771972 0.296764 0.009517 0.025458
0 0.827944 0.297376 0.275553 0.067417
1 0.122629 0.727088 0.192571 0.362525
10 0.122629 0.727088 0.160169 0.360489
1 0.122625 0.924644 0.028344 0.018330
1 0.371559 0.727088 0.192571 0.362525
10 0.371559 0.727088 0.159642 0.360489
1 0.371555 0.924644 0.031291 0.018330
1 0.620489 0.727088 0.192571 0.362525
10 0.620489 0.727088 0.159642 0.360489
1 0.620489 0.924644 0.049970 0.018330
1 0.869418 0.727088 0.192571 0.362525
10 0.869418 0.727088 0.159642 0.360489
1 0.869414 0.924644 0.036247 0.018330
1 0.122629 0.988576 0.192571 0.022849
10 0.122629 0.989085 0.162276 0.021830
1 0.371559 0.988576 0.192571 0.022849
10 0.371559 0.989085 0.162276 0.021830
16 0.620489 0.988576 0.192571 0.022849
16 0.620489 0.989085 0.162276 0.021830
1 0.869418 0.988576 0.192571 0.022849
10 0.869418 0.989085 0.162276 0.021830
