0 0.021075 0.040733 0.025290 0.048880
19 0.061117 0.105906 0.105374 0.048880
19 0.061117 0.162933 0.105374 0.048880
19 0.061117 0.219959 0.105374 0.048880
19 0.061117 0.276986 0.105374 0.048880
19 0.061117 0.334012 0.105374 0.048880
19 0.061117 0.391039 0.105374 0.048880
0 0.061117 0.456212 0.105374 0.040733
0 0.419599 0.170920 0.056910 0.040733
0 0.481037 0.170920 0.057536 0.040733
0 0.317847 0.295316 0.040330 0.028513
1 0.310327 0.348269 0.018967 0.036660
19 0.310327 0.348269 0.018967 0.036660
1 0.349821 0.344196 0.047377 0.020367
1 0.388365 0.343686 0.021281 0.020367
0 0.567131 0.344196 0.036445 0.028513
0 0.594837 0.344196 0.016860 0.032587
10 0.409115 0.669043 0.165964 0.427699
19 0.341251 0.907332 0.038667 0.032587
19 0.382286 0.907332 0.034971 0.032587
19 0.420591 0.907332 0.033209 0.032587
19 0.450367 0.907332 0.017914 0.032587
1 0.310327 0.975560 0.018967 0.036660
19 0.310327 0.975560 0.018967 0.036660
1 0.359099 0.971487 0.065933 0.020367
1 0.408563 0.970978 0.007574 0.020367
0 0.567131 0.971487 0.036445 0.028513
0 0.594837 0.971487 0.016860 0.032587
18 0.797682 0.044807 0.010537 0.020367
18 0.880137 0.044807 0.188093 0.040733
0 0.880137 0.268839 0.171233 0.040733
0 0.880137 0.321792 0.171233 0.040733
1 0.880137 0.468432 0.179663 0.089613
10 0.798736 0.441955 0.008430 0.016293
1 0.837078 0.441446 0.059824 0.017312
0 0.960485 0.441955 0.012645 0.024440
1 0.880137 0.585540 0.179663 0.109980
10 0.798736 0.548880 0.008430 0.016293
1 0.842359 0.548371 0.070387 0.017312
0 0.960485 0.548880 0.012645 0.024440
10 0.941517 0.591650 0.048472 0.048880
1 0.880137 0.712831 0.179663 0.109980
10 0.798736 0.676171 0.008430 0.016293
1 0.834777 0.675662 0.055223 0.017312
0 0.960485 0.676171 0.012645 0.024440
0 0.961567 0.959267 0.045253 0.040733
