0 0.967334 0.050407 0.023182 0.039715
0 0.967334 0.048371 0.023182 0.035642
0 0.936129 0.048570 0.039227 0.036039
10 0.714085 0.198327 0.196682 0.204664
10 0.899364 0.195049 0.196682 0.204664
10 0.707529 0.411713 0.196682 0.204664
10 0.892808 0.408435 0.196682 0.204664
10 0.700973 0.625099 0.196682 0.204664
10 0.886252 0.621821 0.196682 0.204664
1 0.142584 0.223221 0.063224 0.019348
10 0.142584 0.213547 0.063224 0.030550
2 0.154175 0.525347 0.073762 0.046843
2 0.248296 0.525347 0.105374 0.046843
2 0.358222 0.525347 0.105374 0.046843
0 0.481210 0.525347 0.131495 0.046843
1 0.249905 0.575754 0.048250 0.017312
1 0.308232 0.575754 0.039277 0.017312
0 0.511217 0.580337 0.089395 0.024440
