0 0.001313 0.002538 0.002626 0.005076
0 0.092437 0.033503 0.153361 0.036548
5 0.868435 0.014721 0.000525 0.001015
2 0.926471 0.030964 0.115546 0.031472
1 0.976103 0.030964 0.016282 0.031472
11 0.071954 0.016244 0.143908 0.032487
0 0.071954 0.016244 0.143908 0.032487
1 0.132353 0.016244 0.023109 0.032487
11 0.071954 0.054822 0.143908 0.044670
0 0.071954 0.054822 0.143908 0.044670
11 0.071954 0.099492 0.143908 0.044670
0 0.071954 0.099492 0.143908 0.044670
1 0.132353 0.099492 0.023109 0.044670
11 0.071954 0.452792 0.143908 0.661929
0 0.071954 0.144162 0.143908 0.044670
1 0.132353 0.144162 0.023109 0.044670
11 0.071954 0.188832 0.143908 0.044670
0 0.071954 0.188832 0.143908 0.044670
1 0.132353 0.188832 0.023109 0.044670
11 0.071954 0.475127 0.143908 0.527919
0 0.071954 0.233503 0.143908 0.044670
1 0.132353 0.233503 0.023109 0.044670
11 0.075893 0.290355 0.136029 0.069036
0 0.075893 0.290355 0.136029 0.069036
11 0.075893 0.347208 0.136029 0.044670
0 0.075893 0.347208 0.136029 0.044670
11 0.075893 0.404061 0.136029 0.069036
0 0.075893 0.404061 0.136029 0.069036
11 0.075893 0.460914 0.136029 0.044670
0 0.075893 0.460914 0.136029 0.044670
11 0.075893 0.517766 0.136029 0.069036
0 0.075893 0.517766 0.136029 0.069036
11 0.075893 0.598985 0.136029 0.093401
0 0.075893 0.598985 0.136029 0.093401
11 0.075893 0.692386 0.136029 0.093401
0 0.075893 0.692386 0.136029 0.093401
11 0.071954 0.761421 0.143908 0.044670
0 0.071954 0.761421 0.143908 0.044670
11 0.071954 0.806091 0.143908 0.044670
0 0.071954 0.806091 0.143908 0.044670
1 0.132353 0.806091 0.023109 0.044670
11 0.071954 0.850761 0.143908 0.044670
0 0.071954 0.850761 0.143908 0.044670
1 0.132353 0.850761 0.023109 0.044670
11 0.071954 0.895431 0.143908 0.044670
0 0.071954 0.895431 0.143908 0.044670
1 0.132353 0.895431 0.023109 0.044670
1 0.329323 0.207202 0.060432 0.032678
1 0.311187 0.207202 0.008403 0.016244
1 0.335100 0.207202 0.033121 0.018464
0 0.522535 0.313388 0.076139 0.022335
0 0.455583 0.339277 0.074407 0.022335
0 0.352371 0.488515 0.062147 0.022335
0 0.341304 0.540292 0.040014 0.022335
0 0.346667 0.643845 0.050740 0.022335
0 0.471552 0.669734 0.074407 0.022335
0 0.368180 0.721510 0.093766 0.022335
0 0.369994 0.799175 0.097394 0.022335
0 0.410599 0.902728 0.178604 0.022335
5 0.484515 0.079188 0.871127 0.060914
2 0.500271 0.079188 0.839614 0.052792
1 0.048689 0.048223 0.000525 0.001015
1 0.935826 0.079695 0.030446 0.061929
1 0.851567 0.135470 0.035887 0.015228
1 0.884655 0.135470 0.024874 0.015228
1 0.910718 0.135470 0.021837 0.015228
1 0.945797 0.835533 0.006303 0.142132
0 0.500000 0.931472 0.087185 0.039594
