1 0.896878 0.781758 0.070838 0.025571
1 0.869223 0.851999 0.195378 0.049937
1 0.869223 0.851999 0.070329 0.025571
1 0.827493 0.851999 0.011029 0.021320
1 0.869223 0.851396 0.070329 0.020305
1 0.869223 0.926301 0.195378 0.049937
1 0.869219 0.926301 0.087292 0.025571
1 0.819008 0.926301 0.011029 0.021320
1 0.869219 0.925698 0.087292 0.020305
1 0.964811 0.645178 0.018908 0.036548
0 0.156250 0.041212 0.013655 0.040609
1 0.204422 0.041212 0.057478 0.041815
1 0.262716 0.041212 0.059111 0.041815
1 0.325938 0.041212 0.067334 0.041815
1 0.391290 0.041212 0.063370 0.041815
0 0.441599 0.041212 0.037249 0.041815
0 0.630556 0.041212 0.032875 0.041815
0 0.693647 0.041212 0.080702 0.049937
1 0.693647 0.041212 0.058643 0.025571
1 0.657760 0.041212 0.011029 0.021320
1 0.693647 0.040609 0.058643 0.020305
0 0.790449 0.041212 0.104500 0.049937
1 0.790449 0.041212 0.082442 0.025571
1 0.742663 0.041212 0.011029 0.021320
1 0.790449 0.040609 0.082442 0.020305
0 0.655458 0.537468 0.069861 0.049937
1 0.655458 0.537468 0.048853 0.025571
1 0.655458 0.536865 0.048853 0.020305
1 0.782826 0.709645 0.018908 0.036548
1 0.808036 0.709645 0.018908 0.036548
1 0.833246 0.709645 0.018908 0.036548
