0 0.652709 0.956853 0.042501 0.015228
1 0.729312 0.945527 0.034139 0.075825
1 0.729312 0.930631 0.034139 0.046034
1 0.729312 0.969559 0.034139 0.027760
0 0.023360 0.974619 0.036215 0.030457
0 0.063288 0.974619 0.033137 0.030457
0 0.271534 0.034510 0.097164 0.054394
2 0.478204 0.109645 0.510504 0.025381
0 0.594099 0.229442 0.070025 0.038579
0 0.664132 0.229442 0.070025 0.038579
0 0.734158 0.229442 0.070025 0.038579
0 0.259097 0.177157 0.072290 0.045685
0 0.340857 0.177157 0.082827 0.045685
0 0.421079 0.177157 0.069213 0.045685
0 0.506623 0.177157 0.093471 0.045685
0 0.585064 0.177157 0.055008 0.045685
0 0.644199 0.177157 0.054860 0.045685
0 0.707708 0.177157 0.063756 0.045685
0 0.773975 0.177157 0.060375 0.045685
0 0.842872 0.177157 0.069016 0.045685
0 0.910813 0.177157 0.058462 0.045685
0 0.972123 0.177157 0.055754 0.045685
0 0.288866 0.353966 0.131828 0.190165
0 0.288866 0.575635 0.131828 0.228807
0 0.288866 0.851110 0.131828 0.297779
0 0.426996 0.342759 0.131828 0.167751
0 0.426996 0.593234 0.131828 0.308836
0 0.426996 0.861762 0.131828 0.203855
0 0.426996 0.987936 0.131828 0.024128
0 0.565126 0.386294 0.131828 0.254822
0 0.565126 0.629894 0.131828 0.208011
0 0.565126 0.873041 0.131828 0.253918
0 0.703256 0.423739 0.131828 0.329711
0 0.703256 0.664483 0.131828 0.127411
0 0.703256 0.870186 0.131828 0.259629
