1 0.016596 0.034623 0.021075 0.044807
1 0.016596 0.085540 0.021075 0.040733
1 0.016596 0.134420 0.021075 0.040733
0 0.016596 0.225051 0.021075 0.040733
0 0.016596 0.273931 0.021075 0.040733
0 0.016596 0.322811 0.021075 0.040733
0 0.016596 0.413442 0.021075 0.040733
1 0.016596 0.869654 0.021075 0.040733
0 0.016596 0.918534 0.021075 0.040733
17 0.016596 0.967413 0.021075 0.040733
18 0.055321 0.032587 0.016860 0.038697
3 0.416870 0.032587 0.706237 0.038697
18 0.416870 0.032587 0.706237 0.038697
18 0.783687 0.032587 0.027397 0.038697
1 0.837288 0.032587 0.061891 0.032587
1 0.884916 0.032587 0.033366 0.032587
0 0.944740 0.032587 0.069423 0.032587
1 0.061105 0.085540 0.029480 0.065173
1 0.099426 0.085540 0.021873 0.065173
1 0.141547 0.085540 0.037079 0.065173
1 0.191908 0.085540 0.038355 0.065173
1 0.235264 0.085540 0.023067 0.065173
1 0.273293 0.085540 0.027702 0.065173
1 0.306836 0.085540 0.014094 0.065173
1 0.346965 0.085540 0.040874 0.065173
1 0.412655 0.085540 0.065217 0.065173
1 0.479777 0.085540 0.043738 0.065173
1 0.524084 0.085540 0.019585 0.065173
1 0.557861 0.085540 0.022680 0.065173
1 0.455467 0.401222 0.102238 0.024440
18 0.182561 0.458248 0.021075 0.054990
3 0.334826 0.458248 0.283456 0.054990
18 0.334826 0.458248 0.283456 0.054990
18 0.491307 0.458248 0.029505 0.054990
1 0.599842 0.330957 0.140148 0.270876
10 0.564542 0.293279 0.069547 0.114053
10 0.635142 0.293279 0.069547 0.114053
10 0.564542 0.409369 0.069547 0.114053
10 0.635142 0.409369 0.069547 0.114053
1 0.773709 0.330957 0.140148 0.270876
10 0.773709 0.377387 0.140148 0.178017
1 0.281085 0.682981 0.219178 0.020367
10 0.281085 0.685272 0.219178 0.282968
1 0.196564 0.572293 0.029060 0.016277
0 0.344310 0.580448 0.021075 0.032587
0 0.369600 0.580448 0.021075 0.032587
1 0.190464 0.792117 0.016860 0.032587
19 0.190464 0.792117 0.016860 0.032587
1 0.234437 0.783987 0.062656 0.020367
1 0.233918 0.802317 0.061619 0.016293
0 0.369600 0.790097 0.021075 0.032587
10 0.281085 0.925598 0.219178 0.148803
0 0.344310 0.887856 0.021075 0.032587
0 0.369600 0.887856 0.021075 0.032587
1 0.512908 0.859216 0.219178 0.020367
10 0.512908 0.771894 0.219178 0.456212
0 0.576133 0.580448 0.021075 0.032587
0 0.601423 0.580448 0.021075 0.032587
1 0.744731 0.859216 0.219178 0.020367
10 0.744731 0.771894 0.219178 0.456212
1 0.654110 0.580448 0.016860 0.032587
0 0.807956 0.580448 0.021075 0.032587
0 0.833246 0.580448 0.021075 0.032587
