1 0.055321 0.043279 0.076923 0.027495
1 0.141057 0.045316 0.043969 0.029532
1 0.207632 0.045316 0.047031 0.029532
1 0.269885 0.045316 0.035325 0.029532
0 0.861976 0.043788 0.045673 0.037678
0 0.934240 0.043788 0.081994 0.037678
20 0.619336 0.333503 0.012645 0.024440
17 0.496048 0.396130 0.255005 0.040733
17 0.496048 0.446029 0.255005 0.040733
17 0.496048 0.495927 0.255005 0.040733
0 0.496048 0.585540 0.242360 0.038697
0 0.496048 0.640530 0.242360 0.038697
0 0.272857 0.708821 0.103670 0.057026
10 0.883813 0.513302 0.177022 0.485642
10 0.662535 0.513302 0.165958 0.455289
10 0.662535 0.513302 0.221277 0.607052
10 0.883813 0.513302 0.199150 0.546347
10 0.662535 0.513302 0.221277 0.607052
