0 0.496061 0.036334 0.992122 0.072668
2 0.491396 0.072668 0.233874 0.048445
1 0.629280 0.072668 0.041894 0.048445
0 0.068934 0.111961 0.125345 0.053744
0 0.193208 0.111961 0.073964 0.044511
0 0.290581 0.111961 0.080702 0.044511
0 0.385873 0.111961 0.069804 0.044511
8 0.488921 0.111961 0.096212 0.054378
1 0.488921 0.111961 0.096212 0.054378
8 0.528825 0.111953 0.011153 0.021558
8 0.598309 0.111961 0.082483 0.054378
1 0.598309 0.111961 0.082483 0.054378
8 0.631348 0.111953 0.011153 0.021558
1 0.888393 0.111961 0.194935 0.050381
0 0.800621 0.111953 0.019392 0.029933
0 0.838957 0.111961 0.049567 0.050381
1 0.904432 0.111961 0.075130 0.040609
1 0.966099 0.099461 0.013130 0.025381
1 0.052086 0.647605 0.066570 0.054600
1 0.931099 0.816244 0.122046 0.194924
1 0.931099 0.776650 0.090533 0.034518
1 0.931099 0.821320 0.090533 0.034518
1 0.931099 0.865990 0.090533 0.034518
0 0.026219 0.949231 0.031431 0.059089
0 0.968688 0.928934 0.025858 0.033503
8 0.960999 0.964467 0.041237 0.040609
0 0.960999 0.964467 0.025481 0.020305
0 0.965714 0.997462 0.025651 0.005076
