1 0.125922 0.040733 0.071128 0.038697
1 0.731951 0.040741 0.031044 0.027702
1 0.795743 0.040733 0.048069 0.048880
0 0.836637 0.040733 0.015806 0.048880
0 0.881833 0.040733 0.039812 0.048880
18 0.133105 0.349080 0.072848 0.048880
18 0.347541 0.349080 0.337057 0.048880
18 0.538725 0.349080 0.026344 0.048880
1 0.658325 0.280041 0.158061 0.305499
10 0.658325 0.280041 0.158061 0.305499
0 0.658325 0.396130 0.132771 0.024440
1 0.822708 0.280041 0.158061 0.305499
10 0.822708 0.280041 0.158061 0.305499
0 0.822708 0.396130 0.132771 0.024440
1 0.361869 0.505092 0.045986 0.048880
1 0.414573 0.505092 0.048884 0.048880
1 0.476040 0.505092 0.074050 0.048880
1 0.546122 0.505092 0.066114 0.048880
1 0.616196 0.505092 0.074034 0.048880
0 0.866615 0.584521 0.070247 0.048880
18 0.141214 0.657841 0.100657 0.048880
18 0.104057 0.657841 0.020021 0.038697
18 0.251576 0.657841 0.111639 0.048880
18 0.208929 0.657841 0.020021 0.038697
18 0.359116 0.657841 0.095010 0.048880
18 0.324783 0.657841 0.020021 0.038697
18 0.460909 0.657841 0.100147 0.048880
18 0.424007 0.657841 0.020021 0.038697
18 0.553654 0.657841 0.076915 0.048880
18 0.528369 0.657841 0.020021 0.038697
18 0.642358 0.657841 0.092062 0.048880
18 0.609498 0.657841 0.020021 0.038697
18 0.736482 0.657841 0.087757 0.048880
18 0.705776 0.657841 0.020021 0.038697
18 0.835732 0.657841 0.102312 0.048880
18 0.797748 0.657841 0.020021 0.038697
18 0.935854 0.657841 0.089502 0.048880
18 0.904274 0.657841 0.020021 0.038697
18 0.992410 0.657841 0.015180 0.048880
18 0.993990 0.657841 0.012019 0.038697
10 0.115385 0.733707 0.050053 0.053971
10 0.496048 0.902033 0.779768 0.195933
1 0.221372 0.853360 0.262027 0.293279
10 0.221372 0.853360 0.262027 0.293279
0 0.334209 0.741853 0.023709 0.045825
0 0.360025 0.741853 0.023709 0.045825
1 0.496048 0.853360 0.262036 0.293279
10 0.496048 0.853360 0.262036 0.293279
0 0.608889 0.741853 0.023709 0.045825
0 0.634706 0.741853 0.023709 0.045825
1 0.770725 0.853360 0.262027 0.293279
10 0.770725 0.853360 0.262027 0.293279
