1 0.047513 0.032587 0.061306 0.032587
0 0.813109 0.032587 0.054169 0.040733
0 0.863471 0.032587 0.038124 0.040733
0 0.902430 0.032587 0.031365 0.040733
0 0.948782 0.032587 0.052909 0.040733
0 0.477081 0.485743 0.016860 0.006110
0 0.496048 0.485743 0.016860 0.006110
0 0.515016 0.485743 0.016860 0.006110
0 0.035827 0.289206 0.021075 0.040733
0 0.956270 0.289206 0.021075 0.040733
0 0.308952 0.264766 0.043631 0.040733
0 0.351558 0.264766 0.041582 0.040733
0 0.402146 0.264766 0.059594 0.040733
0 0.453709 0.264766 0.043533 0.040733
0 0.495703 0.264766 0.040454 0.040733
0 0.534757 0.264766 0.037655 0.040733
0 0.586168 0.264766 0.065167 0.040733
0 0.645857 0.264766 0.054210 0.040733
0 0.688957 0.264766 0.031991 0.040733
18 0.268440 0.329939 0.012645 0.024440
18 0.268440 0.329939 0.012645 0.024440
18 0.504478 0.329939 0.459431 0.035642
1 0.269358 0.391039 0.031341 0.032587
1 0.304218 0.391039 0.029949 0.032587
1 0.340239 0.391039 0.033662 0.032587
1 0.386044 0.391039 0.049518 0.032587
1 0.429346 0.391039 0.028657 0.032587
1 0.463522 0.391039 0.031266 0.032587
1 0.492698 0.391039 0.018655 0.032587
1 0.527858 0.391039 0.043236 0.032587
1 0.563463 0.391039 0.019544 0.032587
1 0.592408 0.391039 0.029916 0.032587
1 0.634294 0.391039 0.045426 0.032587
1 0.682371 0.391039 0.042298 0.032587
1 0.718462 0.391039 0.021454 0.032587
1 0.767527 0.391039 0.068246 0.032587
0 0.727871 0.391039 0.021075 0.040733
1 0.910267 0.480143 0.113080 0.017312
1 0.064258 0.695010 0.024722 0.019348
10 0.238232 0.719570 0.068475 0.097680
1 0.305087 0.695010 0.042734 0.019348
10 0.470055 0.719570 0.068475 0.097680
1 0.528879 0.695010 0.026673 0.019348
10 0.701878 0.719570 0.068475 0.097680
1 0.759163 0.695010 0.023594 0.019348
1 0.062294 0.811100 0.020795 0.019348
10 0.238232 0.835659 0.068475 0.097680
1 0.307873 0.811100 0.048307 0.019348
10 0.470055 0.835659 0.068475 0.097680
1 0.534218 0.811100 0.037350 0.019348
16 0.701878 0.835659 0.068475 0.097680
1 0.754931 0.811100 0.015131 0.019348
10 0.933701 0.835659 0.068475 0.097680
17 0.060364 0.029532 0.111244 0.040733
17 0.060364 0.070265 0.111244 0.040733
17 0.060364 0.128310 0.111244 0.040733
17 0.060364 0.169043 0.111244 0.040733
17 0.060364 0.209776 0.111244 0.040733
17 0.060364 0.250509 0.111244 0.040733
17 0.060364 0.308554 0.111244 0.040733
17 0.060364 0.029532 0.111244 0.040733
17 0.060364 0.070265 0.111244 0.040733
17 0.060364 0.128310 0.111244 0.040733
17 0.060364 0.169043 0.111244 0.040733
17 0.060364 0.209776 0.111244 0.040733
17 0.060364 0.250509 0.111244 0.040733
17 0.060364 0.308554 0.111244 0.040733
17 0.060364 0.029532 0.111244 0.040733
17 0.060364 0.070265 0.111244 0.040733
17 0.060364 0.128310 0.111244 0.040733
17 0.060364 0.169043 0.111244 0.040733
17 0.060364 0.209776 0.111244 0.040733
17 0.060364 0.250509 0.111244 0.040733
17 0.060364 0.308554 0.111244 0.040733
17 0.060364 0.029532 0.111244 0.040733
17 0.060364 0.070265 0.111244 0.040733
17 0.060364 0.128310 0.111244 0.040733
17 0.060364 0.169043 0.111244 0.040733
17 0.060364 0.209776 0.111244 0.040733
17 0.060364 0.250509 0.111244 0.040733
17 0.060364 0.308554 0.111244 0.040733
17 0.060364 0.029532 0.111244 0.040733
17 0.060364 0.070265 0.111244 0.040733
17 0.060364 0.128310 0.111244 0.040733
17 0.060364 0.169043 0.111244 0.040733
17 0.060364 0.209776 0.111244 0.040733
17 0.060364 0.250509 0.111244 0.040733
17 0.060364 0.308554 0.111244 0.040733
17 0.060364 0.029532 0.111244 0.040733
17 0.060364 0.070265 0.111244 0.040733
17 0.060364 0.128310 0.111244 0.040733
17 0.060364 0.169043 0.111244 0.040733
17 0.060364 0.209776 0.111244 0.040733
17 0.060364 0.250509 0.111244 0.040733
17 0.060364 0.308554 0.111244 0.040733
17 0.060364 0.029532 0.111244 0.040733
17 0.060364 0.070265 0.111244 0.040733
17 0.060364 0.128310 0.111244 0.040733
17 0.060364 0.169043 0.111244 0.040733
17 0.060364 0.209776 0.111244 0.040733
17 0.060364 0.250509 0.111244 0.040733
17 0.060364 0.308554 0.111244 0.040733
17 0.060364 0.029532 0.111244 0.040733
17 0.060364 0.070265 0.111244 0.040733
17 0.060364 0.128310 0.111244 0.040733
17 0.060364 0.169043 0.111244 0.040733
17 0.060364 0.209776 0.111244 0.040733
17 0.060364 0.250509 0.111244 0.040733
17 0.060364 0.308554 0.111244 0.040733
17 0.060364 0.029532 0.111244 0.040733
17 0.060364 0.070265 0.111244 0.040733
17 0.060364 0.128310 0.111244 0.040733
17 0.060364 0.169043 0.111244 0.040733
17 0.060364 0.209776 0.111244 0.040733
17 0.060364 0.250509 0.111244 0.040733
17 0.060364 0.308554 0.111244 0.040733
17 0.060364 0.029532 0.111244 0.040733
17 0.060364 0.070265 0.111244 0.040733
17 0.060364 0.128310 0.111244 0.040733
17 0.060364 0.169043 0.111244 0.040733
17 0.060364 0.209776 0.111244 0.040733
17 0.060364 0.250509 0.111244 0.040733
17 0.060364 0.308554 0.111244 0.040733
17 0.060364 0.029532 0.111244 0.040733
17 0.060364 0.070265 0.111244 0.040733
17 0.060364 0.128310 0.111244 0.040733
17 0.060364 0.169043 0.111244 0.040733
17 0.060364 0.209776 0.111244 0.040733
17 0.060364 0.250509 0.111244 0.040733
17 0.060364 0.308554 0.111244 0.040733
