0 0.047363 0.032487 0.061113 0.032487
1 0.813698 0.032487 0.053998 0.040609
1 0.863901 0.032487 0.038004 0.040609
1 0.902738 0.032487 0.031266 0.040609
1 0.948944 0.032487 0.052743 0.040609
0 0.075552 0.478680 0.046063 0.017259
1 0.477153 0.484264 0.016807 0.006091
1 0.496061 0.484264 0.016807 0.006091
1 0.514968 0.484264 0.016807 0.006091
1 0.035714 0.288325 0.021008 0.040609
1 0.956408 0.288325 0.021008 0.040609
1 0.309554 0.263959 0.043494 0.040609
1 0.352026 0.263959 0.041451 0.040609
1 0.402455 0.263959 0.059406 0.040609
1 0.453855 0.263959 0.043395 0.040609
1 0.495716 0.263959 0.040326 0.040609
1 0.534647 0.263959 0.037536 0.040609
1 0.585896 0.263959 0.064962 0.040609
1 0.645397 0.263959 0.054039 0.040609
1 0.688362 0.263959 0.031890 0.040609
1 0.269170 0.328934 0.012605 0.024365
2 0.504464 0.328934 0.457983 0.035533
0 0.270085 0.389848 0.031242 0.032487
0 0.304835 0.389848 0.029855 0.032487
0 0.340742 0.389848 0.033556 0.032487
0 0.386403 0.389848 0.049362 0.032487
0 0.429569 0.389848 0.028567 0.032487
0 0.463637 0.389848 0.031168 0.032487
0 0.492721 0.389848 0.018596 0.032487
0 0.527770 0.389848 0.043100 0.032487
0 0.563263 0.389848 0.019482 0.032487
0 0.592117 0.389848 0.029822 0.032487
0 0.633871 0.389848 0.045283 0.032487
0 0.681797 0.389848 0.042165 0.032487
0 0.717773 0.389848 0.021386 0.032487
0 0.766684 0.389848 0.068031 0.032487
1 0.727153 0.389848 0.021008 0.040609
0 0.910550 0.478680 0.112723 0.017259
0 0.065631 0.692893 0.024644 0.019289
0 0.305701 0.692893 0.042599 0.019289
0 0.528788 0.692893 0.026589 0.019289
0 0.758346 0.692893 0.023520 0.019289
0 0.063674 0.808629 0.020729 0.019289
0 0.308479 0.808629 0.048155 0.019289
0 0.534110 0.808629 0.037232 0.019289
0 0.754128 0.808629 0.015083 0.019289
0 0.060173 0.029442 0.110893 0.040609
0 0.060173 0.070051 0.110893 0.040609
0 0.060173 0.127919 0.110893 0.040609
1 0.060173 0.168528 0.110893 0.040609
1 0.060173 0.209137 0.110893 0.040609
1 0.060173 0.249746 0.110893 0.040609
0 0.060173 0.307614 0.110893 0.040609
0 0.060173 0.029442 0.110893 0.040609
0 0.060173 0.070051 0.110893 0.040609
0 0.060173 0.127919 0.110893 0.040609
1 0.060173 0.168528 0.110893 0.040609
1 0.060173 0.209137 0.110893 0.040609
1 0.060173 0.249746 0.110893 0.040609
0 0.060173 0.307614 0.110893 0.040609
0 0.060173 0.029442 0.110893 0.040609
0 0.060173 0.070051 0.110893 0.040609
0 0.060173 0.127919 0.110893 0.040609
1 0.060173 0.168528 0.110893 0.040609
1 0.060173 0.209137 0.110893 0.040609
1 0.060173 0.249746 0.110893 0.040609
0 0.060173 0.307614 0.110893 0.040609
0 0.060173 0.029442 0.110893 0.040609
0 0.060173 0.070051 0.110893 0.040609
0 0.060173 0.127919 0.110893 0.040609
1 0.060173 0.168528 0.110893 0.040609
1 0.060173 0.209137 0.110893 0.040609
1 0.060173 0.249746 0.110893 0.040609
0 0.060173 0.307614 0.110893 0.040609
0 0.060173 0.029442 0.110893 0.040609
0 0.060173 0.070051 0.110893 0.040609
0 0.060173 0.127919 0.110893 0.040609
1 0.060173 0.168528 0.110893 0.040609
1 0.060173 0.209137 0.110893 0.040609
1 0.060173 0.249746 0.110893 0.040609
0 0.060173 0.307614 0.110893 0.040609
0 0.060173 0.029442 0.110893 0.040609
0 0.060173 0.070051 0.110893 0.040609
0 0.060173 0.127919 0.110893 0.040609
1 0.060173 0.168528 0.110893 0.040609
1 0.060173 0.209137 0.110893 0.040609
1 0.060173 0.249746 0.110893 0.040609
0 0.060173 0.307614 0.110893 0.040609
0 0.060173 0.029442 0.110893 0.040609
0 0.060173 0.070051 0.110893 0.040609
0 0.060173 0.127919 0.110893 0.040609
1 0.060173 0.168528 0.110893 0.040609
1 0.060173 0.209137 0.110893 0.040609
1 0.060173 0.249746 0.110893 0.040609
0 0.060173 0.307614 0.110893 0.040609
0 0.060173 0.029442 0.110893 0.040609
0 0.060173 0.070051 0.110893 0.040609
0 0.060173 0.127919 0.110893 0.040609
1 0.060173 0.168528 0.110893 0.040609
1 0.060173 0.209137 0.110893 0.040609
1 0.060173 0.249746 0.110893 0.040609
0 0.060173 0.307614 0.110893 0.040609
0 0.060173 0.029442 0.110893 0.040609
0 0.060173 0.070051 0.110893 0.040609
0 0.060173 0.127919 0.110893 0.040609
1 0.060173 0.168528 0.110893 0.040609
1 0.060173 0.209137 0.110893 0.040609
1 0.060173 0.249746 0.110893 0.040609
0 0.060173 0.307614 0.110893 0.040609
0 0.060173 0.029442 0.110893 0.040609
0 0.060173 0.070051 0.110893 0.040609
0 0.060173 0.127919 0.110893 0.040609
1 0.060173 0.168528 0.110893 0.040609
1 0.060173 0.209137 0.110893 0.040609
1 0.060173 0.249746 0.110893 0.040609
0 0.060173 0.307614 0.110893 0.040609
0 0.060173 0.029442 0.110893 0.040609
0 0.060173 0.070051 0.110893 0.040609
0 0.060173 0.127919 0.110893 0.040609
1 0.060173 0.168528 0.110893 0.040609
1 0.060173 0.209137 0.110893 0.040609
1 0.060173 0.249746 0.110893 0.040609
0 0.060173 0.307614 0.110893 0.040609
