1 0.068757 0.030550 0.092202 0.041847
10 0.068757 0.028975 0.092202 0.038697
0 0.912667 0.030550 0.055577 0.035642
1 0.964169 0.030550 0.038997 0.040733
1 0.041306 0.088086 0.057322 0.035642
17 0.084299 0.211144 0.168599 0.043470
1 0.257113 0.283056 0.143309 0.035021
1 0.257113 0.317059 0.143309 0.018728
1 0.370662 0.205750 0.050069 0.042865
1 0.420694 0.205750 0.041565 0.042865
1 0.457986 0.205750 0.024590 0.042865
1 0.506145 0.205750 0.063299 0.042865
1 0.567295 0.205750 0.050571 0.042865
1 0.619060 0.205750 0.044529 0.042865
18 0.365158 0.255696 0.039062 0.040733
1 0.700515 0.200659 0.054877 0.042865
1 0.773886 0.200659 0.083435 0.042865
1 0.841412 0.200659 0.043187 0.042865
1 0.890341 0.200659 0.046241 0.042865
1 0.935290 0.200659 0.035226 0.042865
1 0.714267 0.251671 0.082381 0.042865
0 0.779204 0.250605 0.039062 0.040733
17 0.084299 0.254614 0.168599 0.043470
1 0.257113 0.283056 0.143309 0.035021
1 0.257113 0.317059 0.143309 0.018728
1 0.363689 0.205750 0.036124 0.042865
1 0.402805 0.205750 0.033679 0.042865
1 0.476628 0.205750 0.105539 0.042865
1 0.548357 0.205750 0.029488 0.042865
1 0.588098 0.205750 0.041565 0.042865
1 0.696387 0.200659 0.046620 0.042865
1 0.748000 0.200659 0.048176 0.042865
1 0.792837 0.200659 0.033069 0.042865
1 0.837259 0.200659 0.047344 0.042865
1 0.881960 0.200659 0.033629 0.042865
1 0.718717 0.251671 0.091280 0.042865
0 0.788103 0.250605 0.039062 0.040733
17 0.084299 0.298084 0.168599 0.043470
1 0.257113 0.266667 0.143309 0.035021
1 0.364434 0.205750 0.037614 0.042865
1 0.415404 0.205750 0.055898 0.042865
1 0.462975 0.205750 0.030814 0.042865
1 0.503824 0.205750 0.042454 0.042865
1 0.556515 0.205750 0.054498 0.042865
1 0.701026 0.200659 0.055898 0.042865
1 0.774907 0.200659 0.083435 0.042865
1 0.842433 0.200659 0.043187 0.042865
1 0.910020 0.200659 0.083558 0.042865
1 0.696197 0.251671 0.046241 0.042865
1 0.776570 0.251671 0.106074 0.042865
0 0.853353 0.250605 0.039062 0.040733
17 0.084299 0.341554 0.168599 0.043470
1 0.257113 0.266667 0.143309 0.035021
1 0.364434 0.205750 0.037614 0.042865
1 0.415404 0.205750 0.055898 0.042865
1 0.462975 0.205750 0.030814 0.042865
1 0.503824 0.205750 0.042454 0.042865
1 0.556515 0.205750 0.054498 0.042865
1 0.692872 0.200659 0.039589 0.042865
1 0.744830 0.200659 0.055898 0.042865
1 0.795718 0.200659 0.037449 0.042865
1 0.838885 0.200659 0.040454 0.042865
1 0.885422 0.200659 0.044191 0.042865
1 0.929346 0.200659 0.035226 0.042865
0 0.692608 0.250605 0.039062 0.040733
17 0.084299 0.385024 0.168599 0.043470
1 0.584563 0.243357 0.798209 0.035021
1 0.102756 0.088086 0.057149 0.035642
17 0.084299 0.211144 0.168599 0.043470
1 0.257113 0.266667 0.143309 0.035021
1 0.374564 0.205750 0.057873 0.042865
1 0.431828 0.205750 0.048225 0.042865
1 0.477489 0.205750 0.034666 0.042865
1 0.528834 0.205750 0.059594 0.042865
1 0.595837 0.205750 0.065982 0.042865
1 0.365858 0.256762 0.040462 0.042865
18 0.409835 0.255696 0.039062 0.040733
1 0.699490 0.200659 0.052827 0.042865
1 0.747938 0.200659 0.035638 0.042865
1 0.825240 0.200659 0.110536 0.042865
1 0.737730 0.251671 0.129306 0.042865
1 0.846903 0.251671 0.080611 0.042865
1 0.909938 0.251671 0.037029 0.042865
0 0.952199 0.250605 0.039062 0.040733
17 0.084299 0.254614 0.168599 0.043470
1 0.257113 0.266667 0.143309 0.035021
1 0.372991 0.205750 0.054729 0.042865
1 0.434261 0.205750 0.059380 0.042865
1 0.498551 0.205750 0.060771 0.042865
1 0.550485 0.205750 0.034666 0.042865
1 0.604827 0.205750 0.065587 0.042865
1 0.373078 0.256762 0.054902 0.042865
18 0.424275 0.255696 0.039062 0.040733
1 0.699490 0.200659 0.052827 0.042865
1 0.747938 0.200659 0.035638 0.042865
1 0.825240 0.200659 0.110536 0.042865
1 0.737730 0.251671 0.129306 0.042865
1 0.846903 0.251671 0.080611 0.042865
1 0.909938 0.251671 0.037029 0.042865
0 0.952199 0.250605 0.039062 0.040733
17 0.084299 0.298084 0.168599 0.043470
1 0.257113 0.266667 0.143309 0.035021
1 0.362960 0.205750 0.034666 0.042865
1 0.414305 0.205750 0.059594 0.042865
1 0.479806 0.205750 0.062977 0.042865
1 0.528830 0.205750 0.026640 0.042865
1 0.567349 0.205750 0.041969 0.042865
1 0.623510 0.205750 0.061924 0.042865
18 0.365158 0.255696 0.039062 0.040733
1 0.704566 0.200659 0.062977 0.042865
1 0.760710 0.200659 0.040882 0.042865
1 0.800275 0.200659 0.029818 0.042865
1 0.835691 0.200659 0.032584 0.042865
1 0.871201 0.200659 0.030007 0.042865
1 0.911074 0.200659 0.041310 0.042865
17 0.084299 0.341554 0.168599 0.043470
1 0.257113 0.266667 0.143309 0.035021
1 0.374564 0.205750 0.057873 0.042865
1 0.431828 0.205750 0.048225 0.042865
1 0.493147 0.205750 0.065982 0.042865
1 0.563797 0.205750 0.066888 0.042865
1 0.621686 0.205750 0.040462 0.042865
1 0.372880 0.256762 0.054506 0.042865
18 0.423880 0.255696 0.039062 0.040733
1 0.691736 0.200659 0.037317 0.042865
1 0.733618 0.200659 0.038017 0.042865
1 0.776949 0.200659 0.040215 0.042865
1 0.825939 0.200659 0.049336 0.042865
1 0.871386 0.200659 0.033127 0.042865
1 0.912395 0.200659 0.040462 0.042865
17 0.084299 0.385024 0.168599 0.043470
1 0.257113 0.266667 0.143309 0.035021
1 0.373646 0.205750 0.056038 0.042865
1 0.442867 0.205750 0.073976 0.042865
1 0.516876 0.205750 0.065612 0.042865
1 0.581393 0.205750 0.054992 0.042865
1 0.368834 0.256762 0.046414 0.042865
1 0.429967 0.256762 0.067423 0.042865
18 0.487425 0.255696 0.039062 0.040733
1 0.697128 0.200659 0.048102 0.042865
1 0.754013 0.200659 0.057240 0.042865
1 0.810961 0.200659 0.048225 0.042865
1 0.867455 0.200659 0.056334 0.042865
1 0.930383 0.200659 0.061092 0.042865
1 0.698877 0.251671 0.051600 0.042865
17 0.084299 0.428494 0.168599 0.043470
1 0.257113 0.266667 0.143309 0.035021
1 0.371427 0.205750 0.051600 0.042865
1 0.435248 0.205750 0.067612 0.042865
1 0.493105 0.205750 0.039672 0.042865
1 0.543907 0.205750 0.053502 0.042865
1 0.602369 0.205750 0.054992 0.042865
1 0.382615 0.256762 0.073976 0.042865
18 0.443349 0.255696 0.039062 0.040733
1 0.706883 0.200659 0.067612 0.042865
1 0.769017 0.200659 0.048225 0.042865
1 0.829706 0.200659 0.064723 0.042865
1 0.900722 0.200659 0.068880 0.042865
1 0.703598 0.251671 0.061043 0.042865
1 0.768403 0.251671 0.060137 0.042865
17 0.084299 0.471964 0.168599 0.043470
1 0.257113 0.266667 0.143309 0.035021
1 0.365422 0.200659 0.039589 0.042865
1 0.410630 0.200659 0.042397 0.042865
1 0.481831 0.200659 0.091577 0.042865
1 0.548645 0.200659 0.033621 0.042865
1 0.585670 0.200659 0.031999 0.042865
1 0.621929 0.200659 0.032090 0.042865
17 0.084299 0.515434 0.168599 0.043470
1 0.257113 0.266667 0.143309 0.035021
1 0.386126 0.205750 0.080998 0.042865
1 0.458698 0.205750 0.055717 0.042865
1 0.707348 0.200659 0.068543 0.042865
1 0.775039 0.200659 0.058409 0.042865
1 0.843161 0.200659 0.069407 0.042865
1 0.910802 0.200659 0.057445 0.042865
1 0.708287 0.251671 0.070420 0.042865
1 0.781900 0.251671 0.068378 0.042865
1 0.159798 0.088086 0.048505 0.035642
17 0.202985 0.149026 0.134879 0.043470
17 0.202985 0.192496 0.134879 0.043470
1 0.221162 0.088086 0.065793 0.035642
17 0.084299 0.218273 0.168599 0.057727
1 0.584563 0.243357 0.798209 0.035021
17 0.084299 0.275999 0.168599 0.057727
1 0.584563 0.243357 0.798209 0.035021
17 0.084299 0.333726 0.168599 0.057727
1 0.584563 0.243357 0.798209 0.035021
1 0.301839 0.088086 0.087131 0.035642
17 0.084299 0.211144 0.168599 0.043470
1 0.584563 0.243357 0.798209 0.035021
1 0.584563 0.277360 0.798209 0.018728
1 0.584563 0.303216 0.798209 0.018728
17 0.084299 0.254614 0.168599 0.043470
1 0.584563 0.243357 0.798209 0.035021
1 0.584563 0.277360 0.798209 0.018728
1 0.584563 0.303216 0.798209 0.018728
17 0.084299 0.298084 0.168599 0.043470
1 0.584563 0.243357 0.798209 0.035021
1 0.584563 0.277360 0.798209 0.018728
17 0.084299 0.341554 0.168599 0.043470
1 0.584563 0.243357 0.798209 0.035021
1 0.385719 0.088086 0.072198 0.035642
1 0.880355 0.088086 0.063480 0.035642
17 0.084299 0.218273 0.168599 0.057727
1 0.584563 0.243357 0.798209 0.035021
1 0.584563 0.277360 0.798209 0.018728
17 0.084299 0.275999 0.168599 0.057727
1 0.584563 0.243357 0.798209 0.035021
17 0.084299 0.333726 0.168599 0.057727
1 0.584563 0.243357 0.798209 0.035021
17 0.084299 0.393998 0.168599 0.062818
10 0.234194 0.158859 0.097471 0.022403
1 0.584563 0.250485 0.798209 0.035021
1 0.936026 0.088086 0.039433 0.035642
1 0.971812 0.088086 0.023709 0.045825
18 0.285564 0.336144 0.018440 0.060081
2 0.409452 0.336144 0.229337 0.033605
0 0.596228 0.337163 0.144214 0.035642
0 0.593857 0.400299 0.113129 0.035642
4 0.590432 0.400299 0.106280 0.035642
0 0.593857 0.457326 0.113129 0.035642
4 0.558281 0.457326 0.041977 0.035642
0 0.597809 0.492967 0.105226 0.035642
4 0.568995 0.492967 0.047599 0.035642
0 0.597809 0.528609 0.105226 0.035642
4 0.568892 0.528609 0.047394 0.035642
0 0.593857 0.585635 0.113129 0.035642
4 0.556050 0.585635 0.037515 0.035642
0 0.597809 0.621277 0.105226 0.035642
4 0.568995 0.621277 0.047599 0.035642
0 0.597809 0.656918 0.105226 0.035642
4 0.568892 0.656918 0.047394 0.035642
18 0.700211 0.335126 0.064805 0.045825
1 0.356350 0.444087 0.027817 0.017312
1 0.428337 0.444087 0.027644 0.017312
1 0.495917 0.444087 0.019000 0.017312
1 0.559388 0.444087 0.019428 0.017312
1 0.631504 0.444087 0.036288 0.017312
10 0.020811 0.636138 0.041623 0.323829
10 0.496048 0.636138 0.896207 0.323829
1 0.496048 0.736905 0.089568 0.040829
10 0.975237 0.636138 0.049526 0.323829
0 0.013172 0.636647 0.015806 0.030550
0 0.978925 0.636647 0.015806 0.030550
0 0.487619 0.781361 0.004215 0.008147
0 0.496048 0.781361 0.004215 0.008147
0 0.504478 0.781361 0.004215 0.008147
1 0.165347 0.904627 0.330693 0.190746
1 0.496044 0.904627 0.330702 0.190746
1 0.826746 0.904627 0.330702 0.190746
