1 0.651265 0.025458 0.067003 0.026477
1 0.199684 0.091642 0.039515 0.031680
17 0.439196 0.091650 0.378754 0.048880
17 0.281271 0.091650 0.062903 0.048880
17 0.281271 0.091650 0.062903 0.048880
17 0.272577 0.091650 0.039194 0.026063
17 0.272577 0.091650 0.039194 0.026063
17 0.272577 0.091650 0.039194 0.026063
17 0.307454 0.091650 0.009484 0.018330
17 0.319967 0.214868 0.108683 0.034623
1 0.319967 0.214868 0.108683 0.034623
17 0.319967 0.249491 0.108683 0.034623
1 0.319967 0.249491 0.108683 0.034623
17 0.319967 0.284114 0.108683 0.034623
1 0.319967 0.284114 0.108683 0.034623
17 0.319967 0.318737 0.108683 0.034623
1 0.323918 0.318737 0.108683 0.034623
17 0.323918 0.353360 0.108683 0.034623
1 0.323918 0.353360 0.108683 0.034623
17 0.443139 0.214868 0.108683 0.034623
1 0.443139 0.214868 0.108683 0.034623
17 0.443139 0.249491 0.108683 0.034623
1 0.443139 0.249491 0.108683 0.034623
17 0.443139 0.284114 0.108683 0.034623
1 0.443139 0.284114 0.108683 0.034623
17 0.443139 0.318737 0.108683 0.034623
1 0.443139 0.318737 0.108683 0.034623
17 0.443139 0.353360 0.108683 0.034623
1 0.443139 0.353360 0.108683 0.034623
17 0.443139 0.387984 0.108683 0.034623
1 0.443139 0.387984 0.108683 0.034623
17 0.443139 0.422607 0.108683 0.034623
1 0.443139 0.422607 0.108683 0.034623
17 0.562360 0.214868 0.108683 0.034623
1 0.562360 0.214868 0.108683 0.034623
17 0.562360 0.249491 0.108683 0.034623
1 0.562360 0.249491 0.108683 0.034623
17 0.562360 0.284114 0.108683 0.034623
1 0.562360 0.284114 0.108683 0.034623
17 0.562360 0.318737 0.108683 0.034623
1 0.562360 0.318737 0.108683 0.034623
17 0.562360 0.353360 0.108683 0.034623
1 0.562360 0.353360 0.108683 0.034623
17 0.345541 0.091650 0.057733 0.048880
17 0.345541 0.091650 0.057733 0.048880
17 0.336847 0.091650 0.034024 0.026063
17 0.336847 0.091650 0.034024 0.026063
17 0.336847 0.091650 0.034024 0.026063
17 0.369139 0.091650 0.009484 0.018330
17 0.375325 0.149488 0.101497 0.036246
17 0.375325 0.149488 0.101497 0.036246
17 0.360581 0.149488 0.061471 0.026063
17 0.360581 0.149488 0.061471 0.026063
17 0.360581 0.149488 0.061471 0.026063
17 0.375325 0.185734 0.101497 0.036246
17 0.375325 0.185734 0.101497 0.036246
17 0.359371 0.185734 0.059051 0.026063
17 0.359371 0.185734 0.059051 0.026063
17 0.359371 0.185734 0.059051 0.026063
17 0.375325 0.221980 0.101497 0.036246
17 0.375325 0.221980 0.101497 0.036246
17 0.354547 0.221980 0.049402 0.026063
17 0.354547 0.221980 0.049402 0.026063
17 0.354547 0.221980 0.049402 0.026063
17 0.375325 0.258226 0.101497 0.036246
17 0.375325 0.258226 0.101497 0.036246
17 0.344779 0.258226 0.029867 0.026063
17 0.344779 0.258226 0.029867 0.026063
17 0.344779 0.258226 0.029867 0.026063
17 0.375325 0.294472 0.101497 0.036246
17 0.375325 0.294472 0.101497 0.036246
17 0.350686 0.294472 0.041680 0.026063
17 0.350686 0.294472 0.041680 0.026063
17 0.350686 0.294472 0.041680 0.026063
17 0.375325 0.330719 0.101497 0.036246
17 0.375325 0.330719 0.101497 0.036246
17 0.361622 0.330719 0.063554 0.026063
17 0.361622 0.330719 0.063554 0.026063
17 0.361622 0.330719 0.063554 0.026063
17 0.375325 0.366965 0.101497 0.036246
17 0.375325 0.366965 0.101497 0.036246
17 0.375325 0.366965 0.090959 0.026063
17 0.375325 0.366965 0.090959 0.026063
17 0.375325 0.366965 0.090959 0.026063
17 0.393819 0.091650 0.038824 0.046429
17 0.393819 0.091650 0.038824 0.046429
17 0.393819 0.091650 0.032501 0.026063
17 0.393819 0.091650 0.032501 0.026063
17 0.392502 0.091650 0.029867 0.026063
17 0.447860 0.091650 0.069259 0.048880
17 0.447860 0.091650 0.069259 0.048880
17 0.439167 0.091650 0.045550 0.026063
17 0.439167 0.091650 0.045550 0.026063
17 0.439167 0.091650 0.045550 0.026063
17 0.477221 0.091650 0.009484 0.018330
17 0.354073 0.219959 0.163033 0.034623
1 0.354073 0.219959 0.163033 0.034623
17 0.354073 0.254582 0.163033 0.034623
1 0.354073 0.254582 0.163033 0.034623
17 0.354073 0.289206 0.163033 0.034623
1 0.354073 0.289206 0.163033 0.034623
17 0.354073 0.323829 0.163033 0.034623
1 0.354073 0.323829 0.163033 0.034623
17 0.354073 0.358452 0.163033 0.034623
1 0.354073 0.358452 0.163033 0.034623
17 0.354073 0.393075 0.163033 0.034623
1 0.354073 0.393075 0.163033 0.034623
17 0.354073 0.427699 0.163033 0.034623
1 0.354073 0.427699 0.163033 0.034623
17 0.532913 0.219959 0.163033 0.034623
1 0.532913 0.219959 0.163033 0.034623
17 0.532913 0.254582 0.163033 0.034623
1 0.532913 0.254582 0.163033 0.034623
17 0.532913 0.289206 0.163033 0.034623
1 0.532913 0.289206 0.163033 0.034623
17 0.532913 0.323829 0.163033 0.034623
1 0.532913 0.323829 0.163033 0.034623
17 0.532913 0.358452 0.163033 0.034623
1 0.532913 0.358452 0.163033 0.034623
1 0.495052 0.428208 0.087312 0.019348
17 0.520424 0.091650 0.075869 0.048880
17 0.520424 0.091650 0.075869 0.048880
17 0.511731 0.091650 0.052160 0.026063
17 0.511731 0.091650 0.052160 0.026063
17 0.511731 0.091650 0.052160 0.026063
17 0.553090 0.091650 0.009484 0.018330
17 0.552271 0.149488 0.123757 0.036246
17 0.552271 0.149488 0.123757 0.036246
17 0.552271 0.149488 0.113220 0.026063
17 0.552271 0.149488 0.113220 0.026063
17 0.552271 0.149488 0.113220 0.026063
17 0.552271 0.185734 0.123757 0.036246
17 0.552271 0.185734 0.123757 0.036246
17 0.543730 0.185734 0.096137 0.026063
17 0.543730 0.185734 0.096137 0.026063
17 0.543730 0.185734 0.096137 0.026063
17 0.552271 0.221980 0.123757 0.036246
17 0.552271 0.221980 0.123757 0.036246
17 0.549353 0.221980 0.107383 0.026063
17 0.549353 0.221980 0.107383 0.026063
17 0.549353 0.221980 0.107383 0.026063
17 0.552271 0.258226 0.123757 0.036246
17 0.552271 0.258226 0.123757 0.036246
17 0.531221 0.258226 0.071119 0.026063
17 0.531221 0.258226 0.071119 0.026063
17 0.531221 0.258226 0.071119 0.026063
17 0.552271 0.294472 0.123757 0.036246
17 0.552271 0.294472 0.123757 0.036246
17 0.528821 0.294472 0.066320 0.026063
17 0.528821 0.294472 0.066320 0.026063
17 0.528821 0.294472 0.066320 0.026063
17 0.595442 0.091650 0.074165 0.048880
17 0.595442 0.091650 0.074165 0.048880
17 0.586748 0.091650 0.050456 0.026063
17 0.586748 0.091650 0.050456 0.026063
17 0.586748 0.091650 0.050456 0.026063
17 0.627256 0.091650 0.009484 0.018330
17 0.615393 0.149488 0.098261 0.036246
17 0.615393 0.149488 0.098261 0.036246
17 0.605181 0.149488 0.067299 0.026063
17 0.605181 0.149488 0.067299 0.026063
17 0.605181 0.149488 0.067299 0.026063
17 0.615393 0.185734 0.098261 0.036246
17 0.615393 0.185734 0.098261 0.036246
17 0.615393 0.185734 0.087724 0.026063
17 0.615393 0.185734 0.087724 0.026063
17 0.615393 0.185734 0.087724 0.026063
17 0.615393 0.221980 0.098261 0.036246
17 0.615393 0.221980 0.098261 0.036246
17 0.588782 0.221980 0.034502 0.026063
17 0.588782 0.221980 0.034502 0.026063
17 0.588782 0.221980 0.034502 0.026063
17 0.615393 0.258226 0.098261 0.036246
17 0.615393 0.258226 0.098261 0.036246
17 0.594639 0.258226 0.046216 0.026063
17 0.594639 0.258226 0.046216 0.026063
17 0.594639 0.258226 0.046216 0.026063
17 0.615393 0.294472 0.098261 0.036246
17 0.615393 0.294472 0.098261 0.036246
17 0.580928 0.294472 0.018794 0.026063
17 0.580928 0.294472 0.018794 0.026063
17 0.580928 0.294472 0.018794 0.026063
17 0.615393 0.330719 0.098261 0.036246
17 0.615393 0.330719 0.098261 0.036246
17 0.585765 0.330719 0.028467 0.026063
17 0.585765 0.330719 0.028467 0.026063
17 0.585765 0.330719 0.028467 0.026063
0 0.691237 0.091650 0.065101 0.044807
0 0.701775 0.091650 0.086176 0.044807
0 0.701775 0.091650 0.086176 0.044807
0 0.701775 0.091650 0.067209 0.016293
0 0.701775 0.091650 0.067209 0.016293
0 0.785144 0.091650 0.061957 0.044807
0 0.785144 0.091650 0.061957 0.044807
0 0.785144 0.091650 0.061957 0.044807
0 0.785144 0.091650 0.040882 0.016293
0 0.785144 0.091650 0.040882 0.016293
0 0.219553 0.450913 0.071350 0.044807
1 0.285761 0.450611 0.044208 0.019348
1 0.642255 0.362525 0.316122 0.407332
10 0.642255 0.362525 0.316122 0.407332
10 0.394626 0.643600 0.042150 0.093718
10 0.447313 0.643600 0.042150 0.093718
10 0.500000 0.643600 0.042150 0.093718
10 0.552687 0.643600 0.042150 0.093718
10 0.605374 0.643600 0.042150 0.093718
17 0.237005 0.798227 0.098879 0.046429
10 0.204689 0.798227 0.013172 0.025458
17 0.321346 0.798227 0.069802 0.046429
10 0.303568 0.798227 0.013172 0.025458
17 0.401306 0.798227 0.090120 0.046429
10 0.373370 0.798220 0.013172 0.021528
17 0.496361 0.798227 0.099990 0.046429
10 0.463490 0.798227 0.013172 0.025458
17 0.586057 0.798227 0.079401 0.046429
10 0.563480 0.798227 0.013172 0.025458
17 0.671146 0.798227 0.090778 0.046429
10 0.642881 0.798227 0.013172 0.025458
17 0.763695 0.798227 0.094318 0.046429
10 0.733659 0.798227 0.013172 0.025458
10 0.738553 0.917340 0.111886 0.122550
10 0.738553 0.917340 0.111886 0.122550
1 0.252713 0.954843 0.044924 0.019348
10 0.738557 0.908000 0.087460 0.103870
10 0.738553 0.917340 0.111886 0.122550
10 0.738553 0.917340 0.111886 0.122550
10 0.738553 0.917340 0.111886 0.122550
10 0.738553 0.917340 0.111886 0.122550
1 0.084299 0.786151 0.147524 0.386965
10 0.084299 0.786151 0.147524 0.386965
20 0.149631 0.608961 0.016860 0.032587
0 0.500000 0.574640 0.284510 0.102851
2 0.500000 0.532889 0.284510 0.043788
0 0.500000 0.605699 0.289779 0.040733
0 0.500000 0.605699 0.069152 0.040733
0 0.500000 0.605699 0.043862 0.015275
0 0.500000 0.605699 0.043862 0.015275
20 0.649631 0.359677 0.016860 0.032587
