1 0.615973 0.041624 0.051110 0.022335
1 0.615973 0.041624 0.051110 0.022335
1 0.615973 0.041624 0.051110 0.022335
1 0.980567 0.022335 0.010504 0.020305
1 0.980567 0.022335 0.010504 0.020305
1 0.980567 0.022335 0.010504 0.020305
1 0.980567 0.022335 0.010504 0.020305
0 0.191439 0.150254 0.042017 0.024365
1 0.277775 0.150254 0.097041 0.020305
1 0.364192 0.150254 0.050584 0.020305
0 0.464015 0.150254 0.123851 0.020305
1 0.750574 0.150254 0.052685 0.036548
1 0.807707 0.150254 0.048976 0.048731
1 0.807707 0.150254 0.023766 0.020305
1 0.807707 0.150254 0.023766 0.020305
2 0.424476 0.486294 0.234982 0.022335
1 0.624056 0.486294 0.138967 0.060914
1 0.576451 0.486294 0.043757 0.024365
1 0.576451 0.486294 0.043757 0.024365
1 0.576451 0.486294 0.043757 0.024365
1 0.576451 0.486294 0.043757 0.024365
1 0.560875 0.486294 0.012605 0.024365
1 0.652237 0.486294 0.082606 0.060914
1 0.652237 0.486294 0.082606 0.060914
1 0.652237 0.486294 0.048992 0.026396
1 0.652237 0.486294 0.048992 0.026396
0 0.416024 0.559898 0.043346 0.029442
0 0.453228 0.559391 0.022658 0.028426
0 0.481774 0.559391 0.026031 0.028426
0 0.514554 0.559391 0.031127 0.028426
0 0.551081 0.559391 0.033523 0.028426
0 0.584903 0.559391 0.025719 0.028426
1 0.462447 0.780711 0.023109 0.048731
1 0.462447 0.780711 0.010504 0.024365
1 0.462447 0.780711 0.010504 0.024365
1 0.462447 0.780711 0.010504 0.020305
0 0.200499 0.912690 0.072742 0.174619
0 0.279543 0.912690 0.072742 0.174619
0 0.358587 0.912690 0.072742 0.174619
0 0.437631 0.912690 0.072742 0.174619
0 0.554491 0.912690 0.072742 0.174619
0 0.633535 0.912690 0.072742 0.174619
0 0.712579 0.912690 0.072742 0.174619
0 0.791623 0.912690 0.072742 0.174619
0 0.063038 0.944670 0.015699 0.018274
1 0.249975 0.945178 0.045053 0.036548
1 0.249975 0.945178 0.028246 0.018274
1 0.249975 0.945178 0.028246 0.018274
1 0.951660 0.953299 0.070419 0.044670
1 0.932207 0.953299 0.010504 0.020305
1 0.959013 0.953299 0.034705 0.020305
