0 0.180147 0.054822 0.078256 0.045685
5 0.433561 0.040609 0.202731 0.013198
2 0.433561 0.054822 0.202731 0.065990
1 0.553309 0.054822 0.036765 0.065990
1 0.686712 0.054822 0.095588 0.050761
1 0.697475 0.054822 0.016257 0.013198
1 0.803309 0.054822 0.095588 0.050761
1 0.814076 0.054822 0.023881 0.013198
0 0.170706 0.131980 0.080382 0.044670
0 0.246709 0.131980 0.071626 0.044670
0 0.319804 0.131980 0.074563 0.044670
0 0.395200 0.131980 0.076229 0.044670
0 0.470162 0.131980 0.073694 0.044670
0 0.773721 0.131980 0.050527 0.044670
0 0.830296 0.131980 0.062623 0.044670
0 0.496061 0.388079 0.735294 0.467529
0 0.207429 0.666006 0.095006 0.025381
0 0.181169 0.722351 0.042485 0.020305
0 0.333385 0.722351 0.039259 0.020305
0 0.184706 0.773112 0.049558 0.020305
0 0.333205 0.773112 0.039621 0.020305
0 0.192933 0.823874 0.066012 0.020305
0 0.334181 0.823874 0.037667 0.020305
0 0.187135 0.874635 0.054417 0.020305
0 0.334181 0.874635 0.037667 0.020305
0 0.183274 0.925397 0.046694 0.020305
0 0.331120 0.925397 0.043789 0.020305
0 0.187389 0.976158 0.054925 0.020305
0 0.333385 0.976158 0.039259 0.020305
0 0.451582 0.666006 0.104123 0.025381
0 0.419709 0.722351 0.040376 0.020305
0 0.580895 0.722351 0.023429 0.020305
0 0.423184 0.773112 0.047326 0.020305
0 0.580895 0.773112 0.023429 0.020305
0 0.417448 0.823874 0.035854 0.020305
0 0.580895 0.823874 0.023429 0.020305
0 0.427250 0.874635 0.055459 0.020305
0 0.580895 0.874635 0.023429 0.020305
0 0.439141 0.925397 0.079241 0.020305
0 0.580895 0.925397 0.023429 0.020305
0 0.430566 0.976158 0.062090 0.020305
0 0.580895 0.976158 0.023429 0.020305
0 0.672811 0.666006 0.067407 0.025381
0 0.662351 0.722351 0.046489 0.020305
0 0.813362 0.722351 0.037667 0.020305
0 0.660045 0.773112 0.041877 0.020305
0 0.813362 0.773112 0.037667 0.020305
0 0.660501 0.823874 0.042788 0.020305
0 0.813362 0.823874 0.037667 0.020305
0 0.661153 0.874635 0.044093 0.020305
0 0.813362 0.874635 0.037667 0.020305
0 0.662380 0.925397 0.046547 0.020305
0 0.813362 0.925397 0.037667 0.020305
0 0.663771 0.976158 0.049329 0.020305
0 0.813362 0.976158 0.037667 0.020305
