1 0.051370 0.044807 0.077450 0.030550
1 0.128569 0.044807 0.026368 0.024440
17 0.181470 0.044807 0.045714 0.024440
17 0.198004 0.044807 0.012645 0.024440
17 0.241936 0.044807 0.041499 0.024440
17 0.256364 0.044807 0.012645 0.024440
17 0.301716 0.044807 0.044339 0.024440
17 0.317563 0.044807 0.012645 0.024440
1 0.375107 0.044807 0.068724 0.024440
1 0.873032 0.044807 0.047682 0.024440
10 0.857622 0.044807 0.016860 0.020367
19 0.946593 0.044807 0.065719 0.048880
0 0.946593 0.044807 0.048859 0.024440
0 0.255351 0.457739 0.277298 0.048880
0 0.176987 0.457739 0.120571 0.048880
0 0.176987 0.457739 0.069991 0.024440
10 0.636361 0.385438 0.400421 0.518330
10 0.295838 0.948574 0.358272 0.102851
1 0.043138 0.883910 0.048340 0.020367
0 0.119789 0.947047 0.201643 0.040733
0 0.045562 0.947047 0.053189 0.040733
0 0.045562 0.947047 0.036329 0.024440
0 0.109708 0.947047 0.049814 0.040733
0 0.109708 0.947047 0.032954 0.024440
0 0.183935 0.947047 0.073350 0.040733
0 0.183935 0.947047 0.056490 0.024440
0 0.947873 0.967413 0.071589 0.048880
0 0.947873 0.967413 0.067374 0.040733
0 0.924723 0.967413 0.012645 0.024440
0 0.954195 0.967413 0.037869 0.018330
