0 0.654728 0.025381 0.066792 0.026396
0 0.204569 0.091363 0.039391 0.031583
8 0.443327 0.091371 0.377560 0.048731
11 0.285899 0.091371 0.062705 0.048731
1 0.285899 0.091371 0.062705 0.048731
0 0.277233 0.091371 0.039071 0.025984
11 0.277233 0.091371 0.039071 0.025984
11 0.277233 0.091371 0.039071 0.025984
8 0.311999 0.091371 0.009454 0.018274
8 0.324473 0.288325 0.108341 0.182741
11 0.324473 0.214213 0.108341 0.034518
0 0.324473 0.214213 0.108341 0.034518
11 0.324473 0.248731 0.108341 0.034518
0 0.324473 0.248731 0.108341 0.034518
11 0.324473 0.283249 0.108341 0.034518
0 0.324473 0.283249 0.108341 0.034518
11 0.324473 0.317766 0.108341 0.034518
0 0.324473 0.317766 0.108341 0.034518
11 0.324473 0.352284 0.108341 0.034518
0 0.324473 0.352284 0.108341 0.034518
8 0.443318 0.322843 0.108341 0.251777
11 0.443318 0.214213 0.108341 0.034518
0 0.443318 0.214213 0.108341 0.034518
11 0.443318 0.248731 0.108341 0.034518
0 0.443318 0.248731 0.108341 0.034518
11 0.443318 0.283249 0.108341 0.034518
0 0.443318 0.283249 0.108341 0.034518
11 0.443318 0.317766 0.108341 0.034518
0 0.443318 0.317766 0.108341 0.034518
11 0.443318 0.352284 0.108341 0.034518
0 0.443318 0.352284 0.108341 0.034518
11 0.443318 0.386802 0.108341 0.034518
0 0.443318 0.386802 0.108341 0.034518
11 0.443318 0.421320 0.108341 0.034518
0 0.443318 0.421320 0.108341 0.034518
8 0.562164 0.273096 0.108341 0.213198
11 0.562164 0.214213 0.108341 0.034518
0 0.562164 0.214213 0.108341 0.034518
11 0.562164 0.248731 0.108341 0.034518
0 0.562164 0.248731 0.108341 0.034518
11 0.562164 0.283249 0.108341 0.034518
0 0.562164 0.283249 0.108341 0.034518
11 0.562164 0.317766 0.108341 0.034518
0 0.562164 0.317766 0.108341 0.034518
11 0.562164 0.352284 0.108341 0.034518
0 0.562164 0.352284 0.108341 0.034518
11 0.346027 0.091371 0.057552 0.048731
1 0.346027 0.091371 0.057552 0.048731
0 0.337361 0.091371 0.033917 0.025984
11 0.337361 0.091371 0.033917 0.025984
11 0.337361 0.091371 0.033917 0.025984
8 0.369551 0.091371 0.009454 0.018274
11 0.375718 0.149032 0.101177 0.036136
11 0.375718 0.149032 0.101177 0.036136
0 0.361020 0.149032 0.061277 0.025984
11 0.361020 0.149032 0.061277 0.025984
11 0.361020 0.149032 0.061277 0.025984
11 0.375718 0.185168 0.101177 0.036136
11 0.375718 0.185168 0.101177 0.036136
0 0.359814 0.185168 0.058865 0.025984
11 0.359814 0.185168 0.058865 0.025984
11 0.359814 0.185168 0.058865 0.025984
11 0.375718 0.221304 0.101177 0.036136
11 0.375718 0.221304 0.101177 0.036136
0 0.355005 0.221304 0.049247 0.025984
11 0.355005 0.221304 0.049247 0.025984
11 0.355005 0.221304 0.049247 0.025984
11 0.375718 0.257440 0.101177 0.036136
11 0.375718 0.257440 0.101177 0.036136
0 0.345268 0.257440 0.029773 0.025984
11 0.345268 0.257440 0.029773 0.025984
11 0.345268 0.257440 0.029773 0.025984
11 0.375718 0.293576 0.101177 0.036136
11 0.375718 0.293576 0.101177 0.036136
0 0.351156 0.293576 0.041549 0.025984
11 0.351156 0.293576 0.041549 0.025984
11 0.351156 0.293576 0.041549 0.025984
11 0.375718 0.329711 0.101177 0.036136
11 0.375718 0.329711 0.101177 0.036136
0 0.362058 0.329711 0.063353 0.025984
11 0.362058 0.329711 0.063353 0.025984
11 0.362058 0.329711 0.063353 0.025984
11 0.375718 0.365847 0.101177 0.036136
11 0.375718 0.365847 0.101177 0.036136
0 0.375718 0.365847 0.090673 0.025984
11 0.375718 0.365847 0.090673 0.025984
11 0.375718 0.365847 0.090673 0.025984
11 0.394154 0.091371 0.038701 0.046288
11 0.394154 0.091371 0.038701 0.046288
0 0.394154 0.091371 0.032399 0.025984
11 0.394154 0.091371 0.032399 0.025984
11 0.392841 0.091371 0.029773 0.025984
11 0.448025 0.091371 0.069041 0.048731
1 0.448025 0.091371 0.069041 0.048731
0 0.439359 0.091371 0.045406 0.025984
11 0.439359 0.091371 0.045406 0.025984
11 0.439359 0.091371 0.045406 0.025984
8 0.477293 0.091371 0.009454 0.018274
8 0.354533 0.327919 0.162520 0.251777
11 0.354533 0.219289 0.162520 0.034518
0 0.354533 0.219289 0.162520 0.034518
11 0.354533 0.253807 0.162520 0.034518
0 0.354533 0.253807 0.162520 0.034518
11 0.354533 0.288325 0.162520 0.034518
0 0.354533 0.288325 0.162520 0.034518
11 0.354533 0.322843 0.162520 0.034518
0 0.354533 0.322843 0.162520 0.034518
11 0.354533 0.357360 0.162520 0.034518
0 0.354533 0.357360 0.162520 0.034518
11 0.354533 0.391878 0.162520 0.034518
0 0.354533 0.391878 0.162520 0.034518
11 0.354533 0.426396 0.162520 0.034518
0 0.354533 0.426396 0.162520 0.034518
8 0.532809 0.293401 0.162520 0.182741
11 0.532809 0.219289 0.162520 0.034518
0 0.532809 0.219289 0.162520 0.034518
11 0.532809 0.253807 0.162520 0.034518
0 0.532809 0.253807 0.162520 0.034518
11 0.532809 0.288325 0.162520 0.034518
0 0.532809 0.288325 0.162520 0.034518
11 0.532809 0.322843 0.162520 0.034518
0 0.532809 0.322843 0.162520 0.034518
11 0.532809 0.357360 0.162520 0.034518
0 0.532809 0.357360 0.162520 0.034518
0 0.495068 0.426904 0.087037 0.019289
11 0.520360 0.091371 0.075630 0.048731
1 0.520360 0.091371 0.075630 0.048731
0 0.511694 0.091371 0.051996 0.025984
11 0.511694 0.091371 0.051996 0.025984
11 0.511694 0.091371 0.051996 0.025984
8 0.552923 0.091371 0.009454 0.018274
11 0.552107 0.149032 0.123367 0.036136
11 0.552107 0.149032 0.123367 0.036136
0 0.552107 0.149032 0.112863 0.025984
11 0.552107 0.149032 0.112863 0.025984
11 0.552107 0.149032 0.112863 0.025984
11 0.552107 0.185168 0.123367 0.036136
11 0.552107 0.185168 0.123367 0.036136
0 0.543592 0.185168 0.095834 0.025984
11 0.543592 0.185168 0.095834 0.025984
11 0.543592 0.185168 0.095834 0.025984
11 0.552107 0.221304 0.123367 0.036136
11 0.552107 0.221304 0.123367 0.036136
0 0.549197 0.221304 0.107044 0.025984
11 0.549197 0.221304 0.107044 0.025984
11 0.549197 0.221304 0.107044 0.025984
11 0.552107 0.257440 0.123367 0.036136
11 0.552107 0.257440 0.123367 0.036136
0 0.531123 0.257440 0.070895 0.025984
11 0.531123 0.257440 0.070895 0.025984
11 0.531123 0.257440 0.070895 0.025984
11 0.552107 0.293576 0.123367 0.036136
11 0.552107 0.293576 0.123367 0.036136
0 0.528731 0.293576 0.066111 0.025984
11 0.528731 0.293576 0.066111 0.025984
11 0.528731 0.293576 0.066111 0.025984
11 0.595141 0.091371 0.073932 0.048731
1 0.595141 0.091371 0.073932 0.048731
0 0.586475 0.091371 0.050297 0.025984
11 0.586475 0.091371 0.050297 0.025984
11 0.586475 0.091371 0.050297 0.025984
8 0.626855 0.091371 0.009454 0.018274
11 0.615029 0.149032 0.097952 0.036136
11 0.615029 0.149032 0.097952 0.036136
0 0.604849 0.149032 0.067087 0.025984
11 0.604849 0.149032 0.067087 0.025984
11 0.604849 0.149032 0.067087 0.025984
11 0.615029 0.185168 0.097952 0.036136
11 0.615029 0.185168 0.097952 0.036136
0 0.615029 0.185168 0.087447 0.025984
11 0.615029 0.185168 0.087447 0.025984
11 0.615029 0.185168 0.087447 0.025984
11 0.615029 0.221304 0.097952 0.036136
11 0.615029 0.221304 0.097952 0.036136
0 0.588502 0.221304 0.034393 0.025984
11 0.588502 0.221304 0.034393 0.025984
11 0.588502 0.221304 0.034393 0.025984
11 0.615029 0.257440 0.097952 0.036136
11 0.615029 0.257440 0.097952 0.036136
0 0.594341 0.257440 0.046071 0.025984
11 0.594341 0.257440 0.046071 0.025984
11 0.594341 0.257440 0.046071 0.025984
11 0.615029 0.293576 0.097952 0.036136
11 0.615029 0.293576 0.097952 0.036136
0 0.580673 0.293576 0.018735 0.025984
11 0.580673 0.293576 0.018735 0.025984
11 0.580673 0.293576 0.018735 0.025984
11 0.615029 0.329711 0.097952 0.036136
11 0.615029 0.329711 0.097952 0.036136
0 0.585494 0.329711 0.028378 0.025984
11 0.585494 0.329711 0.028378 0.025984
11 0.585494 0.329711 0.028378 0.025984
1 0.690635 0.091371 0.064896 0.044670
1 0.701139 0.091371 0.085905 0.044670
1 0.701139 0.091371 0.085905 0.044670
1 0.701139 0.091371 0.066997 0.016244
1 0.701139 0.091371 0.066997 0.016244
1 0.784245 0.091371 0.061761 0.044670
1 0.784245 0.091371 0.061761 0.044670
1 0.784245 0.091371 0.061761 0.044670
1 0.784245 0.091371 0.040753 0.016244
1 0.784245 0.091371 0.040753 0.016244
1 0.222664 0.449540 0.075581 0.044670
0 0.286038 0.449239 0.034360 0.019289
0 0.641807 0.361421 0.315126 0.406091
13 0.237834 0.795796 0.098567 0.046288
13 0.321909 0.795796 0.069582 0.046288
13 0.401617 0.795796 0.089836 0.046288
13 0.496373 0.795796 0.099675 0.046288
13 0.585786 0.795796 0.079151 0.046288
13 0.670607 0.795796 0.090492 0.046288
13 0.762864 0.795796 0.094021 0.046288
0 0.253492 0.951935 0.044782 0.019289
0 0.084034 0.786802 0.147059 0.385787
1 0.149160 0.610152 0.016807 0.032487
1 0.500000 0.574413 0.283613 0.102538
2 0.500000 0.532789 0.283613 0.043655
1 0.500000 0.605378 0.288866 0.040609
1 0.500000 0.605378 0.068934 0.040609
1 0.500000 0.605378 0.043724 0.015228
1 0.500000 0.605378 0.043724 0.015228
1 0.649160 0.360105 0.016807 0.032487
