0 0.272830 0.051642 0.148815 0.103284
0 0.514587 0.032487 0.098108 0.032487
1 0.634023 0.026888 0.113454 0.033471
0 0.634286 0.026380 0.106216 0.019480
1 0.742224 0.026888 0.102949 0.033471
0 0.742224 0.026380 0.095186 0.019480
2 0.324313 0.397732 0.230772 0.071415
8 0.458898 0.397732 0.038398 0.032487
1 0.517274 0.397732 0.064732 0.071415
1 0.223982 0.594654 0.051118 0.022335
1 0.419257 0.658280 0.125853 0.022335
1 0.024160 0.949239 0.023109 0.044670
0 0.158121 0.899921 0.044200 0.018274
0 0.388705 0.939546 0.046727 0.018274
0 0.043084 0.979172 0.047302 0.018274
1 0.723181 0.915974 0.065651 0.040213
1 0.797843 0.915974 0.065651 0.042243
1 0.975315 0.914959 0.023109 0.044670
