1 0.272824 0.051768 0.148816 0.103536
10 0.263221 0.048713 0.129610 0.074418
1 0.514394 0.032587 0.098418 0.032587
0 0.634031 0.026970 0.113458 0.033573
1 0.634294 0.026461 0.106197 0.019539
16 0.742220 0.026970 0.102921 0.033573
16 0.742220 0.026461 0.095133 0.019539
18 0.324704 0.398883 0.231502 0.071633
3 0.459715 0.398883 0.038519 0.032587
18 0.518276 0.398883 0.064937 0.071633
0 0.224056 0.596407 0.051279 0.022403
10 0.224056 0.587242 0.051279 0.030550
0 0.419916 0.660228 0.126251 0.022403
0 0.024236 0.949084 0.023182 0.044807
1 0.158621 0.899615 0.044339 0.018330
1 0.389933 0.939362 0.046875 0.018330
1 0.043220 0.979108 0.047451 0.018330
0 0.723031 0.915717 0.065859 0.040335
0 0.797929 0.915717 0.065859 0.042372
20 0.975237 0.914699 0.023182 0.044807
0 0.962592 0.947047 0.029505 0.057026
