1 0.179136 0.054990 0.078504 0.045825
4 0.433351 0.040733 0.203372 0.013238
18 0.433351 0.054990 0.203372 0.066191
18 0.553477 0.054990 0.036881 0.066191
18 0.553477 0.052444 0.023709 0.045825
0 0.687302 0.054990 0.095890 0.050916
0 0.698099 0.054990 0.016308 0.013238
0 0.804268 0.054990 0.095890 0.050916
0 0.815068 0.054990 0.023956 0.013238
1 0.169665 0.132383 0.080636 0.044807
1 0.245909 0.132383 0.071852 0.044807
1 0.319234 0.132383 0.074799 0.044807
1 0.394869 0.132383 0.076470 0.044807
1 0.470067 0.132383 0.073927 0.044807
1 0.774586 0.132383 0.050687 0.044807
1 0.831340 0.132383 0.062821 0.044807
1 0.496048 0.389265 0.737619 0.468957
10 0.496048 0.389265 0.737619 0.468957
1 0.206504 0.668040 0.095306 0.025458
1 0.451429 0.668040 0.104452 0.025458
1 0.408489 0.724558 0.018572 0.020367
1 0.583241 0.724558 0.019321 0.020367
1 0.436743 0.775474 0.075079 0.020367
1 0.583241 0.775474 0.019321 0.020367
1 0.440258 0.826391 0.082109 0.020367
1 0.583241 0.826391 0.019321 0.020367
1 0.437422 0.877307 0.076437 0.020367
1 0.583241 0.877307 0.019321 0.020367
1 0.443621 0.928224 0.088835 0.020367
1 0.583241 0.928224 0.019321 0.020367
1 0.429576 0.979140 0.060747 0.020367
1 0.583241 0.979140 0.019321 0.020367
1 0.673357 0.668040 0.067621 0.025458
