0 0.737502 0.080409 0.015756 0.016244
1 0.851259 0.077157 0.077419 0.036548
0 0.842700 0.310660 0.064076 0.152284
0 0.757353 0.310660 0.064076 0.152284
0 0.672006 0.310660 0.064076 0.152284
0 0.586660 0.310660 0.064076 0.152284
0 0.501313 0.310660 0.064076 0.152284
0 0.415966 0.310660 0.064076 0.152284
0 0.330620 0.310660 0.064076 0.152284
0 0.842700 0.487310 0.064076 0.152284
0 0.757353 0.487310 0.064076 0.152284
0 0.672006 0.487310 0.064076 0.152284
0 0.586660 0.487310 0.064076 0.152284
0 0.501313 0.487310 0.064076 0.152284
0 0.415966 0.487310 0.064076 0.152284
0 0.330620 0.487310 0.064076 0.152284
0 0.829992 0.596954 0.089491 0.020305
0 0.842700 0.710660 0.064076 0.152284
0 0.757353 0.710660 0.064076 0.152284
0 0.672006 0.710660 0.064076 0.152284
0 0.586660 0.710660 0.064076 0.152284
0 0.501313 0.710660 0.064076 0.152284
0 0.415966 0.710660 0.064076 0.152284
0 0.330620 0.710660 0.064076 0.152284
0 0.842700 0.887310 0.064076 0.152284
0 0.757353 0.887310 0.064076 0.152284
0 0.672006 0.887310 0.064076 0.152284
0 0.586660 0.887310 0.064076 0.152284
0 0.501313 0.887310 0.064076 0.152284
0 0.415966 0.887310 0.064076 0.152284
0 0.330620 0.887310 0.064076 0.152284
0 0.829992 0.993401 0.089491 0.013198
1 0.214548 0.372589 0.094538 0.036548
0 0.611299 0.252792 0.184258 0.121827
0 0.803091 0.252792 0.184258 0.121827
0 0.611299 0.394924 0.184258 0.121827
0 0.803091 0.394924 0.184258 0.121827
0 0.295956 0.354315 0.113445 0.146193
0 0.419905 0.354315 0.113445 0.146193
0 0.543855 0.354315 0.113445 0.146193
1 0.275998 0.521827 0.073529 0.050761
0 0.140301 0.237563 0.065791 0.016244
0 0.132197 0.274112 0.049583 0.016244
0 0.298861 0.237563 0.065684 0.016244
0 0.301811 0.274112 0.071584 0.016244
0 0.453823 0.237563 0.058380 0.016244
0 0.449477 0.274112 0.049690 0.016244
0 0.482963 0.319797 0.116662 0.034518
0 0.465463 0.365482 0.081662 0.016244
0 0.608969 0.237563 0.051446 0.016244
0 0.592581 0.274112 0.018670 0.016244
0 0.609588 0.310660 0.052685 0.016244
0 0.603023 0.347208 0.039555 0.016244
0 0.757222 0.237563 0.030725 0.016244
0 0.766979 0.274112 0.050240 0.016244
0 0.777857 0.310660 0.071995 0.016244
0 0.791250 0.347208 0.098781 0.016244
0 0.325368 0.264975 0.147059 0.146193
0 0.493435 0.264975 0.147059 0.146193
0 0.685399 0.213198 0.109769 0.042640
0 0.685399 0.255838 0.109769 0.042640
0 0.685399 0.298477 0.109769 0.042640
1 0.754989 0.262944 0.087841 0.048731
0 0.485068 0.324365 0.042747 0.019289
0 0.330447 0.181726 0.067309 0.038579
0 0.543002 0.181726 0.103959 0.034518
0 0.657760 0.181726 0.075138 0.034518
4 0.496061 0.253807 0.485294 0.022335
1 0.285177 0.303553 0.063526 0.056853
1 0.705156 0.303553 0.067104 0.044670
0 0.634515 0.446701 0.121414 0.028426
0 0.736833 0.446701 0.083221 0.028426
0 0.828297 0.446701 0.099708 0.028426
0 0.003808 0.671066 0.007616 0.308629
0 0.074317 0.671066 0.133403 0.308629
0 0.207721 0.671066 0.133403 0.308629
0 0.341124 0.671066 0.133403 0.308629
0 0.474527 0.671066 0.133403 0.308629
0 0.607931 0.671066 0.133403 0.308629
0 0.741334 0.671066 0.133403 0.308629
0 0.874737 0.671066 0.133403 0.308629
0 0.970720 0.671066 0.058561 0.308629
0 0.037946 0.671066 0.075893 0.308629
0 0.093322 0.671066 0.186644 0.308629
0 0.194371 0.671066 0.199580 0.308629
0 0.376398 0.671066 0.199580 0.308629
0 0.574842 0.671066 0.199580 0.308629
0 0.774422 0.671066 0.199580 0.308629
0 0.937106 0.671066 0.125788 0.308629
0 0.496061 0.948223 0.756303 0.103553
0 0.413340 0.962437 0.101366 0.075127
0 0.514706 0.962437 0.101366 0.075127
0 0.616071 0.962437 0.101366 0.075127
0 0.717437 0.962437 0.101366 0.075127
0 0.818803 0.962437 0.101366 0.075127
0 0.920168 0.962437 0.101366 0.075127
0 0.968487 0.815228 0.038866 0.067005
1 0.968487 0.882234 0.038866 0.067005
