1 0.405789 0.697556 0.056161 0.016293
1 0.613676 0.748473 0.044693 0.016293
1 0.569259 0.768839 0.052901 0.016293
1 0.776471 0.819756 0.044693 0.016293
1 0.449881 0.860489 0.105786 0.016293
1 0.476093 0.880855 0.045920 0.016293
1 0.538210 0.880855 0.044693 0.016293
1 0.631705 0.880855 0.084061 0.016293
0 0.496048 0.921589 0.693427 0.032587
0 0.496048 0.921589 0.693427 0.032587
0 0.166936 0.921589 0.035202 0.032587
0 0.166936 0.921589 0.034148 0.030550
0 0.166936 0.921589 0.034148 0.030550
0 0.166936 0.921589 0.034148 0.030550
0 0.205994 0.921589 0.037251 0.032587
0 0.205994 0.921589 0.036198 0.030550
0 0.205994 0.921589 0.036198 0.030550
0 0.205994 0.921589 0.036198 0.030550
1 0.244875 0.922289 0.034848 0.016293
1 0.041886 0.030550 0.066913 0.050916
0 0.100813 0.030550 0.045673 0.050916
18 0.207422 0.028004 0.142255 0.035642
18 0.448317 0.030550 0.570304 0.038697
2 0.745324 0.030550 0.023709 0.040733
1 0.785749 0.031568 0.024475 0.050916
0 0.801148 0.038697 0.004215 0.004073
1 0.842132 0.030550 0.063002 0.050916
19 0.876268 0.039206 0.004215 0.004073
1 0.906806 0.030550 0.041055 0.050916
16 0.957344 0.030550 0.053700 0.050916
16 0.945247 0.030550 0.020021 0.026477
17 0.023153 0.080957 0.030501 0.039715
1 0.067394 0.080448 0.049551 0.028513
1 0.119752 0.080448 0.044628 0.028513
1 0.166573 0.080448 0.038478 0.028513
1 0.217495 0.080448 0.052827 0.028513
1 0.277228 0.080448 0.056103 0.028513
1 0.338815 0.080448 0.056532 0.028513
1 0.385237 0.080448 0.025775 0.028513
1 0.431383 0.080448 0.055980 0.028513
1 0.483877 0.080448 0.038470 0.028513
0 0.505219 0.081466 0.004215 0.004073
1 0.544957 0.080448 0.064723 0.028513
1 0.603258 0.080448 0.041343 0.028513
1 0.655814 0.080448 0.053230 0.028513
1 0.722245 0.080448 0.069094 0.028513
1 0.053663 0.120163 0.022087 0.028513
1 0.094137 0.120163 0.048324 0.028513
1 0.135834 0.120163 0.024532 0.028513
0 0.150207 0.121181 0.004215 0.004073
1 0.178255 0.120163 0.041343 0.028513
1 0.245575 0.120163 0.082760 0.028513
1 0.314883 0.120163 0.045319 0.028513
1 0.372094 0.120163 0.058565 0.028513
1 0.420764 0.120163 0.028237 0.028513
1 0.473125 0.120163 0.065949 0.028513
1 0.542290 0.120163 0.061841 0.028513
1 0.594236 0.120163 0.031513 0.028513
1 0.633269 0.120163 0.036017 0.028513
1 0.681112 0.120163 0.049131 0.028513
1 0.074573 0.159878 0.063908 0.028513
1 0.143741 0.159878 0.063891 0.028513
1 0.886723 0.080957 0.210748 0.039715
10 0.886723 0.080957 0.210748 0.039715
1 0.008430 0.108961 0.009484 0.016293
0 0.832780 0.120163 0.045187 0.022403
0 0.832780 0.120163 0.045187 0.022403
0 0.832780 0.120163 0.045187 0.022403
0 0.832780 0.120163 0.045187 0.022403
0 0.832834 0.120163 0.045080 0.022403
0 0.832834 0.120163 0.045080 0.022403
0 0.832834 0.120163 0.045080 0.022403
0 0.832834 0.120163 0.045080 0.022403
0 0.496048 0.217923 0.790306 0.234216
0 0.123024 0.228106 0.044257 0.254582
1 0.050448 0.406314 0.100896 0.610998
10 0.050448 0.406314 0.100896 0.610998
10 0.496048 0.406314 0.790306 0.610998
1 0.496048 0.253564 0.790306 0.305499
1 0.945601 0.406314 0.108799 0.610998
10 0.945601 0.406314 0.108799 0.610998
0 0.869073 0.228106 0.044257 0.254582
1 0.160761 0.472728 0.077582 0.117967
10 0.160757 0.472728 0.097858 0.117967
1 0.246509 0.472728 0.077582 0.117967
10 0.246505 0.472728 0.097858 0.117967
1 0.160761 0.635502 0.077582 0.117967
10 0.160757 0.635502 0.097858 0.117967
1 0.246509 0.635502 0.077582 0.117967
10 0.246505 0.635502 0.097858 0.117967
1 0.203635 0.754129 0.163330 0.017200
1 0.398577 0.590783 0.163330 0.354077
10 0.398577 0.568379 0.199486 0.309270
1 0.593519 0.582278 0.163330 0.281473
10 0.593519 0.582278 0.181556 0.281473
1 0.593519 0.754129 0.163330 0.017200
1 0.788462 0.590783 0.163330 0.354077
10 0.788462 0.568379 0.199486 0.309270
1 0.203635 0.930905 0.163330 0.138191
10 0.203635 0.930905 0.199486 0.138191
1 0.355703 0.941645 0.077582 0.104077
10 0.355703 0.941645 0.086341 0.104077
1 0.441452 0.941645 0.077582 0.104077
10 0.441452 0.941645 0.086341 0.104077
1 0.593519 0.930905 0.163330 0.138191
10 0.593519 0.930905 0.199486 0.138191
1 0.746839 0.930905 0.080084 0.138191
10 0.746839 0.930905 0.080084 0.138191
1 0.830084 0.930905 0.080084 0.138191
10 0.830084 0.930905 0.080084 0.138191
