0 0.026261 0.042640 0.027311 0.052792
2 0.523425 0.042640 0.599371 0.052792
1 0.785296 0.042640 0.025210 0.052792
1 0.809455 0.042640 0.016807 0.032487
1 0.861123 0.042640 0.059217 0.052792
1 0.923307 0.042640 0.056747 0.052792
1 0.971639 0.042640 0.031513 0.052792
1 0.971639 0.042640 0.031513 0.052792
1 0.045775 0.109645 0.066341 0.032487
1 0.108870 0.109645 0.051446 0.032487
1 0.862395 0.194924 0.012605 0.024365
1 0.883403 0.194924 0.012605 0.024365
1 0.904412 0.194924 0.012605 0.024365
0 0.112961 0.313896 0.047351 0.032487
0 0.500000 0.310652 0.843487 0.298461
0 0.912105 0.498461 0.022428 0.018274
0 0.140929 0.761992 0.128496 0.428585
1 0.099310 0.852935 0.045258 0.040609
0 0.282030 0.761992 0.128496 0.428585
1 0.240411 0.852935 0.045258 0.040609
0 0.423131 0.762246 0.128496 0.429093
1 0.381512 0.852935 0.045258 0.040609
0 0.564232 0.752094 0.128496 0.408788
1 0.522613 0.852935 0.045258 0.040609
0 0.705333 0.761992 0.128496 0.428585
1 0.663714 0.852935 0.045258 0.040609
0 0.846433 0.752094 0.128496 0.408788
1 0.804815 0.852935 0.045258 0.040609
0 0.961643 0.752094 0.076713 0.408788
1 0.945916 0.852935 0.045258 0.040609
1 0.902311 0.673588 0.025210 0.048731
1 0.586134 0.399492 0.021008 0.040609
