1 0.627861 0.018123 0.025924 0.019953
1 0.190464 0.072906 0.063224 0.032587
10 0.186249 0.072906 0.063224 0.032587
17 0.553770 0.072906 0.053090 0.030550
17 0.603711 0.072906 0.046793 0.030550
1 0.649870 0.072906 0.045525 0.030550
1 0.695395 0.072906 0.045525 0.030550
17 0.753556 0.072906 0.070798 0.030550
1 0.811364 0.072906 0.043763 0.030550
1 0.210139 0.077998 0.102575 0.042356
0 0.720845 0.077998 0.068254 0.042356
0 0.796216 0.077998 0.074058 0.042356
0 0.243151 0.548037 0.168599 0.057026
0 0.243151 0.548029 0.086176 0.022801
0 0.243151 0.621356 0.168599 0.057026
0 0.243151 0.609956 0.097504 0.017105
0 0.243147 0.629909 0.095520 0.022801
10 0.643572 0.426267 0.379347 0.513238
1 0.905690 0.890020 0.147524 0.171079
10 0.905690 0.890020 0.147524 0.171079
20 0.977345 0.808554 0.021075 0.040733
20 0.977345 0.808554 0.016860 0.032587
