0 0.038340 0.030457 0.059874 0.050761
1 0.093668 0.030457 0.045529 0.050761
8 0.179720 0.027919 0.101366 0.035533
2 0.447143 0.030457 0.582639 0.038579
2 0.750279 0.030457 0.023634 0.040609
2 0.764722 0.030457 0.005252 0.040609
0 0.795829 0.031472 0.024398 0.050761
1 0.811179 0.038579 0.004202 0.004061
0 0.852034 0.030457 0.062804 0.050761
1 0.886062 0.039086 0.004202 0.004061
0 0.916504 0.030457 0.040925 0.050761
0 0.962181 0.030457 0.044126 0.050761
1 0.198185 0.146193 0.038340 0.032487
1 0.198185 0.146193 0.037290 0.030457
1 0.198185 0.146193 0.037290 0.030457
1 0.198185 0.146193 0.037290 0.030457
1 0.258001 0.146193 0.066981 0.032487
1 0.258001 0.146193 0.065930 0.030457
1 0.258001 0.146193 0.065930 0.030457
1 0.258001 0.146193 0.065930 0.030457
1 0.023081 0.080711 0.030405 0.039594
0 0.067883 0.080203 0.050798 0.028426
0 0.117709 0.080203 0.038349 0.028426
0 0.150895 0.080203 0.017521 0.028426
0 0.181021 0.080203 0.032227 0.028426
0 0.224975 0.080203 0.045176 0.028426
0 0.284660 0.080203 0.063690 0.028426
0 0.008403 0.108629 0.009454 0.016244
1 0.496061 0.217259 0.787815 0.233503
1 0.124212 0.227411 0.044118 0.253807
0 0.051077 0.405076 0.102153 0.609137
0 0.496061 0.405076 0.787815 0.609137
0 0.944984 0.405076 0.110032 0.609137
1 0.867910 0.227411 0.044118 0.253807
0 0.672429 0.374619 0.095235 0.016244
0 0.204569 0.584819 0.162815 0.167418
0 0.149373 0.728680 0.052423 0.095939
0 0.204561 0.728680 0.052423 0.095939
0 0.259749 0.728680 0.052423 0.095939
0 0.204569 0.812746 0.162815 0.017148
0 0.398897 0.649897 0.162815 0.352998
0 0.550486 0.532202 0.077337 0.117608
0 0.635964 0.532202 0.077337 0.117608
0 0.550486 0.694480 0.077337 0.117608
0 0.635964 0.694480 0.077337 0.117608
0 0.593225 0.812746 0.162815 0.017148
0 0.744814 0.532202 0.077337 0.117608
0 0.830291 0.532202 0.077337 0.117608
0 0.744814 0.694480 0.077337 0.117608
0 0.830291 0.694480 0.077337 0.117608
0 0.787553 0.812746 0.162815 0.017148
0 0.161830 0.960049 0.077337 0.079902
0 0.247308 0.960049 0.077337 0.079902
0 0.356158 0.960049 0.077337 0.079902
0 0.441636 0.960049 0.077337 0.079902
0 0.550486 0.973905 0.077337 0.052189
0 0.635964 0.973905 0.077337 0.052189
0 0.744814 0.960049 0.077337 0.079902
0 0.830291 0.960049 0.077337 0.079902
