0 0.404986 0.698477 0.055984 0.016244
0 0.612219 0.749239 0.044553 0.016244
0 0.567941 0.769543 0.052734 0.016244
0 0.774500 0.820305 0.044553 0.016244
0 0.448940 0.860914 0.105452 0.016244
0 0.475069 0.881218 0.045775 0.016244
0 0.536990 0.881218 0.044553 0.016244
0 0.630191 0.881218 0.083796 0.016244
1 0.496061 0.921827 0.693441 0.032487
1 0.496061 0.921827 0.693441 0.032487
1 0.166886 0.921827 0.035091 0.032487
1 0.166886 0.921827 0.034040 0.030457
1 0.166886 0.921827 0.034040 0.030457
1 0.166886 0.921827 0.034040 0.030457
1 0.205821 0.921827 0.037134 0.032487
1 0.205821 0.921827 0.036084 0.030457
1 0.205821 0.921827 0.036084 0.030457
1 0.205821 0.921827 0.036084 0.030457
0 0.244580 0.922525 0.034738 0.016244
0 0.043334 0.030457 0.069861 0.050761
1 0.103655 0.030457 0.045529 0.050761
8 0.209928 0.027919 0.141807 0.035533
2 0.450060 0.030457 0.568499 0.038579
2 0.746127 0.030457 0.023634 0.040609
0 0.786424 0.031472 0.024398 0.050761
1 0.801774 0.038579 0.004202 0.004061
0 0.842630 0.030457 0.062804 0.050761
1 0.876658 0.039086 0.004202 0.004061
0 0.907099 0.030457 0.040925 0.050761
0 0.957478 0.030457 0.053530 0.050761
1 0.023081 0.080711 0.030405 0.039594
0 0.067182 0.080203 0.049394 0.028426
0 0.123461 0.080203 0.052661 0.028426
0 0.177287 0.080203 0.044487 0.028426
0 0.232746 0.080203 0.055927 0.028426
0 0.285140 0.080203 0.038357 0.028426
0 0.338765 0.080203 0.058389 0.028426
0 0.393817 0.080203 0.041213 0.028426
0 0.432523 0.080203 0.025694 0.028426
0 0.469796 0.080203 0.038349 0.028426
1 0.491071 0.081218 0.004202 0.004061
0 0.531295 0.080203 0.065742 0.028426
0 0.604127 0.080203 0.069418 0.028426
0 0.670619 0.080203 0.053063 0.028426
0 0.736841 0.080203 0.068876 0.028426
0 0.787540 0.080203 0.022018 0.028426
0 0.845051 0.080203 0.082499 0.028426
0 0.926462 0.080203 0.069820 0.028426
0 0.058192 0.119797 0.031414 0.028426
0 0.108341 0.119797 0.058380 0.028426
0 0.155011 0.119797 0.024455 0.028426
1 0.169339 0.120812 0.004202 0.004061
0 0.200778 0.119797 0.048172 0.028426
0 0.248067 0.119797 0.035903 0.028426
0 0.302094 0.119797 0.061647 0.028426
0 0.352244 0.119797 0.028148 0.028426
0 0.399746 0.119797 0.056353 0.028426
0 0.457663 0.119797 0.048976 0.028426
0 0.515305 0.119797 0.055804 0.028426
0 0.580312 0.119797 0.063706 0.028426
0 0.649262 0.119797 0.063690 0.028426
0 0.008403 0.108629 0.009454 0.016244
1 0.831732 0.119797 0.045045 0.022335
1 0.831732 0.119797 0.045045 0.022335
1 0.831732 0.119797 0.045045 0.022335
1 0.831732 0.119797 0.045045 0.022335
1 0.496061 0.217259 0.787815 0.233503
1 0.124212 0.227411 0.044118 0.253807
0 0.496061 0.405076 0.787815 0.609137
0 0.944984 0.405076 0.110032 0.609137
0 0.051077 0.405076 0.102153 0.609137
1 0.867910 0.227411 0.044118 0.253807
0 0.163078 0.499207 0.079832 0.173445
0 0.246061 0.499207 0.079832 0.173445
0 0.163078 0.678744 0.079832 0.173445
0 0.246061 0.678744 0.079832 0.173445
0 0.398897 0.566648 0.162815 0.308328
0 0.398897 0.751832 0.162815 0.017148
0 0.593225 0.580504 0.162815 0.280615
0 0.593225 0.751832 0.162815 0.017148
0 0.787553 0.602839 0.162815 0.325286
0 0.240957 0.838579 0.037191 0.016244
0 0.163866 0.962310 0.065651 0.015228
0 0.245273 0.962310 0.053046 0.015228
0 0.326681 0.962310 0.076155 0.015228
0 0.408088 0.962310 0.073004 0.015228
0 0.518382 0.962310 0.133929 0.015228
0 0.628676 0.962310 0.066702 0.015228
0 0.710084 0.962310 0.051471 0.015228
0 0.824313 0.962310 0.141799 0.015228
0 0.938550 0.962310 0.048319 0.015228
0 0.995536 0.962310 0.008929 0.015228
0 0.134979 0.956345 0.023634 0.087310
0 0.857143 0.956345 0.023634 0.087310
