0 0.627458 0.018068 0.025842 0.019892
0 0.191439 0.072684 0.063025 0.032487
8 0.553600 0.072684 0.052923 0.030457
1 0.553600 0.072684 0.052923 0.030457
8 0.603384 0.072684 0.046645 0.030457
1 0.603384 0.072684 0.046645 0.030457
0 0.649398 0.072684 0.045381 0.030457
0 0.694779 0.072684 0.045381 0.030457
8 0.752757 0.072684 0.070575 0.030457
1 0.752757 0.072684 0.070575 0.030457
0 0.810383 0.072684 0.043625 0.030457
0 0.211052 0.077760 0.102252 0.042227
1 0.720149 0.077760 0.068039 0.042227
1 0.795283 0.077760 0.073825 0.042227
1 0.243960 0.580489 0.168067 0.056853
1 0.243960 0.580481 0.085905 0.022732
1 0.243960 0.653585 0.168067 0.056853
1 0.243960 0.642219 0.097197 0.017053
1 0.243956 0.662111 0.095219 0.022732
1 0.910189 0.932590 0.121849 0.053601
1 0.978992 0.807503 0.016807 0.032487
