0 0.734305 0.749239 0.044553 0.016244
0 0.574387 0.800000 0.044553 0.016244
0 0.503365 0.820305 0.052734 0.016244
0 0.280536 0.860914 0.063764 0.016244
0 0.223321 0.881218 0.045775 0.016244
1 0.496061 0.921827 0.693441 0.032487
1 0.496061 0.921827 0.693441 0.032487
1 0.166886 0.921827 0.035091 0.032487
1 0.166886 0.921827 0.034040 0.030457
1 0.166886 0.921827 0.034040 0.030457
1 0.166886 0.921827 0.034040 0.030457
1 0.205821 0.921827 0.037134 0.032487
1 0.205821 0.921827 0.036084 0.030457
1 0.205821 0.921827 0.036084 0.030457
1 0.205821 0.921827 0.036084 0.030457
0 0.244580 0.922525 0.034738 0.016244
0 0.048065 0.030457 0.079323 0.050761
1 0.113117 0.030457 0.045529 0.050761
8 0.219390 0.027919 0.141807 0.035533
2 0.459899 0.030457 0.569254 0.038579
2 0.756344 0.030457 0.023634 0.040609
0 0.791533 0.031472 0.014181 0.050761
1 0.801774 0.038579 0.004202 0.004061
0 0.842630 0.030457 0.062804 0.050761
1 0.876658 0.039086 0.004202 0.004061
0 0.907099 0.030457 0.040925 0.050761
0 0.957478 0.030457 0.053530 0.050761
1 0.198185 0.146193 0.038340 0.032487
1 0.198185 0.146193 0.037290 0.030457
1 0.198185 0.146193 0.037290 0.030457
1 0.198185 0.146193 0.037290 0.030457
1 0.258001 0.146193 0.066981 0.032487
1 0.258001 0.146193 0.065930 0.030457
1 0.258001 0.146193 0.065930 0.030457
1 0.258001 0.146193 0.065930 0.030457
1 0.023081 0.080711 0.030405 0.039594
0 0.067182 0.080203 0.049394 0.028426
0 0.119375 0.080203 0.044487 0.028426
0 0.173200 0.080203 0.052661 0.028426
0 0.232746 0.080203 0.055927 0.028426
0 0.291360 0.080203 0.050798 0.028426
0 0.337718 0.080203 0.031414 0.028426
0 0.371525 0.080203 0.025694 0.028426
0 0.418818 0.080203 0.058389 0.028426
0 0.488519 0.080203 0.070509 0.028426
1 0.525875 0.081218 0.004202 0.004061
0 0.555816 0.080203 0.045176 0.028426
0 0.595884 0.080203 0.024455 0.028426
1 0.610212 0.081218 0.004202 0.004061
0 0.638171 0.080203 0.041213 0.028426
0 0.690561 0.080203 0.053063 0.028426
0 0.736418 0.080203 0.028148 0.028426
0 0.796994 0.080203 0.082499 0.028426
0 0.877934 0.080203 0.068876 0.028426
0 0.945801 0.080203 0.056353 0.028426
0 0.058188 0.119797 0.031406 0.028426
0 0.086877 0.119797 0.015469 0.028426
0 0.123133 0.119797 0.046539 0.028426
0 0.179556 0.119797 0.055804 0.028426
0 0.223719 0.119797 0.022018 0.028426
0 0.269170 0.119797 0.058380 0.028426
0 0.335466 0.119797 0.063706 0.028426
0 0.384798 0.119797 0.024455 0.028426
0 0.426364 0.119797 0.048172 0.028426
0 0.486525 0.119797 0.061647 0.028426
0 0.540552 0.119797 0.035903 0.028426
0 0.578646 0.119797 0.029781 0.028426
0 0.631659 0.119797 0.065742 0.028426
0 0.008403 0.108629 0.009454 0.016244
1 0.496061 0.217259 0.787815 0.233503
1 0.124212 0.227411 0.044118 0.253807
0 0.944984 0.405076 0.110032 0.609137
0 0.051077 0.252792 0.102153 0.304569
0 0.075605 0.405076 0.151209 0.609137
1 0.867910 0.227411 0.044118 0.253807
0 0.163078 0.499207 0.079832 0.173445
0 0.246061 0.499207 0.079832 0.173445
0 0.163078 0.678744 0.079832 0.173445
0 0.246061 0.678744 0.079832 0.173445
0 0.356158 0.471288 0.077337 0.117608
0 0.441636 0.471288 0.077337 0.117608
0 0.356158 0.633566 0.077337 0.117608
0 0.441636 0.633566 0.077337 0.117608
0 0.398897 0.751832 0.162815 0.017148
0 0.550486 0.471288 0.077337 0.117608
0 0.635964 0.471288 0.077337 0.117608
0 0.550486 0.633566 0.077337 0.117608
0 0.635964 0.633566 0.077337 0.117608
0 0.593225 0.751832 0.162815 0.017148
0 0.744814 0.471288 0.077337 0.117608
0 0.830291 0.471288 0.077337 0.117608
0 0.744814 0.633566 0.077337 0.117608
0 0.830291 0.633566 0.077337 0.117608
0 0.787553 0.751832 0.162815 0.017148
0 0.161830 0.917989 0.077337 0.117608
0 0.247308 0.917989 0.077337 0.117608
0 0.398897 0.929592 0.162815 0.140815
0 0.593225 0.929592 0.162815 0.140815
0 0.744814 0.917989 0.077337 0.117608
0 0.830291 0.917989 0.077337 0.117608
