0 0.156262 0.036548 0.066201 0.036548
0 0.211586 0.003553 0.176848 0.007107
0 0.401039 0.003553 0.176848 0.007107
0 0.590492 0.003553 0.176848 0.007107
0 0.394954 0.028426 0.167189 0.038579
13 0.391372 0.019289 0.007353 0.014213
0 0.583151 0.028426 0.167189 0.038579
13 0.566455 0.019289 0.007353 0.014213
0 0.778353 0.028426 0.181197 0.038579
13 0.732619 0.019289 0.007353 0.014213
0 0.357918 0.036548 0.027319 0.073096
0 0.408499 0.036548 0.040228 0.073096
0 0.765834 0.036548 0.024086 0.020305
1 0.831822 0.036548 0.074276 0.044670
1 0.165371 0.677887 0.084419 0.056853
