0 0.496061 0.030457 0.703782 0.060914
0 0.025210 0.079695 0.033613 0.037563
0 0.060924 0.079695 0.037815 0.037563
0 0.104779 0.079695 0.049895 0.037563
0 0.145221 0.079695 0.030987 0.037563
0 0.176208 0.079695 0.030987 0.037563
0 0.204044 0.079695 0.024685 0.037563
0 0.227416 0.079695 0.022059 0.037563
0 0.249475 0.079695 0.022059 0.037563
0 0.275998 0.079695 0.030987 0.037563
0 0.309349 0.079695 0.035714 0.037563
0 0.339811 0.079695 0.025210 0.037563
0 0.371061 0.079695 0.037290 0.037563
0 0.404412 0.079695 0.029412 0.037563
0 0.451681 0.079695 0.065126 0.037563
0 0.503414 0.079695 0.038340 0.037563
0 0.547532 0.079695 0.049895 0.037563
0 0.586134 0.079695 0.027311 0.037563
0 0.935399 0.079695 0.042017 0.037563
0 0.970063 0.079695 0.027311 0.037563
0 0.040704 0.136992 0.056197 0.035723
2 0.428309 0.136992 0.684349 0.022335
0 0.787815 0.136992 0.021008 0.040609
1 0.787815 0.136992 0.021008 0.040609
1 0.894170 0.137000 0.170693 0.041926
1 0.822742 0.137000 0.027836 0.041926
1 0.851628 0.137000 0.021534 0.041926
1 0.851628 0.137000 0.021534 0.041926
1 0.878151 0.137000 0.023109 0.041926
1 0.907038 0.137000 0.026261 0.041926
1 0.935924 0.137000 0.023109 0.041926
1 0.965599 0.137000 0.027836 0.041926
0 0.496061 0.200603 0.992122 0.050761
1 0.757090 0.258193 0.069328 0.017148
1 0.825105 0.258471 0.045693 0.032487
1 0.028361 0.945685 0.031513 0.059898
1 0.014706 0.028426 0.014706 0.028426
1 0.014706 0.028426 0.014706 0.028426
1 0.014706 0.028426 0.012605 0.024365
1 0.158613 0.444765 0.028887 0.055838
1 0.833508 0.444765 0.028887 0.055838
0 0.343766 0.712278 0.090336 0.174619
0 0.452189 0.712278 0.090336 0.174619
0 0.560613 0.712278 0.090336 0.174619
0 0.669036 0.712278 0.090336 0.174619
0 0.777459 0.712278 0.090336 0.174619
1 0.292805 0.715324 0.021008 0.034518
1 0.292805 0.712278 0.021008 0.040609
1 0.829569 0.715324 0.021008 0.034518
1 0.829569 0.712278 0.021008 0.040609
0 0.789916 0.891973 0.089811 0.014213
0 0.332195 0.967306 0.068277 0.065387
0 0.407735 0.967306 0.068277 0.065387
0 0.483275 0.967306 0.068277 0.065387
0 0.558815 0.967306 0.068277 0.065387
0 0.634355 0.967306 0.068277 0.065387
0 0.709895 0.967306 0.068277 0.065387
0 0.785435 0.967306 0.068277 0.065387
0 0.209296 0.693433 0.105042 0.136929
0 0.209296 0.819940 0.105042 0.083598
0 0.254464 0.907931 0.014706 0.029442
