1 0.227859 0.911405 0.080784 0.016293
0 0.496048 0.952138 0.693427 0.032587
0 0.496048 0.952138 0.693427 0.032587
0 0.187035 0.952138 0.075400 0.032587
0 0.187035 0.952138 0.074346 0.030550
0 0.187035 0.952138 0.074346 0.030550
0 0.187035 0.952138 0.074346 0.030550
1 0.043471 0.030550 0.070082 0.050916
0 0.129754 0.030550 0.097216 0.050916
18 0.258446 0.028004 0.134879 0.035642
18 0.480391 0.030550 0.525026 0.038697
2 0.754758 0.030550 0.023709 0.040733
1 0.795183 0.031568 0.024475 0.050916
0 0.810582 0.038697 0.004215 0.004073
1 0.851567 0.030550 0.063002 0.050916
19 0.885702 0.039206 0.004215 0.004073
1 0.916240 0.030550 0.041055 0.050916
16 0.962061 0.030550 0.044265 0.050916
16 0.954681 0.030550 0.020021 0.026477
17 0.023153 0.080957 0.030501 0.039715
1 0.067394 0.080448 0.049551 0.028513
1 0.119752 0.080448 0.044628 0.028513
1 0.159601 0.080448 0.024532 0.028513
0 0.173974 0.081466 0.004215 0.004073
1 0.208377 0.080448 0.054054 0.028513
1 0.262579 0.080448 0.043813 0.028513
1 0.310425 0.080448 0.041343 0.028513
1 0.362779 0.080448 0.052827 0.028513
1 0.406937 0.080448 0.024952 0.028513
1 0.436948 0.080448 0.024532 0.028513
1 0.467371 0.080448 0.025775 0.028513
1 0.518502 0.080448 0.065949 0.028513
1 0.591766 0.080448 0.070041 0.028513
1 0.653142 0.080448 0.042174 0.028513
1 0.714938 0.080448 0.070881 0.028513
1 0.774882 0.080448 0.038470 0.028513
0 0.796225 0.081466 0.004215 0.004073
1 0.819358 0.080448 0.031513 0.028513
1 0.084822 0.120163 0.084406 0.028513
1 0.158909 0.120163 0.053230 0.028513
1 0.211464 0.120163 0.041343 0.028513
1 0.268325 0.120163 0.061841 0.028513
1 0.350130 0.120163 0.091231 0.028513
1 0.424357 0.120163 0.046686 0.028513
1 0.468721 0.120163 0.031505 0.028513
1 0.500786 0.120163 0.022087 0.028513
1 0.525887 0.120163 0.017576 0.028513
1 0.554881 0.120163 0.029875 0.028513
1 0.607041 0.120163 0.063908 0.028513
1 0.668426 0.120163 0.048324 0.028513
1 0.729802 0.120163 0.063891 0.028513
1 0.936014 0.080448 0.095306 0.026477
1 0.008430 0.108961 0.009484 0.016293
0 0.496048 0.217923 0.790306 0.234216
0 0.123024 0.228106 0.044257 0.254582
10 0.050448 0.253564 0.100896 0.305499
0 0.032403 0.324847 0.015806 0.030550
0 0.050843 0.324847 0.015806 0.030550
1 0.496048 0.406314 0.790306 0.610998
10 0.496048 0.406314 0.790306 0.610998
1 0.945601 0.406314 0.108799 0.610998
19 0.945601 0.406314 0.108799 0.610998
0 0.869073 0.228106 0.044257 0.254582
1 0.160761 0.472728 0.077582 0.117967
10 0.160757 0.472728 0.097858 0.117967
1 0.246509 0.472728 0.077582 0.117967
10 0.246505 0.472728 0.097858 0.117967
1 0.160761 0.635502 0.077582 0.117967
10 0.160757 0.635502 0.097858 0.117967
1 0.246509 0.635502 0.077582 0.117967
10 0.246505 0.635502 0.097858 0.117967
1 0.203635 0.754129 0.163330 0.017200
1 0.355703 0.472728 0.077582 0.117967
10 0.355699 0.472728 0.097858 0.117967
1 0.441452 0.472728 0.077582 0.117967
10 0.441447 0.472728 0.097858 0.117967
1 0.355703 0.635502 0.077582 0.117967
10 0.355699 0.635502 0.097858 0.117967
1 0.441452 0.635502 0.077582 0.117967
10 0.441447 0.635502 0.097858 0.117967
1 0.398577 0.754129 0.163330 0.017200
1 0.550645 0.472728 0.077582 0.117967
10 0.550641 0.472728 0.097858 0.117967
1 0.636394 0.472728 0.077582 0.117967
10 0.636389 0.472728 0.097858 0.117967
1 0.550645 0.635502 0.077582 0.117967
10 0.550641 0.635502 0.097858 0.117967
1 0.636394 0.635502 0.077582 0.117967
10 0.636389 0.635502 0.097858 0.117967
1 0.593519 0.754129 0.163330 0.017200
1 0.745587 0.472728 0.077582 0.117967
10 0.745583 0.472728 0.097858 0.117967
1 0.831336 0.472728 0.077582 0.117967
10 0.831332 0.472728 0.097858 0.117967
1 0.745587 0.635502 0.077582 0.117967
10 0.745583 0.635502 0.097858 0.117967
1 0.831336 0.635502 0.077582 0.117967
10 0.831332 0.635502 0.097858 0.117967
1 0.788462 0.754129 0.163330 0.017200
1 0.160761 0.920793 0.077582 0.117967
10 0.160757 0.920793 0.097858 0.117967
1 0.246509 0.920793 0.077582 0.117967
10 0.246505 0.920793 0.097858 0.117967
1 0.355703 0.920793 0.077582 0.117967
10 0.355699 0.920793 0.097858 0.117967
1 0.441452 0.920793 0.077582 0.117967
10 0.441447 0.920793 0.097858 0.117967
1 0.550645 0.920793 0.077582 0.117967
10 0.550641 0.920793 0.097858 0.117967
1 0.636394 0.920793 0.077582 0.117967
10 0.636389 0.920793 0.097858 0.117967
1 0.745587 0.920793 0.077582 0.117967
10 0.745583 0.920793 0.097858 0.117967
1 0.831336 0.920793 0.077582 0.117967
10 0.831332 0.920793 0.097858 0.117967
