1 0.405789 0.697556 0.056161 0.016293
1 0.613676 0.748473 0.044693 0.016293
1 0.569259 0.768839 0.052901 0.016293
1 0.776471 0.819756 0.044693 0.016293
1 0.449881 0.860489 0.105786 0.016293
1 0.476093 0.880855 0.045920 0.016293
1 0.538210 0.880855 0.044693 0.016293
1 0.631705 0.880855 0.084061 0.016293
0 0.496048 0.921589 0.693427 0.032587
0 0.496048 0.921589 0.693427 0.032587
0 0.166936 0.921589 0.035202 0.032587
0 0.166936 0.921589 0.034148 0.030550
0 0.166936 0.921589 0.034148 0.030550
0 0.166936 0.921589 0.034148 0.030550
0 0.205994 0.921589 0.037251 0.032587
0 0.205994 0.921589 0.036198 0.030550
0 0.205994 0.921589 0.036198 0.030550
0 0.205994 0.921589 0.036198 0.030550
1 0.244875 0.922289 0.034848 0.016293
1 0.043673 0.030550 0.070485 0.050916
0 0.104386 0.030550 0.045673 0.050916
18 0.210995 0.028004 0.142255 0.035642
18 0.447786 0.030550 0.562097 0.038697
2 0.740689 0.030550 0.023709 0.040733
1 0.781114 0.031568 0.024475 0.050916
0 0.796513 0.038697 0.004215 0.004073
1 0.837498 0.030550 0.063002 0.050916
19 0.871633 0.039206 0.004215 0.004073
1 0.902171 0.030550 0.041055 0.050916
16 0.955027 0.030550 0.058334 0.050916
16 0.940612 0.030550 0.020021 0.026477
20 0.198811 0.146640 0.038462 0.032587
0 0.198811 0.146640 0.037408 0.030550
0 0.198811 0.146640 0.037408 0.030550
0 0.198811 0.146640 0.037408 0.030550
0 0.258817 0.146640 0.067192 0.032587
0 0.258817 0.146640 0.066139 0.030550
0 0.258817 0.146640 0.066139 0.030550
0 0.258817 0.146640 0.066139 0.030550
17 0.023153 0.080957 0.030501 0.039715
1 0.067394 0.080448 0.049551 0.028513
1 0.119752 0.080448 0.044628 0.028513
1 0.173748 0.080448 0.052827 0.028513
1 0.233482 0.080448 0.056103 0.028513
1 0.292281 0.080448 0.050958 0.028513
1 0.335917 0.080448 0.025775 0.028513
1 0.382063 0.080448 0.055980 0.028513
1 0.431079 0.080448 0.031513 0.028513
1 0.471339 0.080448 0.038470 0.028513
0 0.492681 0.081466 0.004215 0.004073
1 0.515810 0.080448 0.031505 0.028513
1 0.560993 0.080448 0.048324 0.028513
1 0.602690 0.080448 0.024532 0.028513
0 0.617064 0.081466 0.004215 0.004073
1 0.653727 0.080448 0.058573 0.028513
1 0.723101 0.080448 0.069637 0.028513
1 0.063290 0.120163 0.041343 0.028513
1 0.124251 0.120163 0.070041 0.028513
1 0.191155 0.120163 0.053230 0.028513
1 0.263802 0.120163 0.081525 0.028513
1 0.344380 0.120163 0.069094 0.028513
1 0.417170 0.120163 0.065949 0.028513
1 0.484696 0.120163 0.058565 0.028513
1 0.542590 0.120163 0.046686 0.028513
1 0.582245 0.120163 0.022087 0.028513
1 0.640761 0.120163 0.084406 0.028513
1 0.720178 0.120163 0.063891 0.028513
1 0.074573 0.159878 0.063908 0.028513
1 0.136361 0.159878 0.049131 0.028513
1 0.194460 0.159878 0.056532 0.028513
1 0.886723 0.080957 0.210748 0.039715
10 0.886723 0.080957 0.210748 0.039715
1 0.008430 0.108961 0.009484 0.016293
0 0.832834 0.120163 0.045080 0.022403
0 0.832834 0.120163 0.045080 0.022403
0 0.832834 0.120163 0.045080 0.022403
0 0.832834 0.120163 0.045080 0.022403
0 0.496048 0.217923 0.790306 0.234216
0 0.123024 0.228106 0.044257 0.254582
1 0.050448 0.406314 0.100896 0.610998
10 0.050448 0.406314 0.100896 0.610998
10 0.496048 0.406314 0.790306 0.610998
1 0.496048 0.253564 0.790306 0.305499
1 0.945601 0.406314 0.108799 0.610998
10 0.945601 0.406314 0.108799 0.610998
0 0.869073 0.228106 0.044257 0.254582
1 0.162013 0.489530 0.080084 0.151572
10 0.162013 0.472219 0.080084 0.116949
1 0.245258 0.489530 0.080084 0.151572
16 0.245258 0.472219 0.080084 0.116949
1 0.162013 0.647212 0.080084 0.151572
10 0.162013 0.629901 0.080084 0.116949
1 0.245258 0.647212 0.080084 0.151572
10 0.245258 0.629901 0.080084 0.116949
1 0.203635 0.754129 0.163330 0.017200
1 0.355703 0.472728 0.077582 0.117967
10 0.355699 0.472728 0.097858 0.117967
1 0.441452 0.472728 0.077582 0.117967
10 0.441447 0.472728 0.097858 0.117967
1 0.355703 0.635502 0.077582 0.117967
10 0.355699 0.635502 0.097858 0.117967
1 0.441452 0.635502 0.077582 0.117967
10 0.441447 0.635502 0.097858 0.117967
1 0.398577 0.754129 0.163330 0.017200
1 0.550645 0.472728 0.077582 0.117967
10 0.550641 0.472728 0.097858 0.117967
1 0.636394 0.472728 0.077582 0.117967
10 0.636389 0.472728 0.097858 0.117967
1 0.550645 0.635502 0.077582 0.117967
10 0.550641 0.635502 0.097858 0.117967
1 0.636394 0.635502 0.077582 0.117967
10 0.636389 0.635502 0.097858 0.117967
1 0.593519 0.754129 0.163330 0.017200
0 0.788462 0.461908 0.163330 0.032587
0 0.788462 0.461908 0.162276 0.030550
0 0.788462 0.461908 0.162276 0.030550
1 0.788462 0.655804 0.158061 0.254582
10 0.788462 0.655804 0.158061 0.254582
1 0.203635 0.944803 0.163330 0.110393
10 0.203635 0.944803 0.181556 0.110393
1 0.355703 0.920793 0.077582 0.117967
10 0.355699 0.920793 0.097858 0.117967
1 0.441452 0.920793 0.077582 0.117967
10 0.441447 0.920793 0.097858 0.117967
1 0.593519 0.930905 0.163330 0.138191
10 0.593519 0.930905 0.199486 0.138191
1 0.788462 0.930905 0.163330 0.138191
10 0.788462 0.930905 0.199486 0.138191
