1 0.038462 0.030550 0.060063 0.050916
0 0.093964 0.030550 0.045673 0.050916
18 0.180288 0.028004 0.101686 0.035642
18 0.446975 0.030550 0.581319 0.038697
2 0.749490 0.030550 0.023709 0.040733
2 0.763979 0.030550 0.005269 0.040733
1 0.795183 0.031568 0.024475 0.050916
0 0.810582 0.038697 0.004215 0.004073
1 0.851567 0.030550 0.063002 0.050916
19 0.885702 0.039206 0.004215 0.004073
1 0.916240 0.030550 0.041055 0.050916
16 0.962061 0.030550 0.044265 0.050916
16 0.954681 0.030550 0.020021 0.026477
20 0.198811 0.146640 0.038462 0.032587
0 0.198811 0.146640 0.037408 0.030550
0 0.198811 0.146640 0.037408 0.030550
0 0.198811 0.146640 0.037408 0.030550
0 0.258817 0.146640 0.067192 0.032587
0 0.258817 0.146640 0.066139 0.030550
0 0.258817 0.146640 0.066139 0.030550
0 0.258817 0.146640 0.066139 0.030550
17 0.023153 0.080957 0.030501 0.039715
1 0.068098 0.080448 0.050958 0.028513
1 0.118081 0.080448 0.038470 0.028513
1 0.151372 0.080448 0.017576 0.028513
1 0.181593 0.080448 0.032328 0.028513
1 0.225686 0.080448 0.045319 0.028513
1 0.285560 0.080448 0.063891 0.028513
1 0.008430 0.108961 0.009484 0.016293
0 0.496048 0.217923 0.790306 0.234216
0 0.123024 0.228106 0.044257 0.254582
1 0.050448 0.406314 0.100896 0.610998
16 0.050448 0.406314 0.100896 0.610998
1 0.496048 0.406314 0.790306 0.610998
10 0.496048 0.406314 0.790306 0.610998
1 0.945601 0.406314 0.108799 0.610998
10 0.945601 0.406314 0.108799 0.610998
0 0.869073 0.228106 0.044257 0.254582
1 0.672974 0.375764 0.095536 0.016293
1 0.203635 0.651882 0.163330 0.354077
10 0.203635 0.629479 0.199486 0.309270
1 0.398577 0.586606 0.163330 0.167929
10 0.398577 0.576677 0.195354 0.148072
1 0.343207 0.730906 0.052588 0.096232
10 0.343207 0.720978 0.059536 0.076375
1 0.398569 0.730906 0.052588 0.096232
10 0.398569 0.720978 0.059536 0.076375
1 0.453932 0.730906 0.052588 0.096232
10 0.453932 0.720978 0.059536 0.076375
1 0.398577 0.815229 0.163330 0.017200
1 0.550645 0.533828 0.077582 0.117967
10 0.550641 0.533828 0.097858 0.117967
1 0.636394 0.533828 0.077582 0.117967
10 0.636389 0.533828 0.097858 0.117967
1 0.550645 0.696601 0.077582 0.117967
10 0.550641 0.696601 0.097858 0.117967
1 0.636394 0.696601 0.077582 0.117967
10 0.636389 0.696601 0.097858 0.117967
1 0.593519 0.815229 0.163330 0.017200
1 0.745587 0.533828 0.077582 0.117967
10 0.745583 0.533828 0.097858 0.117967
1 0.831336 0.533828 0.077582 0.117967
10 0.831332 0.533828 0.097858 0.117967
1 0.745587 0.696601 0.077582 0.117967
10 0.745583 0.696601 0.097858 0.117967
1 0.831336 0.696601 0.077582 0.117967
10 0.831332 0.696601 0.097858 0.117967
1 0.788462 0.815229 0.163330 0.017200
1 0.160761 0.961455 0.077582 0.077091
10 0.160757 0.961455 0.097858 0.077091
1 0.246509 0.961455 0.077582 0.077091
10 0.246505 0.961455 0.097858 0.077091
1 0.355703 0.961455 0.077582 0.077091
10 0.355699 0.961455 0.097858 0.077091
1 0.441452 0.961455 0.077582 0.077091
10 0.441447 0.961455 0.097858 0.077091
1 0.550645 0.961455 0.077582 0.077091
10 0.550641 0.961455 0.097858 0.077091
1 0.636394 0.961455 0.077582 0.077091
10 0.636389 0.961455 0.097858 0.077091
16 0.745587 0.975353 0.077582 0.049294
16 0.745587 0.975353 0.086341 0.049294
1 0.831336 0.975353 0.077582 0.049294
10 0.831336 0.975353 0.086341 0.049294
