0 0.073529 0.035533 0.105042 0.025381
0 0.152295 0.036041 0.041984 0.041624
0 0.558536 0.035533 0.046973 0.041624
0 0.614500 0.035533 0.064954 0.041624
0 0.696240 0.035533 0.098526 0.041624
0 0.768091 0.035533 0.045176 0.041624
0 0.836409 0.035533 0.091460 0.041624
8 0.915860 0.035533 0.067440 0.041624
0 0.915860 0.035533 0.067440 0.041624
9 0.496061 0.400682 0.992122 0.659232
0 0.496061 0.400682 0.992122 0.659232
9 0.996061 0.400682 0.007878 0.659232
0 0.996061 0.400682 0.007878 0.659232
1 0.480305 0.749588 0.005252 0.010152
1 0.490809 0.749588 0.005252 0.010152
1 0.501313 0.749588 0.005252 0.010152
1 0.511817 0.749588 0.005252 0.010152
1 0.134519 0.965831 0.227022 0.040609
0 0.062229 0.965831 0.082442 0.040609
0 0.034730 0.908296 0.069459 0.183407
0 0.121455 0.908296 0.078782 0.183407
0 0.212841 0.908296 0.078782 0.183407
0 0.304228 0.908296 0.078782 0.183407
0 0.395614 0.908296 0.078782 0.183407
0 0.487001 0.908296 0.078782 0.183407
0 0.578388 0.908296 0.078782 0.183407
0 0.669774 0.908296 0.078782 0.183407
0 0.761161 0.908296 0.078782 0.183407
0 0.852547 0.908296 0.078782 0.183407
0 0.943934 0.908296 0.078782 0.183407
0 0.997965 0.908296 0.004070 0.183407
