1 0.000041 0.000080 0.000082 0.000159
1 0.064278 0.055833 0.105374 0.012220
10 0.064278 0.037082 0.105374 0.045650
1 0.499206 0.037169 0.277471 0.035451
1 0.891917 0.037169 0.089453 0.028513
0 0.964399 0.037161 0.042751 0.028243
10 0.040717 0.125255 0.070897 0.061100
1 0.972895 0.092159 0.017329 0.015275
18 0.854040 0.120386 0.089568 0.027495
1 0.831278 0.144316 0.013007 0.014257
1 0.867546 0.144316 0.049913 0.014257
18 0.922270 0.120386 0.059536 0.027495
0 0.968906 0.120386 0.033736 0.027495
4 0.066332 0.292229 0.100772 0.016293
18 0.090498 0.311068 0.149104 0.019348
0 0.182511 0.311068 0.030690 0.021385
2 0.227019 0.311068 0.054095 0.021385
2 0.273479 0.311068 0.034592 0.021385
1 0.047892 0.413442 0.043014 0.016293
1 0.113252 0.413442 0.013501 0.016293
1 0.134772 0.413442 0.021091 0.016293
1 0.160930 0.413442 0.022779 0.016293
1 0.218079 0.413442 0.083073 0.016293
1 0.333423 0.413442 0.139168 0.016293
1 0.463111 0.413442 0.111762 0.016293
1 0.589008 0.413442 0.131586 0.016293
1 0.735989 0.413442 0.153928 0.016293
1 0.867570 0.413442 0.100789 0.016293
1 0.057598 0.429735 0.062426 0.016293
1 0.136459 0.429735 0.013501 0.016293
1 0.157979 0.429735 0.021091 0.016293
1 0.184137 0.429735 0.022779 0.016293
1 0.270791 0.429735 0.141259 0.016293
1 0.375584 0.429735 0.059882 0.016293
1 0.468367 0.429735 0.117237 0.016293
1 0.572959 0.429735 0.083501 0.016293
1 0.646556 0.429735 0.055247 0.016293
1 0.717416 0.429735 0.078026 0.016293
1 0.796072 0.429735 0.070839 0.016293
1 0.885266 0.429735 0.099101 0.016293
1 0.056330 0.446029 0.059890 0.016293
1 0.100394 0.462322 0.148018 0.016293
1 0.206871 0.462322 0.013501 0.016293
1 0.228390 0.462322 0.021091 0.016293
1 0.254548 0.462322 0.022779 0.016293
1 0.083941 0.478615 0.115113 0.016293
1 0.179457 0.478615 0.013501 0.016293
1 0.200976 0.478615 0.021091 0.016293
1 0.227135 0.478615 0.022779 0.016293
1 0.075935 0.494908 0.099101 0.016293
1 0.163857 0.494908 0.013501 0.016293
1 0.185376 0.494908 0.021091 0.016293
1 0.211534 0.494908 0.022779 0.016293
1 0.092174 0.511202 0.131578 0.016293
1 0.196753 0.511202 0.013501 0.016293
1 0.218273 0.511202 0.021091 0.016293
1 0.244431 0.511202 0.022779 0.016293
1 0.076495 0.527495 0.100221 0.016293
1 0.163289 0.527495 0.013501 0.016293
1 0.184808 0.527495 0.021091 0.016293
1 0.210966 0.527495 0.022779 0.016293
1 0.063068 0.543788 0.073367 0.016293
1 0.143177 0.543788 0.013501 0.016293
1 0.164696 0.543788 0.021091 0.016293
1 0.190855 0.543788 0.022779 0.016293
1 0.059071 0.560081 0.065373 0.016293
1 0.118743 0.560081 0.013501 0.016293
1 0.140263 0.560081 0.021091 0.016293
1 0.166421 0.560081 0.022779 0.016293
1 0.126342 0.576375 0.136641 0.016293
1 0.260459 0.576375 0.123148 0.016293
1 0.356827 0.576375 0.061142 0.016293
1 0.460361 0.576375 0.137480 0.016293
1 0.585621 0.576375 0.104592 0.016293
1 0.059697 0.592668 0.066624 0.016293
1 0.133076 0.592668 0.013501 0.016293
1 0.154595 0.592668 0.021091 0.016293
1 0.180754 0.592668 0.022779 0.016293
1 0.052251 0.608961 0.051732 0.016293
1 0.116908 0.608961 0.013501 0.016293
1 0.138427 0.608961 0.021091 0.016293
1 0.164585 0.608961 0.022779 0.016293
1 0.039458 0.625255 0.026146 0.016293
1 0.094293 0.625255 0.013501 0.016293
1 0.115813 0.625255 0.021091 0.016293
1 0.141971 0.625255 0.022779 0.016293
1 0.091334 0.641548 0.066624 0.016293
1 0.155229 0.641548 0.053560 0.016293
1 0.243373 0.641548 0.115121 0.016293
1 0.356181 0.641548 0.102888 0.016293
1 0.437146 0.641548 0.051436 0.016293
1 0.497448 0.641548 0.060722 0.016293
1 0.561969 0.641548 0.059874 0.016293
1 0.625432 0.641548 0.058606 0.016293
1 0.697543 0.641548 0.077170 0.016293
1 0.806770 0.641548 0.132837 0.016293
1 0.903344 0.641548 0.051864 0.016293
1 0.493439 0.649695 0.934108 0.032587
1 0.076573 0.657841 0.039639 0.016293
1 0.157757 0.657841 0.114281 0.016293
1 0.269939 0.657841 0.101637 0.016293
1 0.352176 0.657841 0.054391 0.016293
1 0.394346 0.657841 0.021503 0.016293
1 0.443271 0.657841 0.067900 0.016293
1 0.512443 0.657841 0.061998 0.016293
1 0.574441 0.657841 0.053551 0.016293
1 0.632640 0.657841 0.054399 0.016293
1 0.688945 0.657841 0.049765 0.016293
1 0.056116 0.674134 0.059462 0.016293
1 0.131800 0.674134 0.013501 0.016293
1 0.153319 0.674134 0.021091 0.016293
1 0.179478 0.674134 0.022779 0.016293
1 0.047892 0.753405 0.043014 0.016293
1 0.101027 0.753405 0.013501 0.016293
1 0.122547 0.753405 0.021091 0.016293
1 0.148705 0.753405 0.022779 0.016293
1 0.108000 0.769698 0.065381 0.016293
1 0.180548 0.769698 0.067052 0.016293
1 0.249864 0.769698 0.063974 0.016293
1 0.314752 0.769698 0.058194 0.016293
1 0.376260 0.769698 0.056375 0.016293
1 0.457373 0.769698 0.097405 0.016293
1 0.534547 0.769698 0.048497 0.016293
1 0.599286 0.769698 0.072535 0.016293
1 0.671336 0.769698 0.063117 0.016293
1 0.742891 0.769698 0.071547 0.016293
1 0.816196 0.769698 0.066616 0.016293
1 0.886200 0.769698 0.064945 0.016293
1 0.488137 0.777845 0.923505 0.032587
1 0.103291 0.785992 0.059339 0.016293
1 0.170854 0.785992 0.067341 0.016293
1 0.232086 0.785992 0.046677 0.016293
1 0.295698 0.785992 0.072099 0.016293
1 0.367739 0.785992 0.063537 0.016293
1 0.444847 0.785992 0.082233 0.016293
1 0.499259 0.785992 0.018144 0.016293
1 0.549238 0.785992 0.073367 0.016293
1 0.618179 0.785992 0.056071 0.016293
1 0.676724 0.785992 0.052572 0.016293
1 0.739277 0.785992 0.064089 0.016293
1 0.806334 0.785992 0.061578 0.016293
1 0.883097 0.785992 0.083501 0.016293
1 0.946782 0.785992 0.035424 0.016293
1 0.055910 0.802285 0.059051 0.016293
1 0.128182 0.802285 0.077047 0.016293
1 0.203829 0.802285 0.065801 0.016293
1 0.267663 0.802285 0.053420 0.016293
1 0.326565 0.802285 0.055939 0.016293
1 0.394807 0.802285 0.072099 0.016293
1 0.081208 0.881555 0.109647 0.016293
1 0.170607 0.881555 0.013501 0.016293
1 0.192127 0.881555 0.021091 0.016293
1 0.218285 0.881555 0.022779 0.016293
1 0.108000 0.897849 0.065381 0.016293
1 0.180548 0.897849 0.067052 0.016293
1 0.265123 0.897849 0.093651 0.016293
1 0.360449 0.897849 0.088555 0.016293
1 0.493303 0.897849 0.168706 0.016293
1 0.624049 0.897849 0.084340 0.016293
1 0.733210 0.897849 0.125535 0.016293
1 0.869933 0.897849 0.139464 0.016293
1 0.503692 0.905995 0.954615 0.032587
1 0.115171 0.914142 0.089831 0.016293
1 0.216811 0.914142 0.105004 0.016293
1 0.291672 0.914142 0.036272 0.016293
1 0.340177 0.914142 0.052292 0.016293
1 0.407020 0.914142 0.072947 0.016293
1 0.521515 0.914142 0.147598 0.016293
1 0.638904 0.914142 0.078734 0.016293
1 0.751383 0.914142 0.137777 0.016293
1 0.855074 0.914142 0.061158 0.016293
1 0.905056 0.914142 0.030361 0.016293
1 0.491871 0.922289 0.930972 0.032587
1 0.120011 0.930435 0.097833 0.016293
1 0.208151 0.930435 0.070000 0.016293
1 0.279143 0.930435 0.063537 0.016293
1 0.360470 0.930435 0.090671 0.016293
1 0.440188 0.930435 0.060318 0.016293
1 0.513155 0.930435 0.077170 0.016293
1 0.589066 0.930435 0.066205 0.016293
1 0.644733 0.930435 0.036683 0.016293
1 0.728662 0.930435 0.122728 0.016293
1 0.854135 0.930435 0.119772 0.016293
1 0.950289 0.930435 0.064089 0.016293
1 0.058643 0.946729 0.064517 0.016293
1 0.136875 0.946729 0.083501 0.016293
1 0.204566 0.946729 0.043434 0.016293
1 0.273104 0.946729 0.085197 0.016293
1 0.334686 0.946729 0.029521 0.016293
1 0.408279 0.946729 0.109219 0.016293
1 0.503383 0.946729 0.072543 0.016293
1 0.554848 0.946729 0.021939 0.016293
1 0.607996 0.946729 0.075910 0.016293
1 0.685388 0.946729 0.070428 0.016293
