1 0.109506 0.033503 0.016807 0.032487
6 0.109506 0.033503 0.016807 0.032487
1 0.109506 0.033503 0.016807 0.032487
8 0.109506 0.033503 0.000525 0.001015
8 0.161502 0.065990 0.121849 0.032487
1 0.135607 0.102094 0.053251 0.022335
0 0.157563 0.140673 0.097164 0.028426
0 0.157563 0.170511 0.097164 0.028426
0 0.157563 0.200349 0.097164 0.028426
0 0.157563 0.230187 0.097164 0.028426
0 0.157563 0.260025 0.097164 0.028426
0 0.157563 0.289864 0.097164 0.028426
0 0.157563 0.359914 0.097164 0.028426
0 0.157563 0.389753 0.097164 0.028426
0 0.157563 0.419591 0.097164 0.028426
0 0.157563 0.449429 0.097164 0.028426
0 0.157563 0.479267 0.097164 0.028426
0 0.157563 0.509105 0.097164 0.028426
0 0.175158 0.033503 0.073529 0.038579
1 0.372637 0.033503 0.248950 0.032487
2 0.354332 0.033503 0.212341 0.032487
1 0.478544 0.033503 0.037134 0.032487
0 0.795595 0.033503 0.023717 0.016244
0 0.836590 0.033503 0.049870 0.016244
0 0.875747 0.033503 0.020040 0.016244
0 0.121832 0.110200 0.035156 0.037563
0 0.154354 0.110200 0.013081 0.037563
0 0.604960 0.110200 0.017578 0.037563
0 0.642114 0.110200 0.039924 0.037563
0 0.690233 0.110200 0.039506 0.037563
8 0.731700 0.108677 0.026622 0.034518
6 0.731700 0.108677 0.026622 0.034518
1 0.731700 0.109185 0.026622 0.035533
8 0.726973 0.111723 0.017168 0.016244
8 0.693388 0.142180 0.103245 0.032487
1 0.702103 0.154362 0.053251 0.022335
0 0.689449 0.229045 0.078560 0.028426
0 0.689449 0.258883 0.078560 0.028426
0 0.689449 0.288721 0.078560 0.028426
0 0.689449 0.318560 0.078560 0.028426
0 0.689449 0.348398 0.078560 0.028426
0 0.689449 0.378236 0.078560 0.028426
0 0.689449 0.448287 0.078560 0.028426
0 0.689449 0.478125 0.078560 0.028426
0 0.689449 0.548176 0.078560 0.028426
0 0.689449 0.578014 0.078560 0.028426
0 0.689449 0.607852 0.078560 0.028426
0 0.689449 0.637690 0.078560 0.028426
0 0.689449 0.667529 0.078560 0.028426
0 0.689449 0.697367 0.078560 0.028426
0 0.689449 0.727205 0.078560 0.028426
0 0.689449 0.757043 0.078560 0.028426
0 0.689449 0.786881 0.078560 0.028426
0 0.689449 0.816720 0.078560 0.028426
0 0.689449 0.846558 0.078560 0.028426
0 0.689449 0.876396 0.078560 0.028426
0 0.689449 0.906234 0.078560 0.028426
0 0.689449 0.936072 0.078560 0.028426
0 0.689449 0.965911 0.078560 0.028426
0 0.689449 0.990768 0.078560 0.018464
1 0.824522 0.150095 0.020319 0.022335
7 0.771271 0.227824 0.010504 0.020305
5 0.822742 0.229854 0.113445 0.026396
7 0.771271 0.260311 0.010504 0.020305
5 0.822742 0.262341 0.113445 0.026396
0 0.822742 0.295844 0.113445 0.028426
7 0.771271 0.368940 0.010504 0.020305
5 0.822742 0.370971 0.113445 0.026396
7 0.771271 0.401428 0.010504 0.020305
5 0.822742 0.403458 0.113445 0.026396
7 0.771271 0.433915 0.010504 0.020305
5 0.822742 0.435945 0.113445 0.026396
7 0.771271 0.514118 0.010504 0.020305
5 0.822742 0.516148 0.113445 0.026396
7 0.771271 0.546605 0.010504 0.020305
5 0.822742 0.548636 0.113445 0.026396
7 0.771271 0.626808 0.010504 0.020305
5 0.822742 0.628839 0.113445 0.026396
7 0.771271 0.659296 0.010504 0.020305
5 0.822742 0.661326 0.113445 0.026396
7 0.771271 0.691783 0.010504 0.020305
5 0.822742 0.693813 0.113445 0.026396
0 0.460445 0.176666 0.059020 0.028426
0 0.368702 0.212389 0.013762 0.017259
0 0.401109 0.212389 0.046604 0.017259
0 0.470354 0.212389 0.056370 0.017259
0 0.354742 0.236453 0.025826 0.015228
0 0.433967 0.236453 0.031783 0.015228
0 0.495712 0.236453 0.023429 0.015228
0 0.152574 0.391386 0.087185 0.017259
0 0.305910 0.337674 0.170743 0.017259
0 0.331806 0.364070 0.041565 0.017259
0 0.376879 0.364070 0.026162 0.017259
0 0.254177 0.416862 0.100906 0.017259
0 0.302677 0.430060 0.197906 0.043655
0 0.321864 0.482852 0.236279 0.043655
0 0.256044 0.496050 0.042977 0.017259
0 0.316546 0.496050 0.035977 0.017259
0 0.250751 0.522446 0.255506 0.017259
0 0.403025 0.522446 0.039703 0.017259
0 0.355120 0.548842 0.034098 0.017259
0 0.135135 0.601634 0.052308 0.017259
0 0.201705 0.601634 0.043445 0.017259
0 0.280413 0.601634 0.040162 0.017259
0 0.346278 0.601634 0.054179 0.017259
0 0.296301 0.628030 0.057921 0.017259
0 0.365444 0.628030 0.042977 0.017259
0 0.367528 0.654426 0.049033 0.017259
0 0.241519 0.697065 0.089688 0.017259
0 0.360860 0.697065 0.134060 0.017259
0 0.417608 0.710263 0.064470 0.043655
0 0.265859 0.749857 0.030831 0.017259
0 0.306025 0.749857 0.034565 0.017259
0 0.374442 0.749857 0.087333 0.017259
0 0.437709 0.749857 0.024266 0.017259
0 0.416754 0.896193 0.066176 0.017259
0 0.174341 0.832329 0.052447 0.017259
0 0.352363 0.886739 0.048410 0.017259
0 0.220687 0.967544 0.048549 0.017259
0 0.709821 0.414419 0.060924 0.017259
0 0.524578 0.337674 0.065848 0.017259
0 0.569410 0.350872 0.189141 0.043655
0 0.529477 0.390466 0.109277 0.017259
0 0.530171 0.471272 0.110663 0.017259
0 0.535333 0.499286 0.106035 0.017259
0 0.564991 0.512484 0.180303 0.043655
0 0.608062 0.525682 0.068671 0.017259
0 0.563567 0.580092 0.054162 0.017259
0 0.668662 0.580092 0.038299 0.017259
0 0.520303 0.606488 0.073168 0.017259
0 0.555496 0.641006 0.109777 0.017259
0 0.633030 0.641006 0.030356 0.017259
0 0.694672 0.641006 0.077994 0.017259
0 0.478676 0.667402 0.028960 0.017259
0 0.538455 0.667402 0.070066 0.017259
0 0.593106 0.667402 0.028960 0.017259
0 0.490119 0.693798 0.057445 0.017259
0 0.552004 0.693798 0.056985 0.017259
0 0.613183 0.693798 0.050437 0.017259
0 0.666418 0.693798 0.041098 0.017259
0 0.584686 0.706996 0.246578 0.043655
0 0.529818 0.720194 0.059308 0.017259
0 0.596138 0.720194 0.058397 0.017259
0 0.615128 0.746589 0.080324 0.017259
0 0.701521 0.746589 0.077526 0.017259
0 0.479615 0.829061 0.036436 0.017259
0 0.521415 0.829061 0.037823 0.017259
0 0.596844 0.829061 0.090615 0.017259
0 0.656636 0.829061 0.018694 0.017259
0 0.708508 0.940133 0.063550 0.017259
0 0.484186 0.871701 0.018694 0.017259
0 0.540847 0.871701 0.075934 0.017259
0 0.621783 0.871701 0.054179 0.017259
0 0.562812 0.898096 0.048894 0.017259
0 0.484186 0.926110 0.018694 0.017259
0 0.590201 0.926110 0.060703 0.017259
0 0.538119 0.952506 0.032218 0.017259
0 0.614873 0.952506 0.071773 0.017259
0 0.484186 0.980520 0.018694 0.017259
0 0.519925 0.980520 0.034089 0.017259
0 0.562192 0.985945 0.174706 0.028109
