1 0.109506 0.032995 0.016807 0.032487
6 0.109506 0.032995 0.016807 0.032487
1 0.109506 0.032995 0.016807 0.032487
8 0.109506 0.032995 0.000525 0.001015
8 0.161502 0.065482 0.121849 0.032487
1 0.149447 0.101586 0.080932 0.022335
0 0.157563 0.140165 0.097164 0.028426
0 0.157563 0.170003 0.097164 0.028426
0 0.157563 0.199841 0.097164 0.028426
0 0.157563 0.229680 0.097164 0.028426
0 0.157563 0.259518 0.097164 0.028426
0 0.157563 0.289356 0.097164 0.028426
0 0.157563 0.319194 0.097164 0.028426
0 0.157563 0.349032 0.097164 0.028426
0 0.157563 0.419083 0.097164 0.028426
0 0.157563 0.448921 0.097164 0.028426
0 0.157563 0.478760 0.097164 0.028426
0 0.157563 0.508598 0.097164 0.028426
0 0.175158 0.032995 0.073529 0.037563
1 0.372637 0.032995 0.248950 0.032487
2 0.353310 0.032995 0.210297 0.032487
1 0.477523 0.032995 0.039177 0.032487
0 0.798459 0.032995 0.060514 0.016244
0 0.848452 0.032995 0.031069 0.016244
0 0.876978 0.032995 0.017578 0.016244
0 0.132460 0.109185 0.056411 0.037563
0 0.188891 0.109185 0.039645 0.037563
0 0.570678 0.109185 0.017997 0.037563
0 0.619896 0.109185 0.063632 0.037563
0 0.677899 0.109185 0.035567 0.037563
8 0.724548 0.107662 0.040925 0.034518
6 0.724548 0.107662 0.040925 0.034518
1 0.724548 0.108169 0.040925 0.035533
8 0.719821 0.110707 0.031472 0.016244
8 0.684086 0.141164 0.121849 0.032487
1 0.672031 0.177268 0.080932 0.022335
0 0.680147 0.251380 0.097164 0.028426
0 0.680147 0.281218 0.097164 0.028426
0 0.680147 0.311056 0.097164 0.028426
0 0.680147 0.340895 0.097164 0.028426
0 0.680147 0.370733 0.097164 0.028426
0 0.680147 0.400571 0.097164 0.028426
0 0.680147 0.430409 0.097164 0.028426
0 0.680147 0.460247 0.097164 0.028426
0 0.680147 0.530298 0.097164 0.028426
0 0.680147 0.560136 0.097164 0.028426
0 0.680147 0.589975 0.097164 0.028426
0 0.680147 0.660025 0.097164 0.028426
0 0.680147 0.689864 0.097164 0.028426
0 0.680147 0.719702 0.097164 0.028426
0 0.680147 0.749540 0.097164 0.028426
0 0.680147 0.779378 0.097164 0.028426
0 0.680147 0.809216 0.097164 0.028426
0 0.680147 0.839055 0.097164 0.028426
0 0.680147 0.868893 0.097164 0.028426
0 0.680147 0.898731 0.097164 0.028426
0 0.680147 0.928569 0.097164 0.028426
0 0.680147 0.958407 0.097164 0.028426
0 0.680147 0.987016 0.097164 0.025968
1 0.816460 0.149080 0.033638 0.022335
7 0.771271 0.243052 0.010504 0.020305
5 0.822742 0.245082 0.113445 0.026396
7 0.771271 0.275539 0.010504 0.020305
5 0.822742 0.277570 0.113445 0.026396
0 0.822742 0.319194 0.113445 0.044670
7 0.771271 0.400412 0.010504 0.020305
5 0.822742 0.402443 0.113445 0.026396
7 0.771271 0.432900 0.010504 0.020305
5 0.822742 0.434930 0.113445 0.026396
7 0.771271 0.465387 0.010504 0.020305
5 0.822742 0.467418 0.113445 0.026396
7 0.771271 0.545590 0.010504 0.020305
5 0.822742 0.547621 0.113445 0.026396
7 0.771271 0.578077 0.010504 0.020305
5 0.822742 0.580108 0.113445 0.026396
7 0.771271 0.658280 0.010504 0.020305
5 0.822742 0.660311 0.113445 0.026396
7 0.771271 0.690768 0.010504 0.020305
5 0.822742 0.692798 0.113445 0.026396
7 0.771271 0.723255 0.010504 0.020305
5 0.822742 0.725286 0.113445 0.026396
0 0.140494 0.194464 0.021008 0.035533
0 0.191997 0.194464 0.072889 0.035533
0 0.290380 0.194464 0.071043 0.035533
0 0.209772 0.236802 0.024668 0.021320
0 0.261633 0.236802 0.056616 0.021320
0 0.133929 0.290815 0.007878 0.017259
0 0.169688 0.290815 0.058963 0.017259
0 0.210125 0.290815 0.007878 0.017259
0 0.256791 0.290815 0.085453 0.017259
0 0.310473 0.290815 0.007878 0.017259
0 0.370458 0.290815 0.107414 0.017259
0 0.642668 0.215228 0.037388 0.017259
0 0.671173 0.215228 0.014944 0.017259
0 0.704565 0.215228 0.029420 0.017259
0 0.668568 0.258376 0.101415 0.016244
0 0.479541 0.490133 0.051471 0.017259
0 0.262158 0.441418 0.029436 0.017259
0 0.368661 0.441418 0.019146 0.017259
0 0.265342 0.467814 0.088769 0.017259
0 0.149262 0.494210 0.057453 0.017259
0 0.278193 0.494210 0.021033 0.017259
0 0.163517 0.547002 0.014944 0.017259
0 0.216542 0.547002 0.024767 0.017259
0 0.302041 0.547002 0.022888 0.017259
0 0.195747 0.589641 0.018694 0.017259
0 0.481158 0.589641 0.018694 0.017259
0 0.483718 0.616037 0.018694 0.017259
0 0.283560 0.642433 0.099962 0.017259
0 0.143432 0.668829 0.018694 0.017259
0 0.474659 0.668829 0.018694 0.017259
0 0.380490 0.764261 0.049058 0.017259
0 0.270935 0.817053 0.038308 0.017259
0 0.397986 0.817053 0.030823 0.017259
0 0.202243 0.843449 0.061179 0.017259
0 0.136189 0.896240 0.031307 0.017259
0 0.292878 0.896240 0.069590 0.017259
0 0.147157 0.930758 0.053243 0.017259
0 0.225299 0.930758 0.088104 0.017259
0 0.620647 0.441418 0.046719 0.017259
0 0.683721 0.441418 0.020557 0.017259
0 0.658827 0.536850 0.066341 0.017259
0 0.714655 0.536850 0.035977 0.017259
0 0.618652 0.563246 0.014944 0.017259
0 0.699933 0.563246 0.062598 0.017259
0 0.677743 0.616037 0.042509 0.017259
0 0.677894 0.685073 0.025694 0.017259
0 0.562365 0.711469 0.049050 0.017259
0 0.657026 0.711469 0.113175 0.017259
0 0.666984 0.737865 0.057461 0.017259
0 0.643879 0.764261 0.109301 0.017259
0 0.692970 0.873033 0.073817 0.017259
0 0.606175 0.899429 0.040655 0.017259
0 0.695633 0.899429 0.037372 0.017259
0 0.575339 0.925825 0.048114 0.017259
0 0.665010 0.953839 0.033162 0.017259
0 0.643066 0.967037 0.183569 0.043655
0 0.682547 0.980235 0.088769 0.017259
