0 0.496048 0.338086 0.012645 0.024440
1 0.426189 0.142717 0.082192 0.046636
1 0.565908 0.142717 0.082192 0.046636
1 0.397425 0.208909 0.082192 0.046636
1 0.594672 0.208909 0.082192 0.046636
1 0.391671 0.275100 0.082192 0.046636
1 0.600426 0.275100 0.082192 0.046636
1 0.397425 0.341292 0.082192 0.046636
1 0.594672 0.341292 0.082192 0.046636
1 0.426189 0.407483 0.082192 0.046636
1 0.565908 0.407483 0.082192 0.046636
0 0.496048 0.483548 0.147524 0.046843
4 0.377190 0.589549 0.000527 0.001018
18 0.481296 0.612462 0.207686 0.044807
4 0.561874 0.612462 0.008595 0.024440
3 0.582340 0.612462 0.057956 0.024440
0 0.599891 0.612462 0.029505 0.044807
18 0.599891 0.613480 0.011591 0.022403
0 0.496048 0.685272 0.978612 0.036660
0 0.496044 0.685272 0.158152 0.036660
0 0.499173 0.684763 0.123444 0.019348
1 0.123193 0.758083 0.020326 0.019348
1 0.126239 0.782316 0.026418 0.019348
1 0.194909 0.758083 0.023133 0.019348
1 0.195963 0.782316 0.025240 0.019348
1 0.262888 0.758083 0.018482 0.019348
1 0.266732 0.782316 0.026171 0.019348
1 0.335979 0.758083 0.024038 0.019348
1 0.333509 0.782316 0.019099 0.019348
1 0.412939 0.758083 0.037334 0.019348
1 0.405336 0.782316 0.022129 0.019348
1 0.473854 0.758083 0.018556 0.019348
1 0.481041 0.782316 0.032929 0.019348
1 0.558804 0.770200 0.047830 0.043581
1 0.618122 0.758083 0.025858 0.019348
1 0.623461 0.782316 0.036535 0.019348
1 0.691892 0.758083 0.032773 0.019348
1 0.688751 0.782316 0.026492 0.019348
1 0.753194 0.758083 0.014752 0.019348
1 0.759196 0.782316 0.026755 0.019348
1 0.127980 0.848301 0.029900 0.019348
1 0.122312 0.872534 0.018564 0.019348
1 0.128540 0.896767 0.031019 0.019348
1 0.135365 0.921000 0.044669 0.019348
1 0.130400 0.945233 0.034741 0.019348
1 0.212839 0.860417 0.058993 0.043581
1 0.191818 0.896767 0.016950 0.019348
1 0.202421 0.921000 0.038157 0.019348
1 0.193398 0.945233 0.020112 0.019348
1 0.195230 0.969466 0.023775 0.019348
1 0.268152 0.848301 0.029011 0.019348
1 0.263596 0.872534 0.019898 0.019348
1 0.261151 0.896767 0.015008 0.019348
1 0.268428 0.921000 0.029562 0.019348
1 0.269832 0.945233 0.032370 0.019348
1 0.266037 0.969466 0.024779 0.019348
1 0.335522 0.848301 0.023125 0.019348
1 0.335024 0.872534 0.022129 0.019348
1 0.338654 0.896767 0.029389 0.019348
1 0.331476 0.921000 0.015032 0.019348
1 0.337045 0.945233 0.026171 0.019348
1 0.352118 0.969466 0.056318 0.019348
1 0.404336 0.848301 0.020128 0.019348
1 0.413293 0.872534 0.038042 0.019348
1 0.403039 0.896767 0.017535 0.019348
1 0.403994 0.921000 0.019445 0.019348
1 0.407378 0.945233 0.026212 0.019348
1 0.406917 0.969466 0.025290 0.019348
1 0.476879 0.848301 0.024606 0.019348
1 0.485515 0.872534 0.041878 0.019348
1 0.479934 0.896767 0.030715 0.019348
1 0.473286 0.921000 0.017420 0.019348
1 0.488866 0.945233 0.048579 0.019348
1 0.557161 0.860417 0.044545 0.043581
1 0.554914 0.896767 0.040050 0.019348
1 0.570452 0.921000 0.024220 0.019348
1 0.547690 0.945233 0.025603 0.019348
1 0.549859 0.969466 0.029941 0.019348
1 0.624506 0.860417 0.038626 0.043581
1 0.633249 0.908883 0.056112 0.043581
1 0.618472 0.945233 0.026558 0.019348
1 0.628787 0.969466 0.047188 0.019348
1 0.692863 0.848301 0.034716 0.019348
1 0.694428 0.872534 0.037844 0.019348
1 0.700927 0.896767 0.050843 0.019348
1 0.702668 0.933116 0.054325 0.043581
1 0.685784 0.969466 0.020556 0.019348
1 0.759727 0.848301 0.027817 0.019348
1 0.756767 0.872534 0.021898 0.019348
1 0.773985 0.896767 0.056334 0.019348
1 0.757611 0.921000 0.023586 0.019348
1 0.761093 0.945233 0.030550 0.019348
1 0.758199 0.969466 0.024763 0.019348
1 0.826285 0.848301 0.020326 0.019348
1 0.826524 0.872534 0.020803 0.019348
1 0.821975 0.896767 0.011706 0.019348
1 0.823498 0.921000 0.014752 0.019348
1 0.181581 0.852469 0.128359 0.017312
1 0.181614 0.913060 0.128425 0.017312
1 0.450557 0.821920 0.202615 0.077393
1 0.660465 0.821920 0.202615 0.077393
1 0.870373 0.821920 0.202615 0.077393
1 0.450557 0.913569 0.202615 0.077393
1 0.660465 0.913569 0.202615 0.077393
1 0.870373 0.913569 0.202615 0.077393
1 0.450557 0.983261 0.202615 0.033478
1 0.660465 0.983261 0.202615 0.033478
1 0.870373 0.983261 0.202615 0.033478
