17 0.108272 0.033605 0.016860 0.032587
17 0.108272 0.033605 0.016860 0.032587
0 0.108272 0.033605 0.016860 0.032587
17 0.108272 0.033605 0.010537 0.020367
0 0.138674 0.102406 0.061858 0.022403
1 0.156481 0.141102 0.097471 0.028513
1 0.156481 0.171032 0.097471 0.028513
1 0.156481 0.200961 0.097471 0.028513
1 0.156481 0.230890 0.097471 0.028513
1 0.156481 0.260820 0.097471 0.028513
1 0.156481 0.290749 0.097471 0.028513
1 0.156481 0.320678 0.097471 0.028513
1 0.156481 0.350608 0.097471 0.028513
1 0.156481 0.420873 0.097471 0.028513
1 0.156481 0.450802 0.097471 0.028513
1 0.156481 0.480731 0.097471 0.028513
1 0.156481 0.550996 0.097471 0.028513
1 0.156481 0.580925 0.097471 0.028513
1 0.156481 0.610855 0.097471 0.028513
1 0.156481 0.640784 0.097471 0.028513
1 0.156481 0.670713 0.097471 0.028513
1 0.156481 0.740978 0.097471 0.028513
1 0.156481 0.770908 0.097471 0.028513
1 0.171496 0.033605 0.094837 0.050916
10 0.137250 0.033605 0.026344 0.050916
10 0.187302 0.023931 0.063224 0.018330
10 0.187302 0.045316 0.063224 0.014257
18 0.372234 0.033605 0.249737 0.032587
18 0.359000 0.033605 0.223270 0.032587
18 0.483605 0.033605 0.026994 0.032587
1 0.772553 0.033605 0.044693 0.016293
1 0.824132 0.033605 0.050036 0.016293
1 0.870176 0.033605 0.033621 0.016293
1 0.518128 0.106972 0.032617 0.015275
20 0.884352 0.106972 0.015806 0.030550
1 0.113866 0.171223 0.021725 0.037678
1 0.154892 0.171223 0.043467 0.037678
1 0.587802 0.171223 0.016819 0.037678
1 0.625963 0.171223 0.042644 0.037678
1 0.676419 0.171223 0.041409 0.037678
5 0.725669 0.169695 0.040231 0.034623
0 0.725669 0.170204 0.040231 0.035642
0 0.662910 0.239514 0.061858 0.022403
1 0.680717 0.313852 0.097471 0.028513
1 0.680717 0.343782 0.097471 0.028513
1 0.680717 0.373711 0.097471 0.028513
1 0.680717 0.403641 0.097471 0.028513
1 0.680717 0.433570 0.097471 0.028513
1 0.680717 0.463499 0.097471 0.028513
1 0.680717 0.493429 0.097471 0.028513
1 0.680717 0.523358 0.097471 0.028513
1 0.680717 0.593623 0.097471 0.028513
1 0.680717 0.623552 0.097471 0.028513
1 0.680717 0.653481 0.097471 0.028513
1 0.680717 0.723746 0.097471 0.028513
1 0.680717 0.753676 0.097471 0.028513
1 0.680717 0.783605 0.097471 0.028513
1 0.680717 0.813534 0.097471 0.028513
1 0.680717 0.843464 0.097471 0.028513
1 0.680717 0.873393 0.097471 0.028513
1 0.680717 0.903322 0.097471 0.028513
1 0.680717 0.933252 0.097471 0.028513
1 0.680717 0.963181 0.097471 0.028513
1 0.680717 0.989427 0.097471 0.021146
0 0.827804 0.205544 0.045690 0.022403
6 0.772129 0.283509 0.010537 0.020367
4 0.823762 0.285546 0.113804 0.026477
6 0.772129 0.316096 0.010537 0.020367
4 0.823762 0.318133 0.113804 0.026477
1 0.823762 0.359884 0.113804 0.044807
6 0.772129 0.441351 0.010537 0.020367
4 0.823762 0.443387 0.113804 0.026477
6 0.772129 0.473937 0.010537 0.020367
4 0.823762 0.475974 0.113804 0.026477
6 0.772129 0.506524 0.010537 0.020367
4 0.823762 0.508560 0.113804 0.026477
6 0.772129 0.586972 0.010537 0.020367
4 0.823762 0.589008 0.113804 0.026477
6 0.772129 0.619558 0.010537 0.020367
4 0.823762 0.621595 0.113804 0.026477
6 0.772129 0.700006 0.010537 0.020367
4 0.823762 0.702043 0.113804 0.026477
6 0.772129 0.732593 0.010537 0.020367
4 0.823762 0.734630 0.113804 0.026477
6 0.772129 0.765179 0.010537 0.020367
4 0.823762 0.767216 0.113804 0.026477
1 0.340860 0.234359 0.064229 0.031568
1 0.240175 0.269698 0.044529 0.017312
1 0.275582 0.269698 0.021824 0.017312
1 0.360635 0.269698 0.104633 0.017312
1 0.614158 0.234550 0.054778 0.017312
1 0.701421 0.234550 0.067209 0.017312
1 0.664458 0.254662 0.024499 0.017312
1 0.272359 0.299946 0.028583 0.017312
1 0.310310 0.299946 0.032337 0.017312
1 0.341935 0.299946 0.015930 0.017312
1 0.371921 0.299946 0.029060 0.017312
1 0.404484 0.299946 0.021083 0.017312
1 0.440328 0.299946 0.035621 0.017312
1 0.485544 0.299946 0.039828 0.017312
1 0.521388 0.299946 0.016876 0.017312
1 0.564019 0.299946 0.053403 0.017312
10 0.118282 0.353631 0.020021 0.038697
1 0.143836 0.445297 0.065859 0.017312
10 0.143836 0.446665 0.065859 0.084521
1 0.217141 0.413060 0.052942 0.017312
1 0.289540 0.413060 0.031859 0.017312
1 0.309919 0.426298 0.238499 0.043788
1 0.266041 0.439537 0.076075 0.017312
1 0.316180 0.598396 0.021091 0.017312
1 0.346170 0.598396 0.029521 0.017312
1 0.394445 0.598396 0.024845 0.017312
1 0.266255 0.624873 0.030929 0.017312
1 0.383870 0.624873 0.026253 0.017312
1 0.220096 0.704302 0.029529 0.017312
1 0.298575 0.704302 0.072140 0.017312
1 0.257335 0.757256 0.063718 0.017312
1 0.222800 0.798498 0.043566 0.016293
1 0.297719 0.798498 0.089395 0.016293
1 0.396342 0.798498 0.090976 0.016293
1 0.238450 0.839533 0.021552 0.017312
1 0.301856 0.839533 0.087131 0.017312
1 0.364858 0.838515 0.028566 0.023422
1 0.418327 0.838515 0.052144 0.023422
10 0.118282 0.900347 0.020021 0.038697
10 0.415330 0.971073 0.063751 0.057854
1 0.170076 0.956514 0.095586 0.017312
1 0.169603 0.982991 0.025306 0.017312
1 0.208027 0.982991 0.042174 0.017312
10 0.473549 0.353631 0.020021 0.038697
1 0.468281 0.404913 0.008430 0.017312
10 0.468281 0.406282 0.008430 0.016293
1 0.483786 0.544425 0.039441 0.015275
1 0.511875 0.544425 0.007977 0.015275
1 0.552222 0.544425 0.052959 0.015275
1 0.587069 0.544425 0.007977 0.015275
1 0.629816 0.544425 0.057758 0.015275
1 0.667063 0.544425 0.007977 0.015275
1 0.705833 0.544425 0.049806 0.015275
1 0.470442 0.570901 0.007977 0.015275
1 0.501968 0.570901 0.035317 0.015275
1 0.527994 0.570901 0.007977 0.015275
1 0.582089 0.570901 0.080455 0.015275
1 0.630684 0.570901 0.007977 0.015275
1 0.669249 0.570901 0.049394 0.015275
1 0.702314 0.570901 0.007977 0.015275
1 0.507870 0.597378 0.087609 0.015275
1 0.560043 0.597378 0.007977 0.015275
1 0.600990 0.597378 0.054161 0.015275
1 0.636439 0.597378 0.007977 0.015275
1 0.587255 0.610616 0.246378 0.041752
1 0.507496 0.623854 0.007977 0.015275
1 0.496135 0.688200 0.064138 0.015275
1 0.536572 0.688200 0.007977 0.015275
1 0.591260 0.688200 0.081640 0.015275
1 0.640448 0.688200 0.007977 0.015275
1 0.683989 0.688200 0.059347 0.015275
1 0.722031 0.688200 0.007977 0.015275
1 0.493801 0.714677 0.059470 0.015275
1 0.531904 0.714677 0.007977 0.015275
1 0.564097 0.714677 0.036650 0.015275
1 0.590790 0.714677 0.007977 0.015275
1 0.528723 0.740135 0.129314 0.017312
1 0.665758 0.740135 0.129758 0.017312
10 0.473549 0.784655 0.020021 0.038697
1 0.477028 0.844084 0.025924 0.017312
1 0.714436 0.941573 0.051106 0.016293
10 0.714436 0.937062 0.051106 0.125875
1 0.486927 0.886854 0.018753 0.017312
1 0.523005 0.886854 0.038420 0.017312
1 0.606177 0.886854 0.059495 0.017312
1 0.570090 0.900092 0.185080 0.043788
1 0.494888 0.939807 0.034675 0.017312
1 0.486927 0.967907 0.018753 0.017312
1 0.525586 0.967907 0.043582 0.017312
1 0.578063 0.979625 0.201026 0.040749
