1 0.109506 0.033503 0.016807 0.032487
6 0.109506 0.033503 0.016807 0.032487
1 0.109506 0.033503 0.016807 0.032487
8 0.109506 0.033503 0.000525 0.001015
8 0.161502 0.065990 0.121849 0.032487
1 0.155930 0.102094 0.093898 0.022335
0 0.157563 0.140673 0.097164 0.028426
0 0.157563 0.170511 0.097164 0.028426
0 0.157563 0.200349 0.097164 0.028426
0 0.157563 0.230187 0.097164 0.028426
0 0.157563 0.300238 0.097164 0.028426
0 0.157563 0.330076 0.097164 0.028426
0 0.157563 0.359914 0.097164 0.028426
0 0.157563 0.389753 0.097164 0.028426
0 0.157563 0.419591 0.097164 0.028426
0 0.157563 0.449429 0.097164 0.028426
0 0.172532 0.033503 0.094538 0.050761
1 0.372637 0.033503 0.248950 0.032487
2 0.353315 0.033503 0.210306 0.032487
1 0.477527 0.033503 0.039169 0.032487
0 0.744104 0.033503 0.045784 0.016244
0 0.809825 0.033503 0.077255 0.016244
0 0.869210 0.033503 0.033113 0.016244
0 0.121832 0.110200 0.035156 0.037563
0 0.165593 0.110200 0.035558 0.037563
0 0.538997 0.110200 0.020040 0.037563
0 0.587874 0.110200 0.060908 0.037563
0 0.658412 0.110200 0.063362 0.037563
8 0.721754 0.108677 0.046514 0.034518
6 0.721754 0.108677 0.046514 0.034518
1 0.721754 0.109185 0.046514 0.035533
8 0.717027 0.111723 0.037060 0.016244
8 0.684086 0.142180 0.121849 0.032487
1 0.678514 0.178284 0.093898 0.022335
0 0.680147 0.252395 0.097164 0.028426
0 0.680147 0.290355 0.097164 0.044670
0 0.680147 0.328315 0.097164 0.028426
0 0.680147 0.358154 0.097164 0.028426
0 0.680147 0.387992 0.097164 0.028426
0 0.680147 0.458043 0.097164 0.028426
0 0.680147 0.487881 0.097164 0.028426
1 0.852707 0.150095 0.037495 0.022335
7 0.771271 0.227824 0.010504 0.020305
5 0.822742 0.229854 0.113445 0.026396
7 0.771271 0.260311 0.010504 0.020305
5 0.822742 0.262341 0.113445 0.026396
7 0.771271 0.292798 0.010504 0.020305
5 0.822742 0.294829 0.113445 0.026396
7 0.771271 0.373001 0.010504 0.020305
5 0.822742 0.375032 0.113445 0.026396
7 0.771271 0.405489 0.010504 0.020305
5 0.822742 0.407519 0.113445 0.026396
7 0.771271 0.485692 0.010504 0.020305
5 0.822742 0.487722 0.113445 0.026396
7 0.771271 0.518179 0.010504 0.020305
5 0.822742 0.520209 0.113445 0.026396
7 0.771271 0.550666 0.010504 0.020305
5 0.822742 0.552697 0.113445 0.026396
0 0.129854 0.195654 0.036428 0.017259
0 0.295911 0.195654 0.049985 0.017259
0 0.365751 0.195654 0.053260 0.017259
0 0.489791 0.195654 0.111656 0.017259
0 0.645590 0.195654 0.037388 0.017259
0 0.132369 0.264689 0.015756 0.017259
0 0.165934 0.264689 0.046694 0.017259
0 0.212103 0.264689 0.015756 0.017259
0 0.244974 0.264689 0.045308 0.017259
0 0.290449 0.264689 0.015756 0.017259
0 0.325655 0.264689 0.049977 0.017259
0 0.373465 0.264689 0.015756 0.017259
0 0.417989 0.264689 0.068614 0.017259
0 0.475118 0.264689 0.015756 0.017259
0 0.501908 0.264689 0.033146 0.017259
0 0.541303 0.264689 0.015756 0.017259
0 0.562492 0.264689 0.021944 0.017259
0 0.596286 0.264689 0.015756 0.017259
0 0.622070 0.264689 0.031135 0.017259
0 0.660460 0.264689 0.015756 0.017259
0 0.697725 0.264689 0.054097 0.017259
0 0.264017 0.300571 0.082655 0.017259
0 0.367454 0.300571 0.094333 0.017259
0 0.477162 0.300571 0.095194 0.017259
0 0.583135 0.300571 0.086865 0.017259
0 0.276806 0.335089 0.043896 0.017259
0 0.350594 0.335089 0.073792 0.017259
0 0.416684 0.335089 0.028501 0.017259
0 0.458956 0.335089 0.026154 0.017259
0 0.501686 0.335089 0.029420 0.017259
0 0.562873 0.335089 0.063066 0.017259
0 0.728048 0.430251 0.019433 0.017259
0 0.158101 0.429457 0.036428 0.017259
0 0.248482 0.429457 0.055590 0.017259
0 0.634930 0.429457 0.104632 0.017259
0 0.198985 0.457471 0.085486 0.017259
0 0.324892 0.457471 0.096228 0.017259
0 0.125681 0.684089 0.028361 0.017259
0 0.186569 0.553474 0.050445 0.017259
0 0.287142 0.976317 0.047630 0.016244
0 0.461758 0.548588 0.051372 0.017259
0 0.516897 0.548588 0.036896 0.017259
0 0.583246 0.548588 0.073792 0.017259
0 0.664317 0.548588 0.066341 0.017259
0 0.707023 0.619178 0.061450 0.017259
0 0.608444 0.584105 0.043453 0.017259
0 0.537544 0.610501 0.021960 0.017259
0 0.647018 0.610501 0.029740 0.017259
0 0.552513 0.650095 0.205997 0.043655
0 0.627971 0.691307 0.024291 0.017259
0 0.661605 0.691307 0.033638 0.017259
0 0.711594 0.691307 0.028952 0.017259
0 0.505026 0.717703 0.050297 0.017259
0 0.471930 0.772113 0.044832 0.017259
0 0.691993 0.804283 0.091510 0.016244
0 0.477769 0.897224 0.056509 0.017259
0 0.482135 0.925238 0.065241 0.017259
0 0.466563 0.953252 0.034098 0.017259
0 0.478003 0.981266 0.056977 0.017259
