1 0.183614 0.027495 0.052687 0.054990
1 0.232403 0.028004 0.025924 0.017312
1 0.268675 0.028004 0.022960 0.017312
1 0.307915 0.028004 0.031859 0.017312
1 0.350204 0.028004 0.029060 0.017312
1 0.390851 0.028004 0.028574 0.017312
1 0.429782 0.028004 0.025627 0.017312
1 0.789976 0.027495 0.021618 0.054990
1 0.815204 0.027495 0.025545 0.054990
18 0.715416 0.028004 0.115911 0.033605
0 0.665837 0.026365 0.014645 0.033605
0 0.569497 0.026825 0.039515 0.033605
0 0.619789 0.026825 0.039515 0.033605
10 0.496048 0.227088 0.305585 0.158859
0 0.786642 0.418979 0.014752 0.028513
0 0.805321 0.418979 0.014752 0.028513
1 0.206529 0.419488 0.041615 0.015275
1 0.256837 0.419488 0.040034 0.015275
1 0.301567 0.419488 0.030460 0.015275
1 0.340000 0.419488 0.027438 0.015275
1 0.376338 0.419488 0.026269 0.015275
1 0.248967 0.494845 0.115953 0.027495
1 0.232770 0.629360 0.083558 0.017312
10 0.232770 0.576359 0.083558 0.117203
1 0.320876 0.550248 0.076849 0.017312
1 0.325095 0.584474 0.085287 0.040129
1 0.214420 0.709967 0.046859 0.017312
1 0.325244 0.709967 0.052967 0.017312
1 0.291964 0.744192 0.201948 0.040129
1 0.202676 0.780454 0.023372 0.015275
1 0.480329 0.494845 0.122934 0.027495
1 0.430548 0.917356 0.023372 0.015275
1 0.600072 0.970818 0.055387 0.024440
1 0.222158 0.995593 0.057067 0.008815
1 0.727871 0.583630 0.148577 0.024440
1 0.727871 0.612653 0.148577 0.024440
1 0.727871 0.641675 0.148577 0.024440
1 0.727871 0.670698 0.148577 0.024440
1 0.727871 0.699720 0.148577 0.024440
1 0.727871 0.728742 0.148577 0.024440
1 0.727871 0.757765 0.148577 0.024440
1 0.727871 0.786787 0.148577 0.024440
1 0.731823 0.815810 0.140674 0.024440
1 0.731823 0.815810 0.140674 0.024440
1 0.735774 0.844832 0.132771 0.024440
1 0.735774 0.844832 0.132771 0.024440
1 0.735774 0.844832 0.132771 0.024440
1 0.735774 0.844832 0.132771 0.024440
1 0.735774 0.844832 0.132771 0.024440
1 0.735774 0.844832 0.132771 0.024440
1 0.735774 0.844832 0.132771 0.024440
1 0.735774 0.844832 0.132771 0.024440
1 0.735774 0.844832 0.132771 0.024440
1 0.735774 0.844832 0.132771 0.024440
1 0.735774 0.844832 0.132771 0.024440
1 0.735774 0.844832 0.132771 0.024440
1 0.731823 0.815810 0.140674 0.024440
1 0.735774 0.844832 0.132771 0.024440
1 0.735774 0.844832 0.132771 0.024440
1 0.735774 0.844832 0.132771 0.024440
1 0.735774 0.844832 0.132771 0.024440
1 0.735774 0.844832 0.132771 0.024440
1 0.735774 0.844832 0.132771 0.024440
1 0.735774 0.844832 0.132771 0.024440
1 0.735774 0.844832 0.132771 0.024440
1 0.735774 0.844832 0.132771 0.024440
1 0.735774 0.844832 0.132771 0.024440
1 0.735774 0.844832 0.132771 0.024440
1 0.735774 0.844832 0.132771 0.024440
1 0.735774 0.844832 0.132771 0.024440
1 0.735774 0.844832 0.132771 0.024440
1 0.735774 0.844832 0.132771 0.024440
1 0.735774 0.844832 0.132771 0.024440
1 0.735774 0.844832 0.132771 0.024440
1 0.735774 0.844832 0.132771 0.024440
1 0.731823 0.815810 0.140674 0.024440
1 0.735774 0.844832 0.132771 0.024440
1 0.735774 0.844832 0.132771 0.024440
1 0.735774 0.844832 0.132771 0.024440
1 0.735774 0.844832 0.132771 0.024440
1 0.735774 0.844832 0.132771 0.024440
1 0.735774 0.844832 0.132771 0.024440
1 0.735774 0.844832 0.132771 0.024440
1 0.735774 0.844832 0.132771 0.024440
1 0.735774 0.844832 0.132771 0.024440
1 0.735774 0.844832 0.132771 0.024440
1 0.735774 0.844832 0.132771 0.024440
1 0.735774 0.844832 0.132771 0.024440
1 0.731823 0.815810 0.140674 0.024440
1 0.735774 0.844832 0.132771 0.024440
1 0.735774 0.844832 0.132771 0.024440
1 0.735774 0.844832 0.132771 0.024440
1 0.735774 0.844832 0.132771 0.024440
1 0.735774 0.844832 0.132771 0.024440
1 0.735774 0.844832 0.132771 0.024440
1 0.735774 0.844832 0.132771 0.024440
1 0.735774 0.844832 0.132771 0.024440
1 0.735774 0.844832 0.132771 0.024440
1 0.735774 0.844832 0.132771 0.024440
1 0.735774 0.844832 0.132771 0.024440
1 0.735774 0.844832 0.132771 0.024440
1 0.735774 0.844832 0.132771 0.024440
1 0.735774 0.844832 0.132771 0.024440
1 0.731823 0.815810 0.140674 0.024440
1 0.735774 0.844832 0.132771 0.024440
1 0.735774 0.844832 0.132771 0.024440
1 0.735774 0.844832 0.132771 0.024440
1 0.735774 0.844832 0.132771 0.024440
1 0.735774 0.844832 0.132771 0.024440
1 0.735774 0.844832 0.132771 0.024440
1 0.735774 0.844832 0.132771 0.024440
1 0.735774 0.844832 0.132771 0.024440
1 0.735774 0.844832 0.132771 0.024440
1 0.735774 0.844832 0.132771 0.024440
1 0.735774 0.844832 0.132771 0.024440
1 0.735774 0.844832 0.132771 0.024440
1 0.735774 0.844832 0.132771 0.024440
1 0.735774 0.844832 0.132771 0.024440
1 0.727871 0.815810 0.148577 0.024440
1 0.731823 0.844832 0.140674 0.024440
1 0.735774 0.873854 0.132771 0.024440
1 0.735774 0.873854 0.132771 0.024440
1 0.735774 0.873854 0.132771 0.024440
1 0.735774 0.873854 0.132771 0.024440
1 0.735774 0.873854 0.132771 0.024440
1 0.735774 0.873854 0.132771 0.024440
1 0.735774 0.873854 0.132771 0.024440
1 0.735774 0.873854 0.132771 0.024440
1 0.735774 0.873854 0.132771 0.024440
1 0.735774 0.873854 0.132771 0.024440
1 0.735774 0.873854 0.132771 0.024440
1 0.735774 0.873854 0.132771 0.024440
1 0.735774 0.873854 0.132771 0.024440
1 0.731823 0.844832 0.140674 0.024440
1 0.735774 0.873854 0.132771 0.024440
1 0.735774 0.873854 0.132771 0.024440
1 0.735774 0.873854 0.132771 0.024440
1 0.735774 0.873854 0.132771 0.024440
1 0.735774 0.873854 0.132771 0.024440
1 0.731823 0.844832 0.140674 0.024440
1 0.735774 0.873854 0.132771 0.024440
1 0.735774 0.873854 0.132771 0.024440
1 0.735774 0.873854 0.132771 0.024440
1 0.735774 0.873854 0.132771 0.024440
1 0.735774 0.873854 0.132771 0.024440
1 0.735774 0.873854 0.132771 0.024440
1 0.735774 0.873854 0.132771 0.024440
1 0.735774 0.873854 0.132771 0.024440
1 0.735774 0.873854 0.132771 0.024440
1 0.735774 0.873854 0.132771 0.024440
1 0.731823 0.844832 0.140674 0.024440
1 0.731823 0.844832 0.140674 0.024440
1 0.731823 0.844832 0.140674 0.024440
1 0.731823 0.844832 0.140674 0.024440
