1 0.206006 0.044807 0.092202 0.040733
10 0.206006 0.045069 0.092202 0.041258
10 0.206006 0.045069 0.092202 0.041258
17 0.350093 0.044807 0.094812 0.040733
17 0.350093 0.044807 0.094812 0.040733
17 0.293026 0.196920 0.215663 0.120927
17 0.508689 0.158955 0.215663 0.044997
17 0.483399 0.154882 0.165083 0.036851
17 0.508689 0.203952 0.215663 0.044997
17 0.483399 0.199879 0.165083 0.036851
17 0.508689 0.248950 0.215663 0.044997
17 0.483399 0.244877 0.165083 0.036851
17 0.508689 0.293947 0.215663 0.044997
17 0.483399 0.289874 0.165083 0.036851
17 0.724352 0.158955 0.215663 0.044997
17 0.699062 0.154882 0.165083 0.036851
17 0.724352 0.203952 0.215663 0.044997
17 0.699062 0.199879 0.165083 0.036851
17 0.724352 0.248950 0.215663 0.044997
17 0.699062 0.244877 0.165083 0.036851
17 0.458093 0.044807 0.070609 0.040733
17 0.458093 0.044807 0.070609 0.040733
17 0.293026 0.196920 0.215663 0.120927
17 0.616521 0.158955 0.431326 0.044997
17 0.591231 0.154882 0.380746 0.036851
17 0.616521 0.203952 0.431326 0.044997
17 0.591231 0.199879 0.380746 0.036851
17 0.545426 0.044807 0.053477 0.040733
17 0.545426 0.044807 0.053477 0.040733
17 0.293026 0.191828 0.215663 0.110743
17 0.616521 0.158955 0.431326 0.044997
17 0.591231 0.154882 0.380746 0.036851
17 0.616521 0.203952 0.431326 0.044997
17 0.591231 0.199879 0.380746 0.036851
17 0.616521 0.248950 0.431326 0.044997
17 0.591231 0.244877 0.380746 0.036851
10 0.323762 0.593686 0.327713 0.812627
0 0.668335 0.719625 0.108173 0.054576
1 0.241607 0.979108 0.045154 0.018330
0 0.708900 0.954907 0.129009 0.049675
0 0.829508 0.954907 0.090967 0.049675
