1 0.109506 0.033503 0.016807 0.032487
6 0.109506 0.033503 0.016807 0.032487
1 0.109506 0.033503 0.016807 0.032487
8 0.109506 0.033503 0.000525 0.001015
8 0.161502 0.065990 0.121849 0.032487
1 0.149443 0.102094 0.080923 0.022335
0 0.157563 0.140673 0.097164 0.028426
0 0.157563 0.170511 0.097164 0.028426
0 0.157563 0.200349 0.097164 0.028426
0 0.157563 0.230187 0.097164 0.028426
0 0.157563 0.260025 0.097164 0.028426
0 0.157563 0.289864 0.097164 0.028426
0 0.157563 0.319702 0.097164 0.028426
0 0.157563 0.349540 0.097164 0.028426
0 0.157563 0.419591 0.097164 0.028426
0 0.157563 0.449429 0.097164 0.028426
0 0.157563 0.479267 0.097164 0.028426
0 0.157563 0.509105 0.097164 0.028426
0 0.157563 0.538944 0.097164 0.028426
0 0.157563 0.568782 0.097164 0.028426
0 0.157563 0.598620 0.097164 0.028426
0 0.157563 0.628458 0.097164 0.028426
0 0.157563 0.658296 0.097164 0.028426
0 0.172532 0.033503 0.094538 0.050761
1 0.372637 0.033503 0.248950 0.032487
2 0.351271 0.033503 0.206219 0.032487
1 0.475483 0.033503 0.043256 0.032487
0 0.788476 0.033503 0.015945 0.016244
0 0.818630 0.033503 0.035960 0.016244
0 0.863289 0.033503 0.044955 0.016244
0 0.130416 0.110200 0.052324 0.037563
0 0.181944 0.110200 0.033925 0.037563
0 0.569742 0.110200 0.010627 0.037563
0 0.610032 0.110200 0.053145 0.037563
0 0.665240 0.110200 0.040466 0.037563
8 0.719443 0.108677 0.051134 0.034518
6 0.719443 0.108677 0.051134 0.034518
1 0.719443 0.109185 0.051134 0.035533
8 0.714717 0.111723 0.041680 0.016244
8 0.684086 0.142180 0.121849 0.032487
1 0.672027 0.178284 0.080923 0.022335
0 0.680147 0.252395 0.097164 0.028426
0 0.680147 0.282234 0.097164 0.028426
0 0.680147 0.312072 0.097164 0.028426
0 0.680147 0.341910 0.097164 0.028426
0 0.680147 0.371748 0.097164 0.028426
0 0.680147 0.401586 0.097164 0.028426
0 0.680147 0.439546 0.097164 0.044670
0 0.680147 0.485628 0.097164 0.044670
0 0.680147 0.563801 0.097164 0.028426
0 0.680147 0.593639 0.097164 0.028426
0 0.680147 0.623477 0.097164 0.028426
0 0.680147 0.693528 0.097164 0.028426
0 0.680147 0.723366 0.097164 0.028426
0 0.680147 0.753204 0.097164 0.028426
0 0.680147 0.783043 0.097164 0.028426
0 0.680147 0.812881 0.097164 0.028426
0 0.680147 0.842719 0.097164 0.028426
0 0.680147 0.872557 0.097164 0.028426
0 0.680147 0.902395 0.097164 0.028426
0 0.680147 0.932234 0.097164 0.028426
0 0.680147 0.962072 0.097164 0.028426
0 0.680147 0.988848 0.097164 0.022303
1 0.821486 0.150095 0.027327 0.022335
7 0.771271 0.227824 0.010504 0.020305
5 0.822742 0.229854 0.113445 0.026396
7 0.771271 0.260311 0.010504 0.020305
5 0.822742 0.262341 0.113445 0.026396
0 0.822742 0.303966 0.113445 0.044670
7 0.771271 0.385184 0.010504 0.020305
5 0.822742 0.387214 0.113445 0.026396
7 0.771271 0.417671 0.010504 0.020305
5 0.822742 0.419702 0.113445 0.026396
7 0.771271 0.450159 0.010504 0.020305
5 0.822742 0.452189 0.113445 0.026396
7 0.771271 0.530362 0.010504 0.020305
5 0.822742 0.532392 0.113445 0.026396
7 0.771271 0.562849 0.010504 0.020305
5 0.822742 0.564879 0.113445 0.026396
7 0.771271 0.643052 0.010504 0.020305
5 0.822742 0.645082 0.113445 0.026396
7 0.771271 0.675539 0.010504 0.020305
5 0.822742 0.677570 0.113445 0.026396
7 0.771271 0.708027 0.010504 0.020305
5 0.822742 0.710057 0.113445 0.026396
0 0.239816 0.197510 0.118665 0.043655
0 0.365862 0.197510 0.090837 0.043655
0 0.231581 0.238119 0.060736 0.023350
0 0.275001 0.238119 0.020032 0.023350
0 0.388881 0.238119 0.026728 0.023350
0 0.606544 0.193449 0.025226 0.017259
0 0.654194 0.193449 0.037380 0.017259
0 0.625234 0.219845 0.054187 0.017259
0 0.539288 0.262484 0.021493 0.017259
0 0.568716 0.262484 0.022428 0.017259
0 0.606552 0.262484 0.038308 0.017259
0 0.649053 0.262484 0.031759 0.017259
0 0.685477 0.262484 0.026154 0.017259
0 0.141483 0.336088 0.013877 0.016244
0 0.212259 0.336088 0.026917 0.016244
0 0.283039 0.336088 0.025226 0.016244
0 0.353819 0.336088 0.028164 0.016244
0 0.424600 0.336088 0.020171 0.016244
0 0.495380 0.336088 0.033220 0.016244
0 0.566160 0.336088 0.025637 0.016244
0 0.636940 0.336088 0.039095 0.016244
0 0.707753 0.336088 0.028164 0.016244
0 0.405347 0.498509 0.079832 0.103141
0 0.437385 0.534851 0.010504 0.020305
0 0.153788 0.467751 0.088564 0.017259
0 0.250390 0.467751 0.048590 0.017259
0 0.304815 0.467751 0.032227 0.017259
0 0.177710 0.494147 0.053260 0.017259
0 0.260406 0.573334 0.035501 0.017259
0 0.305717 0.573334 0.045784 0.017259
0 0.343319 0.573334 0.020081 0.017259
0 0.372985 0.573334 0.020557 0.017259
0 0.276741 0.612928 0.334469 0.043655
0 0.273688 0.639324 0.328363 0.043655
0 0.364984 0.652522 0.046719 0.017259
0 0.251284 0.731710 0.071437 0.017259
0 0.293999 0.774350 0.120987 0.017259
0 0.374036 0.787548 0.142455 0.043655
0 0.388980 0.800746 0.112567 0.017259
0 0.165687 0.852348 0.009454 0.017259
0 0.177365 0.852348 0.009454 0.017259
0 0.306747 0.852348 0.074087 0.017259
0 0.357557 0.852348 0.017767 0.017259
0 0.397998 0.852348 0.049230 0.017259
0 0.436380 0.852348 0.017767 0.017259
0 0.706408 0.493131 0.066702 0.092386
0 0.731880 0.524096 0.010504 0.020305
0 0.524303 0.464499 0.061671 0.017259
0 0.561507 0.477697 0.182494 0.043655
0 0.566484 0.490895 0.098075 0.017259
0 0.563444 0.504093 0.186368 0.043655
0 0.535891 0.545305 0.043437 0.017259
0 0.619256 0.545305 0.054162 0.017259
0 0.520947 0.571701 0.045308 0.017259
0 0.661079 0.571701 0.076131 0.017259
0 0.495257 0.599714 0.023831 0.017259
0 0.557309 0.599714 0.090935 0.017259
0 0.517439 0.626110 0.048566 0.017259
0 0.577686 0.626110 0.053235 0.017259
0 0.669397 0.626110 0.087201 0.017259
0 0.528644 0.654124 0.055106 0.017259
0 0.625562 0.654124 0.057437 0.017259
0 0.688386 0.654124 0.040179 0.017259
0 0.505297 0.682138 0.070075 0.017259
0 0.553649 0.682138 0.021952 0.017259
0 0.606671 0.682138 0.079413 0.017259
0 0.687024 0.682138 0.021484 0.017259
0 0.510439 0.708534 0.049517 0.017259
0 0.549050 0.743052 0.054655 0.017259
0 0.640137 0.743052 0.112584 0.017259
0 0.593434 0.756250 0.273232 0.043655
0 0.511944 0.769448 0.036445 0.017259
0 0.583398 0.769448 0.085929 0.017259
0 0.650887 0.769448 0.038775 0.017259
0 0.596700 0.782646 0.279765 0.043655
0 0.489044 0.822240 0.064453 0.017259
0 0.552804 0.822240 0.053711 0.017259
0 0.624955 0.822240 0.075655 0.017259
0 0.700146 0.822240 0.059792 0.017259
0 0.484297 0.848636 0.054958 0.017259
0 0.552410 0.848636 0.066332 0.017259
0 0.617573 0.848636 0.049058 0.017259
0 0.620679 0.875032 0.079397 0.017259
0 0.703802 0.875032 0.071913 0.017259
0 0.153099 0.996542 0.087185 0.006916
0 0.288225 0.996542 0.120470 0.006916
0 0.706933 0.990451 0.065651 0.019099
0 0.492553 0.996542 0.035969 0.006916
0 0.525715 0.996542 0.020081 0.006916
0 0.548126 0.996542 0.182617 0.006916
