17 0.108272 0.033605 0.016860 0.032587
5 0.108272 0.033605 0.016860 0.032587
0 0.108272 0.033605 0.016860 0.032587
17 0.108272 0.033605 0.010537 0.020367
0 0.156481 0.108516 0.097471 0.036660
1 0.156481 0.154341 0.097471 0.028513
1 0.156481 0.184270 0.097471 0.028513
1 0.156481 0.214199 0.097471 0.028513
1 0.156481 0.244129 0.097471 0.028513
1 0.156481 0.274058 0.097471 0.028513
0 0.156481 0.344323 0.097471 0.028513
1 0.156481 0.374252 0.097471 0.028513
1 0.156481 0.404182 0.097471 0.028513
1 0.156481 0.434111 0.097471 0.028513
1 0.156481 0.464040 0.097471 0.028513
1 0.156481 0.493970 0.097471 0.028513
1 0.156481 0.523899 0.097471 0.028513
1 0.156481 0.553828 0.097471 0.028513
0 0.201001 0.590488 0.008430 0.016293
1 0.156481 0.625621 0.097471 0.031568
1 0.156481 0.657077 0.097471 0.028513
1 0.156481 0.687007 0.097471 0.028513
1 0.156481 0.716936 0.097471 0.028513
1 0.156481 0.746865 0.097471 0.028513
1 0.156481 0.779850 0.097471 0.034623
1 0.156481 0.812834 0.097471 0.028513
1 0.156481 0.842763 0.097471 0.028513
1 0.156481 0.874220 0.097471 0.031568
0 0.133739 0.911787 0.051987 0.032587
1 0.171496 0.033605 0.094837 0.050916
10 0.137250 0.033605 0.026344 0.050916
10 0.187302 0.025458 0.063224 0.020367
10 0.187302 0.046334 0.063224 0.011202
18 0.372234 0.033605 0.249737 0.032587
18 0.355119 0.033605 0.215506 0.032587
18 0.479724 0.033605 0.034757 0.032587
1 0.750037 0.033605 0.048612 0.016293
1 0.820341 0.033605 0.083567 0.016293
1 0.876663 0.033605 0.020647 0.016293
1 0.120797 0.110537 0.035588 0.037678
1 0.168512 0.110537 0.042981 0.037678
1 0.573268 0.110537 0.023495 0.037678
1 0.619143 0.110537 0.051395 0.037678
1 0.667574 0.110537 0.028607 0.037678
5 0.718046 0.109009 0.055478 0.034623
0 0.718046 0.109518 0.055478 0.035642
0 0.680717 0.184938 0.097471 0.036660
1 0.680717 0.266405 0.097471 0.028513
1 0.680717 0.296334 0.097471 0.028513
1 0.680717 0.326263 0.097471 0.028513
1 0.680717 0.356193 0.097471 0.028513
1 0.680717 0.386122 0.097471 0.028513
0 0.680717 0.416051 0.097471 0.028513
0 0.680717 0.445981 0.097471 0.028513
1 0.680717 0.516246 0.097471 0.028513
1 0.680717 0.546175 0.097471 0.028513
1 0.680717 0.616440 0.097471 0.028513
1 0.680717 0.646369 0.097471 0.028513
1 0.680717 0.676298 0.097471 0.028513
1 0.680717 0.706228 0.097471 0.028513
1 0.680717 0.736157 0.097471 0.028513
1 0.680717 0.766086 0.097471 0.028513
1 0.680717 0.796016 0.097471 0.028513
1 0.680717 0.825945 0.097471 0.028513
1 0.680717 0.855874 0.097471 0.028513
1 0.680717 0.885804 0.097471 0.028513
1 0.680717 0.915733 0.097471 0.028513
1 0.680717 0.945663 0.097471 0.028513
1 0.680717 0.975592 0.097471 0.028513
1 0.680717 0.995632 0.097471 0.008735
0 0.836790 0.150554 0.028607 0.022403
6 0.772129 0.228520 0.010537 0.020367
4 0.823762 0.228520 0.113804 0.022403
6 0.772129 0.257033 0.010537 0.020367
4 0.823762 0.257033 0.113804 0.022403
6 0.772129 0.285546 0.010537 0.020367
4 0.823762 0.285546 0.113804 0.022403
6 0.772129 0.361921 0.010537 0.020367
4 0.823762 0.361921 0.113804 0.022403
6 0.772129 0.390434 0.010537 0.020367
4 0.823762 0.390434 0.113804 0.022403
6 0.772129 0.466809 0.010537 0.020367
4 0.823762 0.466809 0.113804 0.022403
6 0.772129 0.495322 0.010537 0.020367
4 0.823762 0.495322 0.113804 0.022403
6 0.772129 0.523835 0.010537 0.020367
4 0.823762 0.523835 0.113804 0.022403
1 0.304844 0.198622 0.083097 0.032587
1 0.160831 0.230795 0.089313 0.016293
1 0.290516 0.230795 0.101974 0.016293
1 0.625605 0.190141 0.067843 0.017312
1 0.701911 0.190141 0.056713 0.017312
0 0.691410 0.227820 0.082406 0.017312
1 0.691410 0.228329 0.082406 0.032587
0 0.620748 0.227820 0.050489 0.017312
1 0.620748 0.228329 0.050489 0.032587
0 0.564789 0.227820 0.053000 0.017312
1 0.564789 0.228329 0.053000 0.032587
1 0.204771 0.361396 0.177193 0.027495
1 0.365385 0.494956 0.079031 0.017312
10 0.365385 0.496324 0.079031 0.226069
1 0.178765 0.396019 0.125181 0.017312
1 0.254935 0.396019 0.016852 0.017312
1 0.181198 0.448972 0.130046 0.017312
1 0.275734 0.501925 0.074816 0.017312
1 0.177074 0.554878 0.029859 0.017312
1 0.215753 0.554878 0.028714 0.017312
1 0.252815 0.554878 0.030427 0.017312
1 0.240508 0.634308 0.088992 0.017312
1 0.193345 0.713738 0.035745 0.017312
1 0.360663 0.835938 0.064500 0.017312
1 0.179366 0.862414 0.050991 0.017312
1 0.320477 0.862414 0.039367 0.017312
1 0.361474 0.862414 0.033259 0.017312
1 0.327487 0.915367 0.021067 0.017312
1 0.229361 0.941844 0.029241 0.017312
1 0.155591 0.993071 0.028303 0.013859
1 0.701001 0.433347 0.063224 0.017312
10 0.701001 0.434716 0.063224 0.102851
1 0.485523 0.396019 0.056301 0.017312
1 0.507788 0.422496 0.019198 0.017312
1 0.475937 0.448972 0.037128 0.017312
1 0.515238 0.448972 0.036782 0.017312
1 0.488022 0.477072 0.061298 0.017312
1 0.617315 0.477072 0.046027 0.017312
1 0.576833 0.503548 0.023923 0.017312
1 0.534033 0.531648 0.071226 0.017312
1 0.584567 0.544886 0.254388 0.043788
1 0.706270 0.665049 0.052687 0.017312
10 0.706270 0.666417 0.052687 0.185845
1 0.476163 0.589486 0.037581 0.017312
1 0.584382 0.589486 0.079096 0.017312
1 0.584258 0.670538 0.107086 0.017312
1 0.493879 0.697015 0.073013 0.017312
1 0.510937 0.751591 0.097743 0.017312
1 0.633035 0.751591 0.069168 0.017312
1 0.531291 0.778068 0.055223 0.017312
1 0.490932 0.810241 0.067118 0.017312
1 0.615241 0.810241 0.089971 0.017312
1 0.570786 0.842016 0.053206 0.017312
1 0.570691 0.897817 0.082982 0.017312
1 0.701001 0.956626 0.063224 0.017312
10 0.701001 0.956594 0.063224 0.086813
1 0.509854 0.929178 0.079640 0.017312
1 0.496748 0.955655 0.078751 0.017312
1 0.543537 0.968893 0.172328 0.043788
