1 0.981618 0.926904 0.012605 0.024365
0 0.689285 0.961421 0.049952 0.020305
1 0.016807 0.967513 0.021008 0.040609
0 0.085872 0.044670 0.077731 0.073096
2 0.282428 0.044670 0.290170 0.056853
0 0.481642 0.044670 0.083049 0.073096
0 0.549965 0.044670 0.053596 0.073096
0 0.612633 0.044670 0.071740 0.073096
0 0.704930 0.044670 0.112855 0.073096
0 0.781521 0.044670 0.040326 0.073096
0 0.825392 0.044670 0.047417 0.073096
0 0.867696 0.044670 0.037191 0.073096
1 0.915704 0.044670 0.058824 0.073096
1 0.900998 0.044670 0.029412 0.056853
1 0.930410 0.044670 0.029412 0.056853
1 0.687935 0.385168 0.051471 0.099492
1 0.966912 0.951269 0.033613 0.064975
