0 0.206933 0.044670 0.091912 0.040609
11 0.350565 0.044670 0.094513 0.040609
0 0.350565 0.044670 0.094513 0.040609
11 0.293679 0.196320 0.214983 0.120558
11 0.508662 0.158471 0.214983 0.044860
0 0.483452 0.154410 0.164563 0.036739
11 0.508662 0.203331 0.214983 0.044860
0 0.483452 0.199270 0.164563 0.036739
11 0.508662 0.248192 0.214983 0.044860
0 0.483452 0.244131 0.164563 0.036739
11 0.508662 0.293052 0.214983 0.044860
0 0.483452 0.288991 0.164563 0.036739
11 0.723645 0.158471 0.214983 0.044860
0 0.698435 0.154410 0.164563 0.036739
11 0.723645 0.203331 0.214983 0.044860
0 0.698435 0.199270 0.164563 0.036739
11 0.723645 0.248192 0.214983 0.044860
0 0.698435 0.244131 0.164563 0.036739
11 0.458225 0.044670 0.070386 0.040609
0 0.458225 0.044670 0.070386 0.040609
11 0.293679 0.196320 0.214983 0.120558
11 0.616153 0.158471 0.429967 0.044860
0 0.590943 0.154410 0.379546 0.036739
11 0.616153 0.203331 0.429967 0.044860
0 0.590943 0.199270 0.379546 0.036739
11 0.545283 0.044670 0.053309 0.040609
0 0.545283 0.044670 0.053309 0.040609
11 0.293679 0.191244 0.214983 0.110406
11 0.616153 0.158471 0.429967 0.044860
0 0.590943 0.154410 0.379546 0.036739
11 0.616153 0.203331 0.429967 0.044860
0 0.590943 0.199270 0.379546 0.036739
11 0.616153 0.248192 0.429967 0.044860
0 0.590943 0.244131 0.379546 0.036739
1 0.667805 0.717433 0.107832 0.054410
0 0.242421 0.979172 0.045012 0.018274
1 0.709087 0.955044 0.128603 0.049524
1 0.829315 0.955044 0.090681 0.049524
