1 0.162692 0.028426 0.050699 0.046701
1 0.766421 0.028426 0.056591 0.032075
1 0.823435 0.028426 0.046932 0.043242
5 0.324317 0.060406 0.000525 0.001015
2 0.496061 0.081218 0.342962 0.040609
1 0.655462 0.081218 0.024160 0.040609
0 0.193597 0.124873 0.085708 0.026396
0 0.279584 0.126594 0.065257 0.025777
0 0.354853 0.126594 0.064273 0.025777
0 0.425371 0.126594 0.055754 0.025777
0 0.485561 0.126594 0.043617 0.025777
0 0.550941 0.126594 0.066135 0.025777
0 0.631335 0.126594 0.073644 0.025777
0 0.705160 0.126594 0.052997 0.025777
0 0.755880 0.126594 0.027434 0.025777
0 0.792944 0.126594 0.025686 0.025777
0 0.828835 0.126594 0.025087 0.025777
1 0.151269 0.125571 0.016807 0.032487
1 0.840853 0.125571 0.016807 0.032487
0 0.308503 0.181916 0.093307 0.019892
0 0.382603 0.181916 0.040187 0.019892
0 0.436052 0.181916 0.052004 0.019892
0 0.501752 0.181916 0.064691 0.019892
0 0.569172 0.181916 0.055442 0.019892
0 0.626329 0.181916 0.044167 0.019892
0 0.686031 0.181916 0.060530 0.019892
1 0.220326 0.181916 0.026261 0.032487
1 0.713145 0.181916 0.026261 0.032487
0 0.233833 0.228315 0.053276 0.019289
0 0.253315 0.267195 0.092240 0.036548
0 0.403115 0.312770 0.070214 0.019289
0 0.512232 0.312770 0.093660 0.019289
0 0.386981 0.346867 0.359572 0.042021
0 0.407867 0.358233 0.070477 0.019289
0 0.464245 0.380964 0.060711 0.019289
0 0.285883 0.403696 0.080136 0.019289
0 0.488605 0.403696 0.072487 0.019289
0 0.398019 0.644535 0.381647 0.416926
0 0.319455 0.872795 0.224519 0.021320
0 0.299981 0.960700 0.185571 0.078601
0 0.496057 0.960700 0.185571 0.078601
0 0.651232 0.261612 0.072257 0.027411
0 0.675268 0.321399 0.020885 0.016244
0 0.713962 0.321399 0.019704 0.016244
0 0.625115 0.341291 0.020024 0.016244
0 0.700015 0.502141 0.169823 0.219797
0 0.700015 0.642291 0.169823 0.019892
0 0.712702 0.691418 0.027196 0.016244
0 0.692424 0.780933 0.154642 0.036136
0 0.700015 0.851777 0.169823 0.019892
0 0.707401 0.881012 0.013590 0.016244
0 0.688743 0.950635 0.147280 0.036136
0 0.764066 0.960581 0.022486 0.016244
