1 0.283954 0.051269 0.076082 0.039594
1 0.360536 0.051269 0.072881 0.039594
1 0.423570 0.051269 0.048984 0.039594
0 0.497431 0.082234 0.052521 0.101523
1 0.561392 0.051269 0.033384 0.039594
1 0.609519 0.051269 0.058668 0.039594
1 0.670074 0.051269 0.058241 0.039594
1 0.723748 0.051269 0.044905 0.039594
1 0.723222 0.051269 0.043855 0.039594
1 0.329044 0.181726 0.130252 0.050761
1 0.329044 0.181726 0.130252 0.050761
1 0.329044 0.181726 0.130252 0.050761
1 0.297269 0.181726 0.062500 0.044670
2 0.563288 0.181726 0.329832 0.050761
1 0.709821 0.181726 0.036765 0.050761
0 0.496061 0.377475 0.246849 0.273731
0 0.247899 0.387468 0.228466 0.253744
0 0.744223 0.387468 0.228466 0.253744
0 0.194939 0.702451 0.109941 0.161405
0 0.194939 0.812984 0.109941 0.039356
0 0.194939 0.857424 0.109941 0.039372
0 0.194939 0.901872 0.109941 0.039372
0 0.310132 0.702451 0.109941 0.161405
0 0.310132 0.812984 0.109941 0.039356
0 0.310132 0.857424 0.109941 0.039372
0 0.310132 0.901872 0.109941 0.039372
1 0.252536 0.955060 0.225135 0.046701
0 0.496057 0.744147 0.225143 0.244797
2 0.469489 0.953236 0.169905 0.046288
1 0.580747 0.953236 0.053662 0.046288
