0 0.020746 0.015736 0.000525 0.001015
0 0.020746 0.064467 0.000525 0.001015
11 0.207401 0.026285 0.037175 0.036041
0 0.207401 0.026285 0.037175 0.036041
11 0.257657 0.026285 0.063337 0.036041
0 0.257657 0.026285 0.063337 0.036041
11 0.309460 0.026285 0.040269 0.036041
0 0.309460 0.026285 0.040269 0.036041
11 0.348678 0.026285 0.038168 0.036041
0 0.348678 0.026285 0.038168 0.036041
11 0.382730 0.026285 0.029937 0.036041
0 0.382730 0.026285 0.029937 0.036041
11 0.538960 0.026285 0.029601 0.036041
0 0.538960 0.026285 0.029601 0.036041
11 0.576636 0.026285 0.045751 0.036041
0 0.576636 0.026285 0.045751 0.036041
11 0.627302 0.026285 0.055582 0.036041
0 0.627302 0.026285 0.055582 0.036041
11 0.671953 0.026285 0.033720 0.036041
0 0.671953 0.026285 0.033720 0.036041
1 0.748162 0.026285 0.110294 0.042830
5 0.692752 0.004362 0.000525 0.001015
2 0.748162 0.026285 0.110294 0.042830
1 0.792230 0.026285 0.017956 0.034708
0 0.247899 0.091751 0.118172 0.042640
11 0.437213 0.091751 0.037208 0.031345
1 0.437213 0.091751 0.037208 0.031345
11 0.512905 0.091751 0.063756 0.031345
1 0.512905 0.091751 0.063756 0.031345
11 0.600795 0.091751 0.061606 0.031345
1 0.600795 0.091751 0.061606 0.031345
11 0.683389 0.091751 0.053161 0.031345
1 0.683389 0.091751 0.053161 0.031345
11 0.769244 0.091751 0.068130 0.031345
1 0.769244 0.091751 0.068130 0.031345
1 0.963551 0.644234 0.023528 0.045479
