1 0.496061 0.337056 0.012605 0.024365
0 0.426421 0.142283 0.081933 0.046494
0 0.565700 0.142283 0.081933 0.046494
0 0.397748 0.208273 0.081933 0.046494
0 0.594374 0.208273 0.081933 0.046494
0 0.392012 0.274262 0.081933 0.046494
0 0.600110 0.274262 0.081933 0.046494
0 0.397748 0.340252 0.081933 0.046494
0 0.594374 0.340252 0.081933 0.046494
0 0.426421 0.406242 0.081933 0.046494
0 0.565700 0.406242 0.081933 0.046494
1 0.496061 0.482075 0.147059 0.046701
5 0.377577 0.587754 0.000525 0.001015
2 0.481355 0.610596 0.207031 0.044670
5 0.561679 0.610596 0.008567 0.024365
8 0.582080 0.610596 0.057773 0.024365
1 0.599577 0.610596 0.029412 0.044670
1 0.496061 0.683185 0.978680 0.036548
1 0.496057 0.683185 0.157653 0.036548
1 0.499175 0.682678 0.123055 0.019289
0 0.123125 0.755774 0.020262 0.019289
0 0.126161 0.779933 0.026334 0.019289
0 0.194845 0.755774 0.023060 0.019289
0 0.195895 0.779933 0.025161 0.019289
0 0.262839 0.755774 0.018423 0.019289
0 0.266671 0.779933 0.026088 0.019289
0 0.335929 0.755774 0.023963 0.019289
0 0.333467 0.779933 0.019039 0.019289
0 0.412868 0.755774 0.037216 0.019289
0 0.405290 0.779933 0.022059 0.019289
0 0.473830 0.755774 0.018497 0.019289
0 0.480994 0.779933 0.032826 0.019289
0 0.558733 0.767854 0.047679 0.043449
0 0.618103 0.755774 0.025776 0.019289
0 0.623424 0.779933 0.036420 0.019289
0 0.691862 0.755774 0.032670 0.019289
0 0.688731 0.779933 0.026408 0.019289
0 0.753200 0.755774 0.014706 0.019289
0 0.759183 0.779933 0.026671 0.019289
0 0.127897 0.845717 0.029806 0.019289
0 0.122247 0.869876 0.018505 0.019289
0 0.128455 0.894036 0.030922 0.019289
0 0.135258 0.918195 0.044528 0.019289
0 0.130310 0.942354 0.034631 0.019289
0 0.212718 0.857797 0.058807 0.043449
0 0.191763 0.894036 0.016897 0.019289
0 0.202333 0.918195 0.038037 0.019289
0 0.193339 0.942354 0.020048 0.019289
0 0.195165 0.966513 0.023700 0.019289
0 0.268087 0.845717 0.028919 0.019289
0 0.263545 0.869876 0.019835 0.019289
0 0.261107 0.894036 0.014960 0.019289
0 0.268362 0.918195 0.029469 0.019289
0 0.269761 0.942354 0.032268 0.019289
0 0.265978 0.966513 0.024701 0.019289
0 0.335474 0.845717 0.023052 0.019289
0 0.334977 0.869876 0.022059 0.019289
0 0.338596 0.894036 0.029297 0.019289
0 0.331440 0.918195 0.014985 0.019289
0 0.336992 0.942354 0.026088 0.019289
0 0.352018 0.966513 0.056140 0.019289
0 0.404293 0.845717 0.020065 0.019289
0 0.413221 0.869876 0.037922 0.019289
0 0.403000 0.894036 0.017480 0.019289
0 0.403952 0.918195 0.019384 0.019289
0 0.407325 0.942354 0.026129 0.019289
0 0.406865 0.966513 0.025210 0.019289
0 0.476846 0.845717 0.024529 0.019289
0 0.485454 0.869876 0.041746 0.019289
0 0.479890 0.894036 0.030618 0.019289
0 0.473264 0.918195 0.017365 0.019289
0 0.488794 0.942354 0.048426 0.019289
0 0.557096 0.857797 0.044405 0.043449
0 0.554856 0.894036 0.039924 0.019289
0 0.570345 0.918195 0.024143 0.019289
0 0.547655 0.942354 0.025522 0.019289
0 0.549817 0.966513 0.029847 0.019289
0 0.624467 0.857797 0.038504 0.043449
0 0.633182 0.906115 0.055935 0.043449
0 0.618451 0.942354 0.026474 0.019289
0 0.628734 0.966513 0.047039 0.019289
0 0.692830 0.845717 0.034606 0.019289
0 0.694389 0.869876 0.037725 0.019289
0 0.700868 0.894036 0.050683 0.019289
0 0.702604 0.930274 0.054154 0.043449
0 0.685773 0.966513 0.020491 0.019289
0 0.759712 0.845717 0.027729 0.019289
0 0.756762 0.869876 0.021829 0.019289
0 0.773926 0.894036 0.056156 0.019289
0 0.757603 0.918195 0.023511 0.019289
0 0.761075 0.942354 0.030454 0.019289
0 0.758190 0.966513 0.024685 0.019289
0 0.826291 0.845717 0.020262 0.019289
0 0.826529 0.869876 0.020738 0.019289
0 0.821995 0.894036 0.011670 0.019289
0 0.823513 0.918195 0.014706 0.019289
0 0.181567 0.849873 0.127954 0.017259
0 0.181600 0.910279 0.128020 0.017259
0 0.450548 0.819416 0.202583 0.077157
0 0.660468 0.819416 0.202583 0.077157
0 0.870388 0.819416 0.202583 0.077157
0 0.450548 0.910787 0.202583 0.077157
0 0.660468 0.910787 0.202583 0.077157
0 0.870388 0.910787 0.202583 0.077157
0 0.450548 0.981789 0.202583 0.036421
0 0.660468 0.981789 0.202583 0.036421
0 0.870388 0.981789 0.202583 0.036421
