1 0.989496 0.928934 0.012605 0.024365
0 0.749848 0.952284 0.052299 0.020305
1 0.906513 0.954315 0.161765 0.042640
1 0.906513 0.954315 0.153361 0.034518
0 0.076480 0.028522 0.127749 0.056853
1 0.666594 0.028522 0.036215 0.057043
1 0.707199 0.028522 0.044996 0.057043
1 0.748872 0.028522 0.038349 0.057043
1 0.794626 0.028522 0.053161 0.057043
1 0.838785 0.028522 0.035156 0.057043
0 0.874417 0.028522 0.036108 0.057043
1 0.928379 0.028522 0.059209 0.040799
1 0.928379 0.028522 0.059209 0.040799
1 0.978992 0.028522 0.023109 0.044670
5 0.987132 0.028522 0.000525 0.001015
2 0.993697 0.028522 0.012605 0.056853
0 0.073529 0.251777 0.147059 0.370355
0 0.258283 0.251777 0.516565 0.384111
0 0.533508 0.251777 0.660027 0.382748
0 0.926471 0.251777 0.147059 0.370355
0 0.075630 0.550048 0.151261 0.036136
0 0.199215 0.507820 0.045488 0.015831
0 0.500000 0.550048 0.647059 0.036136
0 0.863675 0.507820 0.029871 0.015831
0 0.924370 0.550048 0.151261 0.036136
0 0.279896 0.663047 0.023979 0.042846
0 0.328999 0.663047 0.057420 0.042846
0 0.397875 0.663047 0.063526 0.042846
0 0.462123 0.663047 0.048163 0.042846
0 0.514316 0.663047 0.039415 0.042846
0 0.579446 0.663047 0.074038 0.042846
0 0.646480 0.663047 0.043223 0.042846
0 0.705131 0.663047 0.057273 0.042846
0 0.769880 0.663047 0.055418 0.042846
0 0.831711 0.663047 0.051438 0.042846
0 0.883957 0.663047 0.036248 0.042846
0 0.942937 0.663047 0.064904 0.042846
0 0.991896 0.663047 0.016208 0.042846
1 0.772108 0.663039 0.015756 0.030457
0 0.812939 0.663039 0.025382 0.021923
0 0.211857 0.165498 0.053965 0.015831
0 0.337185 0.273017 0.304622 0.182963
0 0.662815 0.254949 0.304622 0.331218
0 0.255777 0.559581 0.141807 0.154188
0 0.197114 0.666926 0.024480 0.036136
0 0.255777 0.725809 0.141807 0.065387
0 0.418855 0.559296 0.141282 0.153617
0 0.370958 0.666355 0.045488 0.036136
0 0.418855 0.725238 0.141282 0.065387
0 0.581670 0.559296 0.141282 0.153617
0 0.525965 0.666355 0.029871 0.036136
0 0.581670 0.725238 0.141282 0.065387
0 0.744485 0.559296 0.141282 0.153617
0 0.688062 0.666355 0.028435 0.036136
0 0.744485 0.725238 0.141282 0.065387
0 0.279896 0.861144 0.023979 0.042846
0 0.328999 0.861144 0.057420 0.042846
0 0.397875 0.861144 0.063526 0.042846
0 0.462123 0.861144 0.048163 0.042846
0 0.514316 0.861144 0.039415 0.042846
0 0.579446 0.861144 0.074038 0.042846
0 0.646480 0.861144 0.043223 0.042846
0 0.705131 0.861144 0.057273 0.042846
0 0.769880 0.861144 0.055418 0.042846
0 0.831711 0.861144 0.051438 0.042846
0 0.883957 0.861144 0.036248 0.042846
0 0.942937 0.861144 0.064904 0.042846
0 0.991896 0.861144 0.016208 0.042846
1 0.772108 0.861136 0.015756 0.030457
0 0.812939 0.861136 0.025382 0.021923
