1 0.109506 0.033503 0.016807 0.032487
6 0.109506 0.033503 0.016807 0.032487
1 0.109506 0.033503 0.016807 0.032487
8 0.109506 0.033503 0.000525 0.001015
8 0.154391 0.065990 0.107627 0.032487
1 0.176860 0.078173 0.030126 0.022335
0 0.150452 0.117322 0.082942 0.028426
0 0.150452 0.147161 0.082942 0.028426
0 0.150452 0.176999 0.082942 0.028426
0 0.150452 0.206837 0.082942 0.028426
0 0.150452 0.236675 0.082942 0.028426
0 0.150452 0.306726 0.082942 0.028426
0 0.150452 0.336564 0.082942 0.028426
0 0.150452 0.406615 0.082942 0.028426
0 0.150452 0.436453 0.082942 0.028426
0 0.150452 0.466291 0.082942 0.028426
0 0.150452 0.496129 0.082942 0.028426
0 0.150452 0.525968 0.082942 0.028426
0 0.150452 0.555806 0.082942 0.028426
0 0.150452 0.585644 0.082942 0.028426
0 0.172532 0.033503 0.094538 0.050761
1 0.372637 0.033503 0.248950 0.032487
2 0.354948 0.033503 0.213572 0.032487
1 0.479160 0.033503 0.035903 0.032487
0 0.765588 0.033503 0.066611 0.016244
0 0.824551 0.033503 0.042911 0.016244
0 0.867988 0.033503 0.035558 0.016244
0 0.745273 0.107662 0.000525 0.001015
8 0.714245 0.107662 0.074137 0.032487
6 0.714245 0.107662 0.074137 0.032487
1 0.714245 0.107662 0.074137 0.032487
8 0.716346 0.107662 0.038422 0.016244
0 0.127761 0.142687 0.047015 0.037563
0 0.174587 0.142687 0.029830 0.037563
0 0.568195 0.142687 0.020434 0.037563
0 0.608887 0.142687 0.044142 0.037563
0 0.666705 0.142687 0.054688 0.037563
8 0.723731 0.141164 0.042558 0.034518
6 0.723731 0.141164 0.042558 0.034518
1 0.723731 0.141672 0.042558 0.035533
8 0.719004 0.144210 0.033105 0.016244
8 0.686281 0.174667 0.117458 0.032487
1 0.691591 0.186850 0.030126 0.022335
0 0.682342 0.261532 0.092773 0.028426
0 0.682342 0.291371 0.092773 0.028426
0 0.682342 0.321209 0.092773 0.028426
0 0.682342 0.351047 0.092773 0.028426
0 0.682342 0.380885 0.092773 0.028426
0 0.682342 0.410723 0.092773 0.028426
0 0.682342 0.480774 0.092773 0.028426
0 0.682342 0.510612 0.092773 0.028426
0 0.682342 0.540451 0.092773 0.028426
0 0.682342 0.610501 0.092773 0.028426
0 0.682342 0.640339 0.092773 0.028426
0 0.682342 0.670178 0.092773 0.028426
0 0.682342 0.700016 0.092773 0.028426
0 0.682342 0.729854 0.092773 0.028426
0 0.682342 0.759692 0.092773 0.028426
0 0.682342 0.789530 0.092773 0.028426
0 0.682342 0.819369 0.092773 0.028426
0 0.682342 0.849207 0.092773 0.028426
0 0.682342 0.879045 0.092773 0.028426
0 0.682342 0.908883 0.092773 0.028426
0 0.682342 0.938721 0.092773 0.028426
0 0.682342 0.968560 0.092773 0.028426
0 0.682342 0.992092 0.092773 0.015815
1 0.809135 0.150095 0.021714 0.022335
7 0.771271 0.227824 0.010504 0.020305
5 0.822742 0.227824 0.113445 0.022335
7 0.771271 0.256250 0.010504 0.020305
5 0.822742 0.256250 0.113445 0.022335
7 0.771271 0.284676 0.010504 0.020305
5 0.822742 0.284676 0.113445 0.022335
7 0.771271 0.360819 0.010504 0.020305
5 0.822742 0.360819 0.113445 0.022335
7 0.771271 0.389245 0.010504 0.020305
5 0.822742 0.389245 0.113445 0.022335
7 0.771271 0.465387 0.010504 0.020305
5 0.822742 0.465387 0.113445 0.022335
7 0.771271 0.493813 0.010504 0.020305
5 0.822742 0.493813 0.113445 0.022335
7 0.771271 0.522240 0.010504 0.020305
5 0.822742 0.522240 0.113445 0.022335
0 0.210888 0.221367 0.072889 0.036548
0 0.125763 0.262468 0.026211 0.020305
0 0.269121 0.262468 0.097115 0.020305
0 0.133223 0.291482 0.041131 0.020305
0 0.265871 0.291482 0.046760 0.020305
0 0.610532 0.215070 0.079126 0.020305
0 0.527319 0.253014 0.049321 0.020305
0 0.599663 0.253014 0.078609 0.020305
0 0.681259 0.253014 0.067826 0.020305
0 0.545308 0.282027 0.087858 0.020305
0 0.615686 0.282027 0.036486 0.020305
0 0.659520 0.282027 0.034426 0.020305
0 0.700782 0.282027 0.031340 0.020305
0 0.521324 0.311041 0.029289 0.020305
0 0.558479 0.311041 0.028263 0.020305
0 0.617984 0.311041 0.068852 0.020305
0 0.685970 0.311041 0.050363 0.020305
0 0.556087 0.340054 0.062180 0.020305
0 0.606605 0.340054 0.022100 0.020305
0 0.639907 0.340054 0.027746 0.020305
0 0.680401 0.340054 0.036486 0.020305
0 0.375751 0.384359 0.073981 0.020305
0 0.134897 0.492941 0.028493 0.017259
0 0.385242 0.554521 0.052521 0.017259
0 0.385242 0.648937 0.052521 0.017259
0 0.132324 0.535581 0.021476 0.017259
0 0.257263 0.578220 0.024751 0.017259
0 0.239131 0.620860 0.121118 0.017259
0 0.221540 0.663499 0.020549 0.017259
0 0.241839 0.745733 0.257312 0.043655
0 0.217322 0.801570 0.149439 0.017259
0 0.258621 0.870606 0.094349 0.017259
0 0.362457 0.870606 0.098091 0.017259
0 0.162220 0.964816 0.098075 0.017259
0 0.269318 0.964816 0.100890 0.017259
0 0.248769 0.978014 0.271173 0.043655
0 0.283999 0.991212 0.066784 0.017259
0 0.709821 0.504600 0.052521 0.017259
0 0.544466 0.506139 0.213408 0.043655
0 0.497542 0.545733 0.067252 0.017259
0 0.537938 0.558931 0.200351 0.043655
0 0.665006 0.572129 0.095752 0.017259
0 0.459719 0.598525 0.043912 0.017259
0 0.650050 0.624921 0.090147 0.017259
0 0.582577 0.664515 0.289629 0.043655
0 0.542403 0.677713 0.073792 0.017259
0 0.555923 0.756900 0.035493 0.017259
0 0.579073 0.796494 0.282620 0.043655
0 0.609194 0.809692 0.034565 0.017259
0 0.659865 0.809692 0.057437 0.017259
0 0.518034 0.852332 0.066792 0.017259
0 0.585064 0.852332 0.054187 0.017259
0 0.677927 0.852332 0.116309 0.017259
0 0.709821 0.992552 0.052521 0.014895
0 0.461816 0.946542 0.048106 0.017259
0 0.520200 0.946542 0.035033 0.017259
0 0.572290 0.946542 0.037372 0.017259
0 0.602662 0.946542 0.018694 0.017259
0 0.635131 0.946542 0.024759 0.017259
0 0.555246 0.959740 0.234966 0.043655
0 0.479812 0.972938 0.018694 0.017259
0 0.513910 0.972938 0.028017 0.017259
0 0.475061 0.995352 0.074596 0.009296
0 0.567469 0.995352 0.068187 0.009296
