17 0.108272 0.033096 0.016860 0.032587
17 0.108272 0.033096 0.016860 0.032587
0 0.108272 0.033096 0.016860 0.032587
17 0.108272 0.033096 0.010537 0.020367
0 0.148339 0.101897 0.081187 0.022403
1 0.156481 0.140593 0.097471 0.028513
1 0.156481 0.170523 0.097471 0.028513
1 0.156481 0.200452 0.097471 0.028513
1 0.156481 0.230381 0.097471 0.028513
1 0.156481 0.260311 0.097471 0.028513
1 0.156481 0.290240 0.097471 0.028513
1 0.156481 0.320169 0.097471 0.028513
1 0.156481 0.350099 0.097471 0.028513
1 0.156481 0.420363 0.097471 0.028513
1 0.156481 0.450293 0.097471 0.028513
1 0.156481 0.480222 0.097471 0.028513
1 0.156481 0.510151 0.097471 0.028513
1 0.174131 0.033096 0.073762 0.037678
10 0.174131 0.025458 0.073762 0.022403
10 0.174131 0.046843 0.073762 0.010183
18 0.372234 0.033096 0.249737 0.032587
18 0.352847 0.033096 0.210962 0.032587
18 0.477452 0.033096 0.039301 0.032587
1 0.799402 0.033096 0.060705 0.016293
1 0.849554 0.033096 0.031168 0.016293
1 0.878169 0.033096 0.017634 0.016293
1 0.131298 0.109518 0.056589 0.037678
1 0.187908 0.109518 0.039770 0.037678
1 0.570901 0.109518 0.018054 0.037678
1 0.620275 0.109518 0.063834 0.037678
1 0.678461 0.109518 0.035679 0.037678
5 0.725258 0.107991 0.041055 0.034623
0 0.725258 0.108500 0.041055 0.035642
0 0.672575 0.177810 0.081187 0.022403
1 0.680717 0.252148 0.097471 0.028513
1 0.680717 0.282077 0.097471 0.028513
1 0.680717 0.312007 0.097471 0.028513
1 0.680717 0.341936 0.097471 0.028513
1 0.680717 0.371865 0.097471 0.028513
1 0.680717 0.401795 0.097471 0.028513
1 0.680717 0.431724 0.097471 0.028513
1 0.680717 0.461654 0.097471 0.028513
1 0.680717 0.531918 0.097471 0.028513
1 0.680717 0.561848 0.097471 0.028513
1 0.680717 0.591777 0.097471 0.028513
1 0.680717 0.662042 0.097471 0.028513
1 0.680717 0.691971 0.097471 0.028513
1 0.680717 0.721900 0.097471 0.028513
1 0.680717 0.751830 0.097471 0.028513
1 0.680717 0.781759 0.097471 0.028513
1 0.680717 0.811689 0.097471 0.028513
1 0.680717 0.841618 0.097471 0.028513
1 0.680717 0.871547 0.097471 0.028513
1 0.680717 0.901477 0.097471 0.028513
1 0.680717 0.931406 0.097471 0.028513
1 0.680717 0.961335 0.097471 0.028513
1 0.680717 0.988504 0.097471 0.022992
0 0.817460 0.149535 0.033744 0.022403
6 0.772129 0.243795 0.010537 0.020367
4 0.823762 0.245831 0.113804 0.026477
6 0.772129 0.276381 0.010537 0.020367
4 0.823762 0.278418 0.113804 0.026477
1 0.823762 0.320169 0.113804 0.044807
6 0.772129 0.401636 0.010537 0.020367
4 0.823762 0.403672 0.113804 0.026477
6 0.772129 0.434222 0.010537 0.020367
4 0.823762 0.436259 0.113804 0.026477
6 0.772129 0.466809 0.010537 0.020367
4 0.823762 0.468845 0.113804 0.026477
6 0.772129 0.547257 0.010537 0.020367
4 0.823762 0.549294 0.113804 0.026477
6 0.772129 0.579843 0.010537 0.020367
4 0.823762 0.581880 0.113804 0.026477
6 0.772129 0.660291 0.010537 0.020367
4 0.823762 0.662328 0.113804 0.026477
6 0.772129 0.692878 0.010537 0.020367
4 0.823762 0.694915 0.113804 0.026477
6 0.772129 0.725465 0.010537 0.020367
4 0.823762 0.727501 0.113804 0.026477
1 0.139357 0.195058 0.021075 0.035642
10 0.139357 0.197508 0.021075 0.041752
1 0.191023 0.195058 0.073120 0.035642
1 0.289717 0.195058 0.071267 0.035642
1 0.208855 0.237525 0.024746 0.021385
1 0.260879 0.237525 0.056795 0.021385
1 0.132771 0.291704 0.007903 0.017312
10 0.132771 0.293072 0.007903 0.015275
1 0.168644 0.291704 0.059149 0.017312
1 0.209209 0.291704 0.007903 0.017312
10 0.209209 0.293072 0.007903 0.015275
1 0.256022 0.291704 0.085723 0.017312
1 0.309874 0.291704 0.007903 0.017312
10 0.309874 0.293072 0.007903 0.015275
1 0.370048 0.291704 0.107753 0.017312
1 0.643119 0.215886 0.037507 0.017312
1 0.671714 0.215886 0.014991 0.017312
1 0.705212 0.215886 0.029513 0.017312
1 0.669101 0.259165 0.101735 0.016293
10 0.177292 0.389814 0.131718 0.025458
10 0.124078 0.388954 0.020021 0.038697
1 0.465778 0.470007 0.079031 0.017312
10 0.465778 0.471375 0.079031 0.098969
1 0.186459 0.469243 0.050818 0.017312
1 0.302304 0.469243 0.046850 0.017312
1 0.350097 0.469243 0.044043 0.017312
1 0.161049 0.495720 0.083427 0.017312
1 0.262192 0.508958 0.285712 0.043788
1 0.170488 0.522196 0.027340 0.017312
1 0.230419 0.522196 0.070971 0.017312
1 0.296595 0.522196 0.038890 0.017312
1 0.362433 0.522196 0.056235 0.017312
1 0.212600 0.575150 0.052506 0.017312
1 0.368171 0.575150 0.049666 0.017312
1 0.256384 0.617919 0.072173 0.017312
1 0.239067 0.644396 0.066073 0.017312
1 0.469112 0.644396 0.044043 0.017312
1 0.308795 0.670873 0.026245 0.017312
1 0.333246 0.723826 0.060458 0.017312
1 0.451339 0.723826 0.083888 0.017312
1 0.410543 0.750302 0.039836 0.017312
1 0.284983 0.803255 0.072634 0.017312
1 0.418533 0.856209 0.035613 0.017312
1 0.361371 0.925455 0.024837 0.017312
1 0.300682 0.965170 0.362693 0.043788
10 0.595915 0.389814 0.131718 0.025458
10 0.542701 0.388954 0.020021 0.038697
1 0.621028 0.442767 0.046867 0.017312
1 0.684302 0.442767 0.020622 0.017312
1 0.659329 0.538490 0.066550 0.017312
1 0.715334 0.538490 0.036091 0.017312
1 0.619027 0.564966 0.014991 0.017312
1 0.700565 0.564966 0.062796 0.017312
1 0.678304 0.617919 0.042644 0.017312
1 0.678457 0.687166 0.025775 0.017312
1 0.562562 0.713642 0.049205 0.017312
1 0.657522 0.713642 0.113532 0.017312
1 0.667512 0.740119 0.057643 0.017312
1 0.644334 0.766596 0.109647 0.017312
10 0.595915 0.826009 0.131718 0.025458
10 0.542701 0.825150 0.020021 0.038697
1 0.693580 0.875700 0.074050 0.017312
1 0.606510 0.902177 0.040783 0.017312
1 0.696251 0.902177 0.037490 0.017312
1 0.575577 0.928653 0.048266 0.017312
1 0.665532 0.956753 0.033267 0.017312
1 0.643519 0.969991 0.184149 0.043788
1 0.683125 0.983229 0.089049 0.017312
