1 0.174316 0.026954 0.109959 0.037615
17 0.570819 0.025792 0.052432 0.051585
1 0.570819 0.025792 0.037416 0.051585
17 0.636291 0.025792 0.074495 0.051585
1 0.636291 0.025792 0.059479 0.051585
17 0.700351 0.025792 0.049608 0.051585
1 0.700351 0.025792 0.034592 0.051585
17 0.749959 0.025792 0.045591 0.051585
1 0.749959 0.025792 0.030575 0.051585
17 0.797114 0.025792 0.044702 0.051585
1 0.797114 0.025792 0.029686 0.051585
0 0.852830 0.025792 0.066731 0.051585
17 0.238989 0.082517 0.057503 0.051680
1 0.238989 0.082517 0.057503 0.051680
17 0.309248 0.082517 0.048982 0.051680
1 0.309248 0.082517 0.048982 0.051680
17 0.382203 0.082517 0.062895 0.051680
1 0.382203 0.082517 0.062895 0.051680
17 0.463605 0.082517 0.065875 0.051680
1 0.463605 0.082517 0.065875 0.051680
17 0.536992 0.082517 0.046867 0.051680
1 0.536992 0.082517 0.046867 0.051680
17 0.605349 0.082517 0.055815 0.051680
1 0.605349 0.082517 0.055815 0.051680
17 0.666462 0.082517 0.032378 0.051680
1 0.666462 0.082517 0.032378 0.051680
17 0.714321 0.082517 0.029307 0.051680
1 0.714321 0.082517 0.029307 0.051680
17 0.763925 0.082517 0.035868 0.051680
1 0.763925 0.082517 0.035868 0.051680
1 0.496044 0.974924 0.127857 0.033859
10 0.498022 0.500000 0.996044 1.000000
