0 0.496048 0.036660 0.553214 0.073320
1 0.264752 0.036660 0.090622 0.073320
18 0.392560 0.037169 0.164993 0.038697
0 0.501399 0.037678 0.042150 0.039715
17 0.585781 0.036151 0.052687 0.045825
1 0.585781 0.036151 0.052687 0.045825
17 0.636735 0.036660 0.038684 0.073320
1 0.636999 0.036660 0.038157 0.073320
17 0.675419 0.036660 0.038684 0.073320
1 0.675682 0.036660 0.038157 0.073320
17 0.714103 0.036660 0.038684 0.073320
1 0.714366 0.036660 0.038157 0.073320
17 0.752787 0.036660 0.038684 0.073320
1 0.753050 0.036660 0.038157 0.073320
1 0.003425 0.006619 0.000527 0.001018
10 0.650685 0.255911 0.202845 0.296732
2 0.327981 0.303240 0.198111 0.051298
2 0.454269 0.303240 0.054465 0.051298
1 0.493414 0.351634 0.526870 0.023819
10 0.304580 0.349908 0.010537 0.020367
1 0.726534 0.445002 0.076437 0.021178
10 0.762381 0.445456 0.004742 0.015052
1 0.269931 0.607728 0.084118 0.266405
10 0.269931 0.528720 0.084118 0.108388
0 0.254565 0.709505 0.042849 0.027845
1 0.360375 0.607728 0.084126 0.266405
10 0.360375 0.528720 0.084126 0.108388
1 0.450824 0.607728 0.084126 0.266405
10 0.450824 0.528720 0.084126 0.108388
0 0.435454 0.709505 0.042849 0.027845
1 0.541269 0.607728 0.084118 0.266405
10 0.541269 0.528720 0.084118 0.108388
0 0.525903 0.709505 0.042849 0.027845
1 0.631713 0.607728 0.084126 0.266405
10 0.631713 0.528720 0.084126 0.108388
0 0.616344 0.709505 0.042849 0.027845
1 0.722162 0.607728 0.084126 0.266405
10 0.722162 0.528720 0.084126 0.108388
1 0.269931 0.869153 0.084118 0.245020
10 0.269931 0.800837 0.084118 0.108388
0 0.254565 0.960237 0.042849 0.027845
1 0.360375 0.869153 0.084126 0.245020
10 0.360375 0.800837 0.084126 0.108388
0 0.345005 0.960237 0.042849 0.027845
1 0.450824 0.869153 0.084126 0.245020
10 0.450824 0.800837 0.084126 0.108388
0 0.435454 0.960237 0.042849 0.027845
1 0.541269 0.869153 0.084118 0.245020
10 0.541269 0.800837 0.084118 0.108388
0 0.525903 0.960237 0.042849 0.027845
1 0.631713 0.869153 0.084126 0.245020
10 0.631713 0.800837 0.084126 0.108388
0 0.616344 0.960237 0.042849 0.027845
1 0.722162 0.869153 0.084126 0.245020
10 0.722162 0.800837 0.084126 0.108388
0 0.706793 0.960237 0.042849 0.027845
1 0.978748 0.896138 0.005623 0.022801
0 0.713053 0.939823 0.072313 0.034178
