1 0.496061 0.397462 0.201681 0.136041
1 0.496061 0.346701 0.188025 0.024365
1 0.496061 0.397462 0.188025 0.024365
1 0.496061 0.448223 0.188025 0.024365
1 0.496061 0.779188 0.201681 0.034518
1 0.496061 0.779188 0.188025 0.024365
1 0.970588 0.024365 0.017857 0.034518
1 0.897970 0.075127 0.044643 0.034518
1 0.954106 0.075127 0.050822 0.034518
1 0.193803 0.382741 0.076155 0.058883
1 0.810137 0.963959 0.014706 0.028426
1 0.829044 0.963959 0.014706 0.028426
0 0.182322 0.978680 0.046301 0.018274
1 0.731101 0.939594 0.065651 0.040213
1 0.796752 0.940609 0.065651 0.042243
1 0.975315 0.940102 0.023109 0.044670
