1 0.190727 0.066191 0.100632 0.050916
1 0.575141 0.077711 0.051082 0.020589
1 0.636690 0.077711 0.050942 0.020589
1 0.715885 0.077711 0.086374 0.020589
1 0.780167 0.077711 0.021116 0.020589
1 0.826474 0.077711 0.050423 0.020589
18 0.739841 0.023780 0.039515 0.027193
1 0.785399 0.023780 0.041063 0.027193
0 0.831443 0.018688 0.040487 0.037376
1 0.654929 0.187747 0.094845 0.048864
1 0.592861 0.633353 0.186446 0.020367
1 0.722047 0.633353 0.040841 0.020367
1 0.645980 0.645573 0.299863 0.044807
1 0.565637 0.657793 0.066616 0.020367
1 0.666713 0.657793 0.032090 0.020367
1 0.545360 0.706673 0.029719 0.020367
1 0.176604 0.705687 0.072387 0.031568
