17 0.108272 0.033605 0.016860 0.032587
17 0.108272 0.033605 0.016860 0.032587
0 0.108272 0.033605 0.016860 0.032587
17 0.108272 0.033605 0.010537 0.020367
0 0.153780 0.102406 0.092071 0.022403
1 0.156481 0.141102 0.097471 0.028513
1 0.156481 0.171032 0.097471 0.028513
1 0.156481 0.200961 0.097471 0.028513
1 0.156481 0.230890 0.097471 0.028513
1 0.156481 0.301155 0.097471 0.028513
1 0.156481 0.331085 0.097471 0.028513
1 0.156481 0.361014 0.097471 0.028513
1 0.156481 0.390943 0.097471 0.028513
1 0.156481 0.420873 0.097471 0.028513
1 0.171496 0.033605 0.094837 0.050916
10 0.137250 0.033605 0.026344 0.050916
10 0.187302 0.024440 0.062698 0.018330
10 0.187302 0.045316 0.063224 0.013238
18 0.372234 0.033605 0.249737 0.032587
18 0.345878 0.033605 0.197025 0.032587
18 0.470483 0.033605 0.053239 0.032587
1 0.759438 0.033605 0.041417 0.016293
1 0.811833 0.033605 0.054943 0.016293
1 0.865253 0.033605 0.043467 0.016293
5 0.713078 0.111857 0.078059 0.032587
0 0.713078 0.111857 0.078059 0.032587
1 0.114895 0.150856 0.023783 0.037678
1 0.153052 0.150856 0.035671 0.037678
1 0.573247 0.150856 0.012307 0.037678
1 0.619196 0.150856 0.062731 0.037678
1 0.684001 0.150856 0.050020 0.037678
5 0.731613 0.149329 0.028344 0.034623
0 0.731613 0.149838 0.028344 0.035642
0 0.678016 0.219148 0.092071 0.022403
1 0.680717 0.293486 0.097471 0.028513
1 0.680717 0.323415 0.097471 0.028513
1 0.680717 0.353345 0.097471 0.028513
1 0.680717 0.383274 0.097471 0.028513
1 0.680717 0.413203 0.097471 0.028513
1 0.680717 0.443133 0.097471 0.028513
1 0.680717 0.473062 0.097471 0.028513
1 0.680717 0.543327 0.097471 0.028513
1 0.680717 0.573256 0.097471 0.028513
1 0.680717 0.603185 0.097471 0.028513
1 0.685985 0.673450 0.086934 0.028513
1 0.685985 0.703380 0.086934 0.028513
1 0.685985 0.733309 0.086934 0.028513
1 0.685985 0.763238 0.086934 0.028513
1 0.685985 0.793168 0.086934 0.028513
1 0.685985 0.823097 0.086934 0.028513
1 0.685985 0.853026 0.086934 0.028513
1 0.685985 0.882956 0.086934 0.028513
1 0.685985 0.912885 0.086934 0.028513
1 0.685985 0.942814 0.086934 0.028513
1 0.685985 0.972744 0.086934 0.028513
1 0.685985 0.994208 0.086934 0.011584
0 0.827763 0.150554 0.033028 0.022403
6 0.772129 0.228520 0.010537 0.020367
4 0.823762 0.230556 0.113804 0.026477
6 0.772129 0.261106 0.010537 0.020367
4 0.823762 0.263143 0.113804 0.026477
1 0.823762 0.304894 0.113804 0.044807
6 0.772129 0.386361 0.010537 0.020367
4 0.823762 0.388397 0.113804 0.026477
6 0.772129 0.418947 0.010537 0.020367
4 0.823762 0.420984 0.113804 0.026477
6 0.772129 0.451534 0.010537 0.020367
4 0.823762 0.453571 0.113804 0.026477
6 0.772129 0.531982 0.010537 0.020367
4 0.823762 0.534019 0.113804 0.026477
6 0.772129 0.564568 0.010537 0.020367
4 0.823762 0.566605 0.113804 0.026477
6 0.772129 0.645017 0.010537 0.020367
4 0.823762 0.647053 0.113804 0.026477
6 0.772129 0.677603 0.010537 0.020367
4 0.823762 0.679640 0.113804 0.026477
6 0.772129 0.710190 0.010537 0.020367
4 0.823762 0.712226 0.113804 0.026477
1 0.491587 0.256699 0.047221 0.040129
1 0.491587 0.292452 0.081352 0.016293
1 0.591408 0.244781 0.074626 0.016293
1 0.591408 0.268616 0.075466 0.016293
1 0.591412 0.292452 0.068855 0.016293
1 0.691229 0.244781 0.070403 0.016293
1 0.428938 0.483675 0.079031 0.017312
10 0.428938 0.485043 0.079031 0.114244
1 0.171221 0.440650 0.092770 0.017312
1 0.310150 0.440650 0.081080 0.017312
1 0.182470 0.467127 0.027183 0.017312
1 0.230493 0.480365 0.234762 0.043788
1 0.316727 0.546557 0.032328 0.017312
1 0.215967 0.599510 0.052012 0.017312
1 0.322576 0.642280 0.024368 0.017312
1 0.152113 0.695233 0.060187 0.017312
1 0.251432 0.695233 0.111268 0.017312
1 0.345030 0.695233 0.034683 0.017312
1 0.121777 0.721710 0.017329 0.017312
1 0.255042 0.721710 0.036560 0.017312
1 0.133730 0.790956 0.041236 0.017312
1 0.195127 0.790956 0.034683 0.017312
1 0.375749 0.790956 0.027183 0.017312
1 0.148153 0.825579 0.043113 0.017312
1 0.291656 0.874936 0.068477 0.015275
1 0.358144 0.874936 0.051757 0.015275
1 0.406324 0.874936 0.031859 0.015275
1 0.448540 0.874936 0.039828 0.015275
1 0.517053 0.440650 0.036543 0.017312
1 0.717618 0.467127 0.014053 0.017312
1 0.646857 0.562850 0.075919 0.017312
1 0.628659 0.589327 0.127593 0.017312
1 0.587806 0.615803 0.144313 0.017312
1 0.587028 0.838817 0.080125 0.017312
1 0.558264 0.879551 0.048760 0.023422
1 0.676189 0.879551 0.033522 0.023422
