17 0.108272 0.033605 0.016860 0.032587
5 0.108272 0.033605 0.016860 0.032587
0 0.108272 0.033605 0.016860 0.032587
17 0.108272 0.033605 0.010537 0.020367
0 0.144465 0.102406 0.073441 0.022403
1 0.156481 0.141102 0.097471 0.028513
1 0.156481 0.171032 0.097471 0.028513
1 0.156481 0.200961 0.097471 0.028513
1 0.156481 0.230890 0.097471 0.028513
1 0.156481 0.260820 0.097471 0.028513
1 0.156481 0.290749 0.097471 0.028513
1 0.156481 0.320678 0.097471 0.028513
1 0.156481 0.350608 0.097471 0.028513
1 0.171496 0.033605 0.094837 0.050916
10 0.137250 0.033605 0.026344 0.050916
10 0.187302 0.024440 0.063224 0.018330
10 0.187302 0.045316 0.063224 0.013238
18 0.372234 0.033605 0.249737 0.032587
18 0.353670 0.033605 0.212609 0.032587
18 0.478275 0.033605 0.037655 0.032587
1 0.775018 0.033605 0.038955 0.016293
1 0.827211 0.033605 0.057001 0.016293
1 0.873456 0.033605 0.027060 0.016293
1 0.115924 0.110537 0.025841 0.037678
1 0.153266 0.110537 0.031983 0.037678
1 0.563389 0.110537 0.014769 0.037678
1 0.607914 0.110537 0.057421 0.037678
1 0.664326 0.110537 0.038544 0.037678
5 0.718906 0.109009 0.053757 0.034623
0 0.718906 0.109518 0.053757 0.035642
0 0.668701 0.178828 0.073441 0.022403
1 0.680717 0.253166 0.097471 0.028513
1 0.680717 0.283096 0.097471 0.028513
1 0.680717 0.313025 0.097471 0.028513
1 0.680717 0.342954 0.097471 0.028513
1 0.680717 0.372884 0.097471 0.028513
1 0.680717 0.402813 0.097471 0.028513
0 0.680717 0.432742 0.097471 0.028513
1 0.680717 0.503007 0.097471 0.028513
1 0.680717 0.532937 0.097471 0.028513
1 0.680717 0.562866 0.097471 0.028513
1 0.680717 0.633131 0.097471 0.028513
1 0.680717 0.663060 0.097471 0.028513
1 0.680717 0.692989 0.097471 0.028513
1 0.680717 0.722919 0.097471 0.028513
1 0.680717 0.752848 0.097471 0.028513
1 0.680717 0.782777 0.097471 0.028513
1 0.680717 0.812707 0.097471 0.028513
1 0.680717 0.842636 0.097471 0.028513
1 0.680717 0.872566 0.097471 0.028513
1 0.680717 0.902495 0.097471 0.028513
1 0.680717 0.932424 0.097471 0.028513
1 0.680717 0.962354 0.097471 0.028513
1 0.680717 0.989013 0.097471 0.021974
0 0.824552 0.150554 0.027414 0.022403
6 0.772129 0.228520 0.010537 0.020367
4 0.823762 0.230556 0.113804 0.026477
6 0.772129 0.261106 0.010537 0.020367
4 0.823762 0.263143 0.113804 0.026477
1 0.823762 0.304894 0.113804 0.044807
6 0.772129 0.386361 0.010537 0.020367
4 0.823762 0.388397 0.113804 0.026477
6 0.772129 0.418947 0.010537 0.020367
4 0.823762 0.420984 0.113804 0.026477
6 0.772129 0.451534 0.010537 0.020367
4 0.823762 0.453571 0.113804 0.026477
6 0.772129 0.531982 0.010537 0.020367
4 0.823762 0.534019 0.113804 0.026477
6 0.772129 0.564568 0.010537 0.020367
4 0.823762 0.566605 0.113804 0.026477
6 0.772129 0.645017 0.010537 0.020367
4 0.823762 0.647053 0.113804 0.026477
6 0.772129 0.677603 0.010537 0.020367
4 0.823762 0.679640 0.113804 0.026477
6 0.772129 0.710190 0.010537 0.020367
4 0.823762 0.712226 0.113804 0.026477
1 0.157374 0.198622 0.082398 0.032587
1 0.162935 0.253962 0.064805 0.016293
1 0.639748 0.205416 0.032822 0.016293
1 0.706192 0.205416 0.036099 0.016293
1 0.717766 0.240421 0.029694 0.016293
0 0.717766 0.241822 0.029694 0.032587
1 0.663280 0.240421 0.079278 0.016293
0 0.663280 0.241822 0.079278 0.032587
1 0.589115 0.240421 0.069053 0.016293
0 0.589115 0.241822 0.069053 0.032587
1 0.536601 0.240421 0.035975 0.016293
0 0.536601 0.241822 0.035975 0.032587
1 0.495781 0.240421 0.045665 0.016293
0 0.495781 0.241822 0.045665 0.032587
1 0.159321 0.368269 0.094721 0.027495
1 0.400792 0.507781 0.083246 0.212831
10 0.400792 0.507781 0.080084 0.206721
1 0.281485 0.406966 0.033283 0.017312
1 0.284164 0.459919 0.072642 0.017312
1 0.295994 0.512872 0.032814 0.017312
1 0.234959 0.539349 0.087609 0.017312
1 0.224447 0.565825 0.060936 0.017312
1 0.145466 0.592302 0.037951 0.017312
1 0.221372 0.605540 0.218824 0.043788
1 0.231704 0.618779 0.081080 0.017312
1 0.172175 0.661548 0.026714 0.017312
1 0.225603 0.674787 0.227287 0.043788
1 0.227472 0.688025 0.032345 0.017312
1 0.224895 0.701263 0.225871 0.043788
1 0.301769 0.714502 0.076849 0.017312
1 0.366673 0.714502 0.030468 0.017312
1 0.217165 0.740978 0.110124 0.017312
1 0.306441 0.740978 0.036552 0.017312
1 0.145700 0.767455 0.067481 0.017312
1 0.148285 0.836701 0.072650 0.017312
1 0.335283 0.836701 0.043590 0.017312
1 0.218096 0.863178 0.062327 0.017312
1 0.287461 0.863178 0.043590 0.017312
1 0.179436 0.889654 0.085279 0.017312
1 0.312125 0.889654 0.043590 0.017312
1 0.171459 0.916131 0.057157 0.017312
1 0.422628 0.942608 0.031851 0.017312
1 0.217404 0.969084 0.021561 0.017312
1 0.314175 0.969084 0.079203 0.017312
1 0.258883 0.980214 0.293845 0.039572
1 0.499514 0.346280 0.060458 0.027495
1 0.705216 0.429433 0.063224 0.017312
10 0.705216 0.430801 0.063224 0.121181
1 0.520017 0.382940 0.074495 0.017312
1 0.598978 0.382940 0.074980 0.017312
1 0.492846 0.409416 0.020153 0.017312
1 0.565937 0.409416 0.099801 0.017312
1 0.572972 0.422655 0.180404 0.043788
1 0.542961 0.435893 0.043574 0.017312
1 0.605037 0.435893 0.054350 0.017312
1 0.509475 0.462370 0.053411 0.017312
1 0.530093 0.490469 0.094647 0.017312
1 0.620316 0.518569 0.171990 0.017312
1 0.578907 0.546668 0.113853 0.017312
1 0.577730 0.574768 0.035597 0.017312
1 0.629059 0.602867 0.026722 0.017312
1 0.663737 0.602867 0.033267 0.017312
1 0.705438 0.602867 0.040767 0.017312
1 0.498469 0.629344 0.031398 0.017312
1 0.542977 0.629344 0.039820 0.017312
1 0.594219 0.657443 0.120110 0.017312
1 0.652401 0.685543 0.161198 0.017312
1 0.498568 0.726674 0.058565 0.017312
1 0.533382 0.761297 0.022491 0.017312
1 0.705216 0.852183 0.063224 0.017312
10 0.705216 0.853551 0.063224 0.153768
1 0.583048 0.792658 0.121822 0.017312
1 0.558219 0.847235 0.072165 0.017312
1 0.565015 0.901811 0.085756 0.017312
1 0.549546 0.956387 0.054819 0.017312
1 0.587740 0.984486 0.131207 0.017312
