0 0.208701 0.828760 0.054482 0.021320
1 0.192194 0.876364 0.082392 0.023541
1 0.216780 0.936453 0.131565 0.039784
1 0.360951 0.936453 0.131565 0.039784
0 0.202731 0.177411 0.068803 0.038579
0 0.690011 0.180909 0.068343 0.038975
1 0.759376 0.180909 0.051479 0.038975
0 0.810231 0.180909 0.031324 0.038975
8 0.204791 0.237143 0.081325 0.038975
1 0.204791 0.237143 0.081325 0.038975
8 0.294159 0.237143 0.089007 0.038975
1 0.294159 0.237143 0.089007 0.038975
8 0.382230 0.237143 0.078732 0.038975
1 0.382230 0.237143 0.078732 0.038975
0 0.454381 0.237143 0.046662 0.038975
0 0.729135 0.237143 0.088309 0.038975
0 0.804318 0.237143 0.043149 0.038975
0 0.279592 0.373382 0.188912 0.111675
0 0.225471 0.885041 0.114282 0.068845
0 0.348645 0.896415 0.095088 0.091593
0 0.493176 0.885041 0.118607 0.068845
0 0.620413 0.896415 0.107537 0.091593
0 0.761604 0.855806 0.124376 0.288388
