1 0.136439 0.040733 0.102699 0.035769
1 0.224797 0.046843 0.040297 0.024440
1 0.258685 0.046843 0.027480 0.024440
1 0.308495 0.046843 0.072140 0.024440
1 0.358379 0.046843 0.027628 0.024440
1 0.391160 0.046843 0.037935 0.024440
0 0.426580 0.046843 0.032905 0.024440
2 0.821638 0.040733 0.118546 0.042293
0 0.893959 0.040733 0.026097 0.042293
1 0.417018 0.362533 0.457323 0.496961
10 0.417018 0.362533 0.457323 0.496961
1 0.733140 0.189919 0.141201 0.045825
1 0.733140 0.281059 0.141201 0.071283
1 0.733140 0.384929 0.141201 0.071283
1 0.695205 0.586574 0.015806 0.030550
1 0.728925 0.586574 0.015806 0.030550
1 0.762645 0.586574 0.015806 0.030550
1 0.258957 0.750000 0.141201 0.212799
10 0.258957 0.720468 0.141201 0.153736
1 0.417018 0.762729 0.141201 0.238257
10 0.417018 0.720468 0.141201 0.153736
1 0.575079 0.762729 0.141201 0.238257
10 0.575079 0.720468 0.141201 0.153736
1 0.733140 0.762729 0.141201 0.238257
10 0.733140 0.720468 0.141201 0.153736
