0 0.038866 0.023350 0.058824 0.040609
2 0.737477 0.023350 0.168067 0.034518
1 0.852822 0.023350 0.043716 0.034518
1 0.931825 0.023350 0.101686 0.034518
1 0.017332 0.092386 0.030462 0.067005
0 0.017332 0.092386 0.030462 0.058883
1 0.017332 0.159391 0.030462 0.067005
1 0.017332 0.226396 0.030462 0.067005
0 0.017332 0.226396 0.030462 0.058883
1 0.017332 0.293401 0.030462 0.067005
0 0.017332 0.293401 0.030462 0.058883
1 0.017332 0.360406 0.030462 0.067005
1 0.017332 0.960406 0.030462 0.067005
1 0.199055 0.082234 0.020483 0.034518
0 0.207733 0.146193 0.037840 0.101523
0 0.295024 0.141117 0.117836 0.030457
1 0.821166 0.141117 0.033613 0.030457
1 0.812763 0.141117 0.016807 0.030457
1 0.829044 0.141117 0.016807 0.030457
8 0.259121 0.176650 0.046030 0.040609
8 0.259121 0.176650 0.046030 0.040609
8 0.254920 0.176650 0.037626 0.015228
8 0.278985 0.176650 0.006303 0.012183
8 0.343057 0.176650 0.096630 0.040609
8 0.343057 0.176650 0.096630 0.040609
0 0.338855 0.176650 0.088227 0.015228
8 0.388221 0.176650 0.006303 0.012183
8 0.427468 0.176650 0.046982 0.040609
8 0.427468 0.176650 0.046982 0.040609
0 0.423266 0.176650 0.038578 0.015228
8 0.447807 0.176650 0.006303 0.012183
8 0.494461 0.176650 0.061794 0.040609
8 0.494461 0.176650 0.061794 0.040609
0 0.490259 0.176650 0.053391 0.015228
8 0.522207 0.176650 0.006303 0.012183
8 0.569767 0.176650 0.063608 0.040609
8 0.569767 0.176650 0.063608 0.040609
8 0.565565 0.176650 0.055205 0.015228
8 0.598419 0.176650 0.006303 0.012183
1 0.188813 0.245685 0.018908 0.036548
0 0.188813 0.291371 0.018908 0.036548
0 0.188813 0.337056 0.018908 0.036548
8 0.796026 0.250761 0.046079 0.034518
8 0.796026 0.246193 0.046079 0.025381
8 0.810662 0.244670 0.006303 0.012183
1 0.684607 0.295431 0.079299 0.034518
1 0.761419 0.295431 0.069073 0.032487
8 0.808298 0.295431 0.021534 0.036548
1 0.808036 0.295431 0.018908 0.036548
0 0.266417 0.659898 0.092183 0.019289
0 0.346893 0.659898 0.060465 0.019289
0 0.402574 0.659898 0.042591 0.019289
0 0.284245 0.877665 0.057461 0.017259
0 0.330226 0.908931 0.149422 0.035121
0 0.516618 0.877665 0.066324 0.017259
0 0.562356 0.908931 0.157801 0.035121
1 0.429359 0.983947 0.443277 0.030457
0 0.429359 0.983439 0.041574 0.017259
0 0.700967 0.487817 0.062123 0.017259
0 0.739184 0.512183 0.138557 0.017259
0 0.703068 0.567608 0.066324 0.017259
0 0.734277 0.600904 0.128742 0.035121
1 0.740284 0.655615 0.157563 0.030457
0 0.740284 0.655108 0.041574 0.017259
0 0.691858 0.793179 0.043904 0.017259
0 0.734810 0.826475 0.129809 0.035121
1 0.740284 0.881187 0.157563 0.030457
0 0.740284 0.880679 0.041574 0.017259
1 0.740284 0.996938 0.157563 0.006123
0 0.740280 0.999984 0.109597 0.000032
