1 0.202994 0.906472 0.012605 0.024365
0 0.000263 0.081726 0.000525 0.001015
0 0.240809 0.040609 0.094538 0.036548
0 0.432716 0.040609 0.075975 0.043655
0 0.499700 0.040609 0.049591 0.043655
0 0.554942 0.040609 0.052488 0.043655
0 0.603208 0.040609 0.035640 0.043655
0 0.755363 0.040609 0.022362 0.023350
0 0.788866 0.041624 0.023634 0.039594
0 0.496061 0.315228 0.598739 0.443655
0 0.271017 0.586802 0.098231 0.038579
1 0.256274 0.631980 0.059291 0.037563
2 0.427230 0.631980 0.275268 0.053807
1 0.580620 0.631980 0.023109 0.032487
1 0.690988 0.631980 0.112543 0.055838
0 0.763323 0.628823 0.019392 0.022335
0 0.243960 0.738983 0.094538 0.044464
0 0.241063 0.805933 0.088744 0.067513
0 0.242877 0.891942 0.092371 0.045939
0 0.235561 0.972097 0.077739 0.055806
0 0.464548 0.738983 0.315126 0.044464
0 0.344800 0.845638 0.075630 0.023350
0 0.412163 0.779791 0.033884 0.019289
0 0.504809 0.822137 0.219177 0.065244
0 0.421830 0.860105 0.053219 0.018274
0 0.543088 0.860105 0.054056 0.018274
0 0.657563 0.812278 0.039391 0.076142
0 0.740513 0.811929 0.109703 0.043338
0 0.657563 0.901412 0.039391 0.076142
0 0.739369 0.901063 0.107414 0.062310
0 0.657563 0.976237 0.039391 0.047525
0 0.735750 0.979521 0.100176 0.040958
