17 0.108272 0.033605 0.016860 0.032587
17 0.108272 0.033605 0.016860 0.032587
0 0.108272 0.033605 0.016860 0.032587
17 0.108272 0.033605 0.010537 0.020367
0 0.148335 0.102406 0.081179 0.022403
1 0.156481 0.141102 0.097471 0.028513
1 0.156481 0.171032 0.097471 0.028513
1 0.156481 0.200961 0.097471 0.028513
1 0.156481 0.230890 0.097471 0.028513
1 0.156481 0.260820 0.097471 0.028513
1 0.156481 0.290749 0.097471 0.028513
1 0.156481 0.320678 0.097471 0.028513
1 0.156481 0.350608 0.097471 0.028513
1 0.156481 0.420873 0.097471 0.028513
1 0.156481 0.450802 0.097471 0.028513
1 0.156481 0.480731 0.097471 0.028513
1 0.156481 0.510661 0.097471 0.028513
1 0.156481 0.540590 0.097471 0.028513
1 0.156481 0.570519 0.097471 0.028513
1 0.156481 0.600449 0.097471 0.028513
1 0.156481 0.630378 0.097471 0.028513
1 0.156481 0.660307 0.097471 0.028513
1 0.171496 0.033605 0.094837 0.050916
10 0.137250 0.033605 0.026344 0.050916
10 0.187302 0.024440 0.062698 0.018330
10 0.187302 0.045316 0.063224 0.013238
18 0.372234 0.033605 0.249737 0.032587
18 0.350801 0.033605 0.206871 0.032587
18 0.475406 0.033605 0.043393 0.032587
1 0.789388 0.033605 0.015995 0.016293
1 0.819637 0.033605 0.036074 0.016293
1 0.864438 0.033605 0.045097 0.016293
1 0.129248 0.110537 0.052489 0.037678
1 0.180939 0.110537 0.034033 0.037678
1 0.569963 0.110537 0.010661 0.037678
1 0.610379 0.110537 0.053313 0.037678
1 0.665762 0.110537 0.040594 0.037678
5 0.720137 0.109009 0.051296 0.034623
0 0.720137 0.109518 0.051296 0.035642
0 0.672571 0.178828 0.081179 0.022403
1 0.680717 0.253166 0.097471 0.028513
1 0.680717 0.283096 0.097471 0.028513
1 0.680717 0.313025 0.097471 0.028513
1 0.680717 0.342954 0.097471 0.028513
1 0.680717 0.372884 0.097471 0.028513
1 0.680717 0.402813 0.097471 0.028513
1 0.680717 0.440889 0.097471 0.044807
1 0.680717 0.487112 0.097471 0.044807
1 0.680717 0.565523 0.097471 0.028513
1 0.680717 0.595453 0.097471 0.028513
1 0.680717 0.625382 0.097471 0.028513
1 0.680717 0.695647 0.097471 0.028513
1 0.680717 0.725576 0.097471 0.028513
1 0.680717 0.755505 0.097471 0.028513
1 0.680717 0.785435 0.097471 0.028513
1 0.680717 0.815364 0.097471 0.028513
1 0.680717 0.845293 0.097471 0.028513
1 0.680717 0.875223 0.097471 0.028513
1 0.680717 0.905152 0.097471 0.028513
1 0.680717 0.935081 0.097471 0.028513
1 0.680717 0.965011 0.097471 0.028513
1 0.680717 0.990342 0.097471 0.019316
0 0.822502 0.150554 0.027414 0.022403
6 0.772129 0.228520 0.010537 0.020367
4 0.823762 0.230556 0.113804 0.026477
6 0.772129 0.261106 0.010537 0.020367
4 0.823762 0.263143 0.113804 0.026477
1 0.823762 0.304894 0.113804 0.044807
6 0.772129 0.386361 0.010537 0.020367
4 0.823762 0.388397 0.113804 0.026477
6 0.772129 0.418947 0.010537 0.020367
4 0.823762 0.420984 0.113804 0.026477
6 0.772129 0.451534 0.010537 0.020367
4 0.823762 0.453571 0.113804 0.026477
6 0.772129 0.531982 0.010537 0.020367
4 0.823762 0.534019 0.113804 0.026477
6 0.772129 0.564568 0.010537 0.020367
4 0.823762 0.566605 0.113804 0.026477
6 0.772129 0.645017 0.010537 0.020367
4 0.823762 0.647053 0.113804 0.026477
6 0.772129 0.677603 0.010537 0.020367
4 0.823762 0.679640 0.113804 0.026477
6 0.772129 0.710190 0.010537 0.020367
4 0.823762 0.712226 0.113804 0.026477
1 0.238993 0.198113 0.119040 0.043788
1 0.365438 0.198113 0.091124 0.043788
1 0.230732 0.238846 0.060928 0.023422
1 0.274290 0.238846 0.020095 0.023422
1 0.388530 0.238846 0.026813 0.023422
1 0.606881 0.194040 0.025306 0.017312
1 0.654682 0.194040 0.037498 0.017312
1 0.625630 0.220516 0.054358 0.017312
1 0.539412 0.263286 0.021561 0.017312
1 0.568934 0.263286 0.022499 0.017312
1 0.606889 0.263286 0.038429 0.017312
1 0.649524 0.263286 0.031859 0.017312
1 0.686063 0.263286 0.026236 0.017312
1 0.140349 0.337115 0.013921 0.016293
1 0.211349 0.337115 0.027002 0.016293
1 0.282353 0.337115 0.025306 0.016293
1 0.353357 0.337115 0.028253 0.016293
1 0.424361 0.337115 0.020235 0.016293
1 0.495365 0.337115 0.033325 0.016293
1 0.566369 0.337115 0.025718 0.016293
1 0.637373 0.337115 0.039219 0.016293
1 0.708410 0.337115 0.028253 0.016293
1 0.411634 0.535626 0.066913 0.174644
10 0.411634 0.535626 0.066913 0.174644
1 0.437187 0.607672 0.010537 0.020367
1 0.152694 0.469180 0.088844 0.017312
1 0.249601 0.469180 0.048744 0.017312
1 0.304198 0.469180 0.032328 0.017312
1 0.134986 0.495656 0.053428 0.017312
1 0.183721 0.575086 0.035613 0.017312
1 0.229176 0.575086 0.045928 0.017312
1 0.266897 0.575086 0.020145 0.017312
1 0.296657 0.575086 0.020622 0.017312
1 0.198009 0.628039 0.156028 0.017312
1 0.260784 0.654516 0.081072 0.017312
1 0.175287 0.680992 0.046867 0.017312
1 0.276241 0.786899 0.071663 0.017312
1 0.293347 0.829668 0.121370 0.017312
1 0.373638 0.842907 0.142905 0.043788
1 0.388629 0.856145 0.112923 0.017312
1 0.164631 0.907905 0.009484 0.017312
10 0.164631 0.909496 0.009484 0.018330
1 0.176345 0.907905 0.009484 0.017312
10 0.176345 0.909496 0.009484 0.018330
1 0.306136 0.907905 0.074322 0.017312
1 0.357107 0.907905 0.017823 0.017312
1 0.397676 0.907905 0.049386 0.017312
1 0.436179 0.907905 0.017823 0.017312
1 0.707060 0.534098 0.066913 0.171589
10 0.707060 0.534098 0.066913 0.171589
1 0.732613 0.604617 0.010537 0.020367
1 0.481411 0.465918 0.022491 0.017312
1 0.586143 0.465918 0.055766 0.017312
1 0.635583 0.465918 0.038420 0.017312
1 0.580957 0.492394 0.061380 0.017312
1 0.568790 0.505633 0.197247 0.043788
1 0.575845 0.518871 0.035152 0.017312
1 0.524380 0.546970 0.061866 0.017312
1 0.615998 0.546970 0.093248 0.017312
1 0.519358 0.573447 0.098385 0.017312
1 0.619394 0.573447 0.068888 0.017312
1 0.536004 0.628023 0.043574 0.017312
1 0.619633 0.628023 0.054334 0.017312
1 0.521013 0.654500 0.045451 0.017312
1 0.661589 0.654500 0.076372 0.017312
1 0.495242 0.682599 0.023907 0.017312
1 0.557491 0.682599 0.091223 0.017312
1 0.517494 0.709076 0.048719 0.017312
1 0.577932 0.709076 0.053403 0.017312
1 0.669932 0.709076 0.087477 0.017312
1 0.528735 0.737175 0.055280 0.017312
1 0.625959 0.737175 0.057618 0.017312
1 0.688982 0.737175 0.040306 0.017312
1 0.549205 0.771799 0.054827 0.017312
1 0.640580 0.771799 0.112940 0.017312
1 0.593729 0.785037 0.274096 0.043788
1 0.511982 0.798275 0.036560 0.017312
1 0.583661 0.798275 0.086201 0.017312
1 0.651364 0.798275 0.038898 0.017312
1 0.597006 0.811513 0.280649 0.043788
1 0.489010 0.851228 0.064657 0.017312
1 0.553683 0.851228 0.055305 0.017312
1 0.617171 0.851228 0.056688 0.017312
1 0.679947 0.851228 0.053881 0.017312
1 0.594433 0.864467 0.275504 0.043788
1 0.549905 0.877705 0.059981 0.017312
1 0.614952 0.877705 0.055132 0.017312
1 0.621061 0.904182 0.079648 0.017312
1 0.704446 0.904182 0.072140 0.017312
