0 0.147584 0.089340 0.143382 0.097462
11 0.426856 0.108629 0.082967 0.046701
0 0.426856 0.108629 0.082967 0.046701
1 0.455735 0.106599 0.018750 0.036244
11 0.515375 0.108629 0.094070 0.046701
0 0.515375 0.108629 0.094070 0.046701
11 0.594517 0.108629 0.064215 0.046701
0 0.594517 0.108629 0.064215 0.046701
11 0.695107 0.108629 0.136965 0.046701
0 0.695107 0.108629 0.136965 0.046701
1 0.750985 0.106599 0.018750 0.036244
11 0.808159 0.108629 0.089138 0.046701
0 0.808159 0.108629 0.089138 0.046701
1 0.840123 0.106599 0.018750 0.036244
11 0.884478 0.108629 0.063501 0.046701
0 0.884478 0.108629 0.063501 0.046701
1 0.903624 0.106599 0.018750 0.036244
1 0.747637 0.051269 0.022059 0.042640
8 0.805935 0.051269 0.073529 0.054822
1 0.805935 0.051269 0.068277 0.044670
1 0.879333 0.052078 0.073792 0.056440
5 0.333508 0.194416 0.000525 0.001015
2 0.496061 0.215228 0.325630 0.042640
1 0.647847 0.215228 0.022059 0.042640
1 0.959284 0.218782 0.055172 0.059898
0 0.325368 0.626174 0.399160 0.144607
1 0.807248 0.931980 0.097164 0.036548
