11 0.041455 0.018274 0.051397 0.036548
0 0.041455 0.018274 0.051397 0.036548
11 0.093877 0.018274 0.053448 0.036548
0 0.093877 0.018274 0.053448 0.036548
11 0.142652 0.018274 0.044101 0.036548
0 0.142652 0.018274 0.044101 0.036548
11 0.194586 0.018274 0.059767 0.036548
0 0.194586 0.018274 0.059767 0.036548
11 0.259302 0.018274 0.069664 0.036548
0 0.259302 0.018274 0.069664 0.036548
0 0.911235 0.018274 0.011973 0.036548
0 0.924259 0.018274 0.011973 0.036548
0 0.937283 0.018274 0.011973 0.036548
0 0.956925 0.018274 0.011555 0.014213
0 0.956925 0.018274 0.011555 0.014213
0 0.971897 0.018274 0.008937 0.036548
1 0.022584 0.080203 0.013655 0.045685
0 0.496061 0.080203 0.107668 0.087310
1 0.945025 0.080203 0.062681 0.035533
11 0.294610 0.150254 0.073759 0.054822
0 0.294610 0.150254 0.073759 0.054822
11 0.379735 0.150254 0.096491 0.054822
0 0.379735 0.150254 0.096491 0.054822
11 0.471019 0.150254 0.086077 0.054822
0 0.471019 0.150254 0.086077 0.054822
11 0.567526 0.150254 0.106938 0.054822
0 0.567526 0.150254 0.106938 0.054822
11 0.677689 0.150254 0.113388 0.054822
0 0.677689 0.150254 0.113388 0.054822
0 0.971413 0.150254 0.009905 0.045685
0 0.338235 0.427030 0.314601 0.456091
0 0.219792 0.522398 0.056312 0.022335
0 0.338235 0.575349 0.293199 0.057170
0 0.214355 0.624746 0.045439 0.017259
0 0.653887 0.427030 0.314601 0.456091
0 0.525592 0.522398 0.036609 0.022335
0 0.653887 0.575349 0.293199 0.057170
0 0.530007 0.624746 0.045439 0.017259
0 0.259322 0.758122 0.156775 0.202030
0 0.207885 0.884518 0.053900 0.018274
0 0.256696 0.926904 0.151523 0.044162
0 0.212993 0.966751 0.045898 0.017259
0 0.309016 0.966751 0.012892 0.017259
0 0.417148 0.758122 0.156775 0.202030
0 0.369190 0.884518 0.060859 0.018274
0 0.414522 0.926904 0.151523 0.044162
0 0.370819 0.966751 0.045898 0.017259
0 0.466842 0.966751 0.012892 0.017259
0 0.574974 0.758122 0.156775 0.202030
0 0.512474 0.884518 0.031775 0.018274
0 0.572348 0.937944 0.151523 0.066244
0 0.528644 0.988832 0.045898 0.017259
0 0.624668 0.988832 0.012892 0.017259
0 0.732799 0.758122 0.156775 0.202030
0 0.670299 0.884518 0.031775 0.018274
0 0.730173 0.926904 0.151523 0.044162
0 0.686470 0.966751 0.045898 0.017259
0 0.782419 0.966751 0.012892 0.017259
