1 0.769860 0.025904 0.092552 0.030838
1 0.963235 0.025904 0.073529 0.051808
0 0.112920 0.092766 0.183824 0.061612
6 0.834099 0.051301 0.000525 0.001015
0 0.851169 0.063991 0.022059 0.016244
0 0.888167 0.063991 0.027779 0.016244
0 0.923947 0.063991 0.019622 0.016244
0 0.959526 0.063991 0.027377 0.016244
5 0.305147 0.282456 0.000525 0.001015
1 0.634860 0.282456 0.048032 0.036548
1 0.475578 0.283471 0.367647 0.043655
2 0.485032 0.281948 0.367647 0.040609
0 0.268214 0.555552 0.030126 0.026396
0 0.274513 0.581948 0.042723 0.026396
0 0.274865 0.608344 0.043428 0.026396
5 0.272309 0.639308 0.038316 0.015228
8 0.349043 0.639308 0.111345 0.025381
0 0.432909 0.555552 0.035378 0.026396
0 0.423627 0.581948 0.016815 0.026396
