20 0.965358 0.841141 0.010274 0.022403
0 0.965358 0.841141 0.003952 0.015275
0 0.965358 0.841141 0.003952 0.010183
1 0.940949 0.896130 0.051353 0.018330
0 0.824211 0.937373 0.103225 0.041752
0 0.824211 0.937373 0.091634 0.025458
0 0.928428 0.937373 0.084135 0.041752
0 0.928428 0.937373 0.072543 0.025458
1 0.196259 0.033605 0.085353 0.067210
17 0.277002 0.033605 0.023446 0.024440
17 0.326038 0.033605 0.043014 0.026477
17 0.382644 0.033605 0.038585 0.024440
17 0.442604 0.033605 0.049723 0.026477
0 0.797159 0.033605 0.082710 0.067210
1 0.769177 0.033605 0.026747 0.024440
0 0.815801 0.033605 0.045426 0.041752
0 0.815801 0.033605 0.033835 0.025458
0 0.337987 0.497963 0.316122 0.041752
0 0.209023 0.497963 0.058194 0.041752
0 0.209023 0.497963 0.046603 0.025458
0 0.298118 0.497963 0.098920 0.041752
0 0.298118 0.497963 0.087329 0.025458
4 0.680453 0.246945 0.242360 0.025458
2 0.680453 0.289206 0.242360 0.038697
0 0.563488 0.331976 0.008430 0.006110
4 0.616447 0.341650 0.114347 0.025458
0 0.616447 0.383910 0.114347 0.038697
4 0.744460 0.341650 0.114347 0.025458
2 0.744460 0.383910 0.114347 0.038697
0 0.680453 0.469959 0.242360 0.041752
0 0.680449 0.469959 0.054704 0.025458
1 0.728629 0.518839 0.052489 0.015275
1 0.670179 0.526477 0.221812 0.030550
1 0.618859 0.534114 0.046776 0.015275
