1 0.018908 0.028426 0.012605 0.024365
1 0.018908 0.028426 0.021008 0.040609
0 0.061712 0.028426 0.064601 0.056853
2 0.473214 0.028426 0.270483 0.024365
1 0.627363 0.028426 0.033613 0.040609
1 0.663078 0.028426 0.021008 0.040609
1 0.663078 0.028426 0.012605 0.024365
1 0.917214 0.028426 0.021008 0.040609
1 0.917214 0.028426 0.021008 0.040609
1 0.917214 0.028426 0.021008 0.040609
1 0.917214 0.028426 0.012605 0.024365
1 0.917214 0.028426 0.012605 0.024365
1 0.917214 0.028426 0.021008 0.040609
1 0.957819 0.028426 0.051799 0.040609
1 0.943474 0.028426 0.012605 0.024365
1 0.964122 0.028426 0.022387 0.040609
0 0.386292 0.479918 0.755777 0.821764
13 0.386292 0.479918 0.755777 0.821764
1 0.386292 0.479918 0.035714 0.048731
1 0.386292 0.479918 0.035714 0.048731
9 0.386292 0.830901 0.743172 0.006091
1 0.025210 0.862373 0.021008 0.040609
1 0.052521 0.862373 0.021008 0.040609
1 0.052521 0.862373 0.021008 0.040609
1 0.093303 0.862373 0.035345 0.040609
1 0.667542 0.862373 0.025210 0.040609
1 0.667542 0.874556 0.025210 0.064975
1 0.692752 0.862373 0.025210 0.040609
1 0.717962 0.862373 0.025210 0.040609
1 0.743172 0.862373 0.025210 0.040609
0 0.022059 0.961358 0.027311 0.043655
0 0.057338 0.952221 0.043248 0.022335
1 0.125812 0.961358 0.049649 0.040609
1 0.125812 0.961358 0.049649 0.040609
1 0.125812 0.961358 0.049649 0.040609
1 0.125812 0.961358 0.032842 0.040609
1 0.140490 0.990831 0.079003 0.018338
1 0.140490 0.990831 0.079003 0.018338
1 0.140490 0.990831 0.079003 0.018338
1 0.112543 0.994892 0.012605 0.010216
1 0.140490 0.990831 0.036986 0.018338
1 0.168437 0.994892 0.012605 0.010216
1 0.558840 0.963388 0.120240 0.040609
1 0.517841 0.963388 0.038242 0.040609
1 0.510274 0.963388 0.012605 0.024365
1 0.524143 0.963388 0.008830 0.040609
1 0.551668 0.963388 0.029412 0.040609
1 0.550092 0.963388 0.012605 0.024365
1 0.594768 0.963388 0.048385 0.040609
1 0.582130 0.963388 0.012605 0.024365
1 0.601070 0.963388 0.018973 0.040609
1 0.645820 0.963388 0.045316 0.040609
1 0.634716 0.963388 0.012605 0.024365
1 0.652122 0.963388 0.015904 0.040609
1 0.703724 0.963388 0.062090 0.040609
1 0.703724 0.963388 0.062090 0.040609
1 0.684234 0.963388 0.012605 0.024365
1 0.710027 0.963388 0.032678 0.040609
1 0.753676 0.963388 0.021008 0.040609
1 0.753676 0.963388 0.012605 0.024365
0 0.818803 0.125127 0.092437 0.095939
0 0.924370 0.097462 0.118697 0.040609
1 0.978466 0.091371 0.021008 0.040609
1 0.978466 0.091371 0.021008 0.040609
1 0.978466 0.091371 0.012605 0.024365
0 0.818803 0.231980 0.092437 0.101523
0 0.924370 0.201523 0.118697 0.040609
1 0.978466 0.195431 0.021008 0.040609
1 0.978466 0.195431 0.021008 0.040609
1 0.978466 0.195431 0.012605 0.024365
0 0.818803 0.338832 0.092437 0.095939
0 0.924370 0.311168 0.118697 0.040609
1 0.978466 0.305076 0.021008 0.040609
1 0.978466 0.305076 0.021008 0.040609
1 0.978466 0.305076 0.012605 0.024365
0 0.818803 0.445685 0.092437 0.101523
0 0.924370 0.415228 0.118697 0.040609
1 0.978466 0.409137 0.021008 0.040609
1 0.978466 0.409137 0.021008 0.040609
1 0.978466 0.409137 0.012605 0.024365
0 0.818803 0.552538 0.092437 0.095939
0 0.924370 0.524873 0.118697 0.040609
1 0.978466 0.518782 0.021008 0.040609
1 0.978466 0.518782 0.021008 0.040609
1 0.978466 0.518782 0.012605 0.024365
0 0.818803 0.656599 0.092437 0.095939
0 0.924370 0.628934 0.118697 0.040609
1 0.978466 0.622843 0.021008 0.040609
1 0.978466 0.622843 0.021008 0.040609
1 0.978466 0.622843 0.012605 0.024365
0 0.818803 0.760660 0.092437 0.095939
0 0.924370 0.732995 0.118697 0.040609
1 0.978466 0.726904 0.021008 0.040609
1 0.978466 0.726904 0.021008 0.040609
1 0.978466 0.726904 0.012605 0.024365
0 0.818803 0.874873 0.092437 0.095939
0 0.924370 0.847208 0.118697 0.040609
0 0.818803 0.965482 0.092437 0.069036
0 0.924370 0.951269 0.118697 0.040609
1 0.978466 0.945178 0.021008 0.040609
1 0.978466 0.945178 0.021008 0.040609
1 0.978466 0.945178 0.012605 0.024365
