19 0.018440 0.964358 0.023182 0.044807
17 0.018440 0.964358 0.023182 0.044807
10 0.018440 0.964358 0.023182 0.044807
1 0.000263 0.000509 0.000527 0.001018
1 0.226291 0.043613 0.052687 0.020367
10 0.226291 0.045825 0.052687 0.050916
17 0.306490 0.057631 0.054465 0.070838
1 0.302275 0.045825 0.046035 0.047225
17 0.419298 0.283430 0.461538 0.218941
10 0.202228 0.198399 0.018967 0.036660
1 0.298645 0.200945 0.203372 0.053971
10 0.443534 0.198399 0.018967 0.036660
1 0.539952 0.200945 0.203372 0.053971
10 0.202228 0.264591 0.018967 0.036660
1 0.298645 0.277320 0.203372 0.074338
10 0.443534 0.264591 0.018967 0.036660
1 0.539952 0.277320 0.203372 0.074338
10 0.202228 0.351149 0.018967 0.036660
1 0.298645 0.353695 0.203372 0.053971
17 0.419298 0.622025 0.461538 0.325866
10 0.202228 0.483532 0.018967 0.036660
1 0.298645 0.496261 0.203372 0.074338
10 0.443798 0.483532 0.019494 0.036660
1 0.539952 0.496261 0.203372 0.074338
10 0.202228 0.570090 0.018967 0.036660
1 0.298645 0.572636 0.203372 0.053971
10 0.443798 0.570090 0.019494 0.036660
1 0.539952 0.572636 0.203372 0.053971
10 0.202228 0.636281 0.018967 0.036660
1 0.298645 0.649010 0.203372 0.074338
1 0.539952 0.649010 0.203372 0.074338
10 0.443534 0.636281 0.018967 0.036660
1 0.298645 0.735568 0.203372 0.074338
10 0.202228 0.722839 0.018967 0.036660
1 0.539952 0.735568 0.203372 0.074338
10 0.443534 0.722839 0.018967 0.036660
1 0.721981 0.235592 0.076388 0.123266
17 0.720396 0.221312 0.031085 0.060081
1 0.799164 0.235592 0.077977 0.123266
17 0.800744 0.221312 0.031085 0.060081
1 0.723982 0.325738 0.080389 0.024440
1 0.728254 0.442433 0.088934 0.016293
1 0.712440 0.470532 0.057305 0.016293
17 0.347426 0.057631 0.027405 0.070838
1 0.343211 0.045825 0.018976 0.047225
17 0.419298 0.260517 0.461538 0.173116
1 0.298645 0.211128 0.203372 0.074338
10 0.202228 0.198399 0.018967 0.036660
1 0.539952 0.211128 0.203372 0.074338
10 0.443534 0.198399 0.018967 0.036660
1 0.298645 0.297686 0.203372 0.074338
10 0.202228 0.284957 0.018967 0.036660
17 0.419298 0.458073 0.461538 0.089613
1 0.296537 0.429560 0.207587 0.032587
1 0.537844 0.429560 0.207587 0.032587
1 0.296537 0.474367 0.207587 0.032587
1 0.537844 0.474367 0.207587 0.032587
17 0.778624 0.362748 0.189673 0.377578
10 0.778624 0.277511 0.188620 0.205066
17 0.389872 0.057631 0.057486 0.070838
1 0.385657 0.045825 0.049057 0.047225
17 0.419298 0.285976 0.461538 0.224033
1 0.296537 0.190253 0.207587 0.032587
1 0.537844 0.190253 0.207587 0.032587
1 0.296537 0.235059 0.207587 0.032587
1 0.537844 0.235059 0.207587 0.032587
1 0.296537 0.279866 0.207587 0.032587
1 0.537844 0.279866 0.207587 0.032587
1 0.296537 0.324672 0.207587 0.032587
1 0.537844 0.324672 0.207587 0.032587
1 0.296537 0.369479 0.207587 0.032587
1 0.537844 0.369479 0.207587 0.032587
1 0.296537 0.480477 0.207587 0.032587
1 0.296537 0.525283 0.207587 0.032587
1 0.296537 0.570090 0.207587 0.032587
1 0.537844 0.480477 0.207587 0.032587
1 0.537844 0.525283 0.207587 0.032587
1 0.537844 0.570090 0.207587 0.032587
17 0.814916 0.324672 0.262258 0.301426
1 0.817024 0.192289 0.258043 0.036660
10 0.693271 0.192289 0.010537 0.020367
1 0.817024 0.245242 0.258043 0.036660
10 0.693271 0.245242 0.010537 0.020367
1 0.817024 0.298196 0.258043 0.036660
10 0.693271 0.298196 0.010537 0.020367
1 0.817024 0.351149 0.258043 0.036660
10 0.693271 0.351149 0.010537 0.020367
1 0.817024 0.404102 0.258043 0.036660
10 0.693271 0.404102 0.010537 0.020367
1 0.817024 0.457055 0.258043 0.036660
10 0.693271 0.457055 0.010537 0.020367
17 0.441073 0.045825 0.044916 0.047225
1 0.436858 0.045825 0.036486 0.047225
17 0.494435 0.057631 0.061808 0.070838
1 0.490220 0.045825 0.053379 0.047225
1 0.296537 0.200945 0.207587 0.053971
1 0.296537 0.267137 0.207587 0.053971
1 0.296537 0.333328 0.207587 0.053971
1 0.537844 0.200945 0.207587 0.053971
1 0.537844 0.267137 0.207587 0.053971
17 0.419298 0.483532 0.461538 0.089613
1 0.296537 0.455018 0.207587 0.032587
1 0.537844 0.455018 0.207587 0.032587
1 0.296537 0.499825 0.207587 0.032587
1 0.537844 0.499825 0.207587 0.032587
17 0.778624 0.362748 0.189673 0.377578
10 0.778624 0.277511 0.188620 0.205066
1 0.563685 0.045634 0.044043 0.034623
1 0.594351 0.087385 0.092729 0.032587
1 0.594351 0.122009 0.092729 0.032587
1 0.594351 0.156632 0.092729 0.032587
1 0.594351 0.191255 0.092729 0.032587
1 0.594351 0.225878 0.092729 0.032587
1 0.594351 0.260502 0.092729 0.032587
17 0.612277 0.045825 0.044759 0.034623
1 0.612277 0.045825 0.044759 0.034623
17 0.676864 0.045825 0.071770 0.038697
1 0.676864 0.045825 0.071770 0.038697
17 0.755610 0.045825 0.073079 0.038697
1 0.755610 0.045825 0.073079 0.038697
10 0.252371 0.991551 0.081665 0.016898
10 0.349842 0.991551 0.081665 0.016898
10 0.447313 0.991551 0.081665 0.016898
10 0.544784 0.991551 0.081665 0.016898
10 0.642255 0.991551 0.081665 0.016898
10 0.739726 0.991551 0.081665 0.016898
10 0.862405 0.960285 0.012645 0.024440
1 0.938883 0.960285 0.025290 0.040733
1 0.968388 0.960285 0.025290 0.040733
10 0.872415 0.997963 0.033720 0.004073
1 0.916697 0.997963 0.036881 0.004073
1 0.943600 0.997963 0.032666 0.004073
20 0.975237 0.997963 0.012645 0.004073
1 0.572132 0.950611 0.043813 0.019348
1 0.631849 0.950611 0.044241 0.019348
0 0.874391 0.938391 0.067176 0.042770
0 0.940118 0.938391 0.047418 0.042770
20 0.977555 0.893680 0.023182 0.030550
