0 0.070501 0.034518 0.119994 0.048731
1 0.920168 0.032043 0.021008 0.040609
0 0.959296 0.032487 0.044643 0.040609
0 0.028279 0.080425 0.035550 0.030901
0 0.093368 0.078902 0.050510 0.027855
0 0.171186 0.078902 0.061006 0.027855
0 0.247953 0.078902 0.048410 0.027855
0 0.302094 0.078902 0.015756 0.027855
0 0.027311 0.020812 0.038866 0.029442
0 0.030245 0.067473 0.060489 0.047732
0 0.108817 0.076110 0.052537 0.065006
0 0.183622 0.086271 0.052956 0.085327
0 0.268407 0.065950 0.072495 0.044686
0 0.347722 0.065950 0.042017 0.044686
0 0.277331 0.318242 0.076196 0.017259
0 0.554688 0.293893 0.085741 0.017259
0 0.348411 0.610549 0.134322 0.017259
0 0.596068 0.600397 0.084469 0.017259
0 0.350520 0.947510 0.138541 0.017259
0 0.651798 0.866331 0.195928 0.041609
