1 0.058882 0.032587 0.088259 0.065173
0 0.131277 0.032587 0.041779 0.065173
0 0.169726 0.032587 0.035119 0.065173
0 0.206529 0.032587 0.038486 0.065173
0 0.241854 0.032587 0.032164 0.065173
18 0.923604 0.032587 0.025290 0.048880
0 0.948894 0.032587 0.025290 0.048880
17 0.974183 0.032587 0.025290 0.048880
10 0.974183 0.032587 0.016860 0.032587
1 0.187195 0.105906 0.065118 0.032587
1 0.253552 0.105906 0.054951 0.032587
1 0.314505 0.105906 0.054309 0.032587
1 0.368945 0.105906 0.041927 0.032587
1 0.435738 0.105906 0.079014 0.032587
1 0.509196 0.105906 0.055256 0.032587
1 0.579557 0.105906 0.072823 0.032587
1 0.496048 0.362780 0.682824 0.371181
10 0.666754 0.362780 0.341412 0.371181
1 0.278978 0.483198 0.214963 0.065173
10 0.188356 0.483198 0.033720 0.065173
10 0.317406 0.496436 0.008430 0.016293
0 0.432824 0.473014 0.092729 0.036660
1 0.925053 0.362780 0.149895 0.371181
1 0.933483 0.483198 0.133035 0.065173
10 0.883825 0.483198 0.033720 0.065173
10 0.965202 0.496436 0.008430 0.016293
1 0.264226 0.834267 0.219178 0.331466
10 0.264226 0.787678 0.219178 0.238289
0 0.264226 0.787678 0.037935 0.073320
10 0.171496 0.955703 0.033720 0.065173
1 0.496048 0.834267 0.219178 0.331466
10 0.496048 0.787678 0.219178 0.238289
0 0.496048 0.787678 0.037935 0.073320
10 0.403319 0.955703 0.033720 0.065173
1 0.727871 0.834267 0.219178 0.331466
10 0.727871 0.787678 0.219178 0.238289
0 0.727871 0.787678 0.037935 0.073320
10 0.635142 0.955703 0.033720 0.065173
1 0.925053 0.834267 0.149895 0.331466
10 0.925053 0.787678 0.149895 0.238289
10 0.866965 0.955703 0.033720 0.065173
