5 0.123424 0.036548 0.129202 0.026396
2 0.123424 0.035533 0.129202 0.024365
1 0.202731 0.038579 0.025210 0.052792
1 0.229517 0.036548 0.028361 0.048731
1 0.144958 0.140102 0.197479 0.052792
1 0.295279 0.037563 0.064297 0.048731
1 0.352765 0.037563 0.044372 0.048731
1 0.410928 0.037563 0.065651 0.048731
1 0.474609 0.037563 0.055410 0.048731
1 0.528505 0.037563 0.046079 0.048731
1 0.586319 0.037563 0.063247 0.048731
1 0.641749 0.037563 0.041311 0.048731
1 0.018908 0.034518 0.037815 0.036548
1 0.018908 0.101523 0.037815 0.064975
1 0.018908 0.182741 0.037815 0.064975
1 0.018908 0.955330 0.037815 0.056853
1 0.922794 0.032043 0.021008 0.040609
0 0.962973 0.032487 0.044643 0.040609
1 0.981880 0.870558 0.015231 0.029442
5 0.928809 0.880203 0.029888 0.028426
1 0.929798 0.901523 0.031865 0.014213
1 0.981880 0.903046 0.015231 0.029442
5 0.942157 0.906599 0.016421 0.014213
1 0.950167 0.922335 0.032440 0.017259
1 0.948854 0.922335 0.029814 0.017259
1 0.981880 0.931472 0.015231 0.029442
1 0.921744 0.964467 0.015756 0.030457
1 0.959821 0.964467 0.059349 0.030457
5 0.953782 0.964467 0.047269 0.030457
5 0.071864 0.963293 0.016905 0.013198
1 0.069065 0.939594 0.039391 0.076142
1 0.821429 0.993401 0.011423 0.013198
1 0.842396 0.993401 0.014755 0.013198
1 0.866133 0.993401 0.016963 0.013198
1 0.910148 0.993401 0.055311 0.013198
1 0.967326 0.993401 0.043289 0.013198
5 0.951443 0.993401 0.011522 0.013198
