0 0.069898 0.024365 0.114586 0.032487
8 0.185067 0.024365 0.065331 0.048731
0 0.172462 0.024365 0.040121 0.048731
1 0.205127 0.024365 0.025210 0.048731
0 0.260336 0.024365 0.085207 0.048731
0 0.328100 0.024365 0.050322 0.048731
0 0.373954 0.024365 0.041385 0.048731
0 0.413681 0.024365 0.038070 0.048731
0 0.462144 0.024365 0.058856 0.048731
0 0.508617 0.024365 0.034089 0.048731
2 0.810153 0.024365 0.105042 0.036548
1 0.968323 0.024365 0.030790 0.036548
1 0.300683 0.385787 0.378151 0.044670
1 0.152770 0.385787 0.069722 0.036548
0 0.207721 0.793885 0.178571 0.194876
0 0.196757 0.948176 0.139837 0.081218
0 0.399947 0.793885 0.178571 0.194876
0 0.397436 0.948176 0.156742 0.081218
0 0.592174 0.793885 0.178571 0.194876
0 0.590472 0.948176 0.158359 0.081218
0 0.784401 0.793885 0.178571 0.194876
0 0.780614 0.948176 0.154190 0.081218
1 0.997637 0.088325 0.004727 0.060914
1 0.997637 0.161421 0.004727 0.060914
1 0.997637 0.234518 0.004727 0.060914
