1 0.045175 0.034623 0.069275 0.048880
18 0.485511 0.032587 0.298209 0.046843
18 0.669125 0.035642 0.032139 0.052953
18 0.647260 0.032587 0.029505 0.046843
18 0.321654 0.032587 0.029505 0.046843
0 0.714173 0.032587 0.025290 0.048880
0 0.739463 0.032587 0.025290 0.048880
0 0.919916 0.033175 0.021075 0.040733
1 0.959168 0.032587 0.044784 0.040733
1 0.203977 0.100305 0.020210 0.027495
1 0.243846 0.095723 0.025808 0.018330
1 0.289960 0.095723 0.032699 0.018330
1 0.351089 0.095723 0.055840 0.018330
1 0.421772 0.095723 0.017033 0.018330
1 0.457254 0.095723 0.020210 0.018330
1 0.493632 0.095723 0.018827 0.018330
1 0.535300 0.095723 0.030789 0.018330
1 0.587675 0.095723 0.040240 0.018330
1 0.649335 0.095723 0.049361 0.018330
1 0.702446 0.095723 0.023141 0.018330
1 0.744637 0.095723 0.027521 0.018330
1 0.786741 0.095723 0.022968 0.018330
0 0.700680 0.169043 0.010537 0.061100
0 0.781612 0.158859 0.016860 0.032587
1 0.764855 0.189409 0.050374 0.012220
1 0.236392 0.253564 0.064459 0.026477
1 0.277924 0.467413 0.147524 0.334012
10 0.277924 0.385947 0.147524 0.171079
10 0.207850 0.486762 0.007376 0.014257
0 0.348525 0.488798 0.014752 0.028513
1 0.277924 0.539715 0.147524 0.079430
1 0.474620 0.357434 0.220578 0.097760
10 0.368019 0.315682 0.007376 0.014257
0 0.581747 0.317719 0.014752 0.028513
1 0.474620 0.349287 0.220578 0.040733
1 0.474620 0.471487 0.220578 0.097760
10 0.368019 0.429735 0.007376 0.014257
0 0.581747 0.431772 0.014752 0.028513
1 0.474620 0.463340 0.220578 0.040733
1 0.474620 0.585540 0.220578 0.097760
10 0.368019 0.543788 0.007376 0.014257
0 0.581747 0.545825 0.014752 0.028513
1 0.474620 0.577393 0.220578 0.040733
1 0.394535 0.667006 0.380746 0.040733
1 0.394535 0.735234 0.380746 0.028513
1 0.277924 0.882892 0.147524 0.234216
10 0.277924 0.851324 0.147524 0.171079
10 0.207850 0.952138 0.007376 0.014257
0 0.348525 0.954175 0.014752 0.028513
1 0.277924 0.982688 0.147524 0.034623
1 0.474620 0.822811 0.220578 0.097760
10 0.368019 0.781059 0.007376 0.014257
0 0.581747 0.783096 0.014752 0.028513
1 0.474620 0.814664 0.220578 0.040733
1 0.474620 0.926680 0.220578 0.077393
10 0.368019 0.895112 0.007376 0.014257
0 0.581747 0.897149 0.014752 0.028513
1 0.474620 0.918534 0.220578 0.020367
1 0.474620 0.990835 0.220578 0.018330
10 0.368019 0.988798 0.007376 0.014257
0 0.581747 0.988289 0.014752 0.023422
1 0.642720 0.253564 0.065044 0.026477
0 0.779505 0.253564 0.025290 0.048880
1 0.699066 0.332994 0.177736 0.065173
10 0.613886 0.307536 0.007376 0.014257
0 0.742624 0.309572 0.014752 0.028513
1 0.677992 0.341141 0.135587 0.040733
10 0.771075 0.332994 0.033720 0.065173
1 0.699066 0.464358 0.177736 0.065173
10 0.613886 0.438900 0.007376 0.014257
0 0.742624 0.440937 0.014752 0.028513
1 0.677992 0.472505 0.135587 0.040733
10 0.771075 0.464358 0.033720 0.065173
1 0.699066 0.603870 0.177736 0.081466
10 0.613886 0.570265 0.007376 0.014257
0 0.742624 0.572301 0.014752 0.028513
1 0.677992 0.614053 0.135587 0.061100
10 0.771075 0.595723 0.033720 0.065173
1 0.779505 0.669043 0.016860 0.032587
1 0.699066 0.863544 0.177736 0.048880
