0 0.045033 0.034518 0.069057 0.048731
2 0.485557 0.032487 0.297269 0.046701
1 0.668592 0.035533 0.032038 0.052792
1 0.646796 0.032487 0.029412 0.046701
1 0.322216 0.032487 0.029412 0.046701
1 0.713498 0.032487 0.025210 0.048731
1 0.738708 0.032487 0.025210 0.048731
1 0.920168 0.033074 0.021008 0.040609
0 0.959296 0.032487 0.044643 0.040609
0 0.204910 0.100000 0.020147 0.027411
0 0.244654 0.095431 0.025727 0.018274
0 0.290622 0.095431 0.032596 0.018274
0 0.351558 0.095431 0.055664 0.018274
0 0.422019 0.095431 0.016979 0.018274
0 0.457388 0.095431 0.020147 0.018274
0 0.493652 0.095431 0.018768 0.018274
0 0.535189 0.095431 0.030692 0.018274
0 0.587398 0.095431 0.040113 0.018274
0 0.648864 0.095431 0.049206 0.018274
0 0.701808 0.095431 0.023068 0.018274
0 0.743866 0.095431 0.027434 0.018274
0 0.785837 0.095431 0.022896 0.018274
1 0.703757 0.168528 0.010504 0.060914
1 0.780725 0.158376 0.016807 0.032487
0 0.765875 0.188832 0.046506 0.012183
0 0.237223 0.252792 0.064256 0.026396
0 0.278624 0.458883 0.147059 0.318782
1 0.349002 0.487310 0.014706 0.028426
0 0.278624 0.538071 0.147059 0.079188
0 0.474700 0.346193 0.219882 0.077157
1 0.581490 0.316751 0.014706 0.028426
0 0.474700 0.338071 0.219882 0.020305
0 0.474700 0.449746 0.219882 0.097462
1 0.581490 0.410152 0.014706 0.028426
0 0.474700 0.441624 0.219882 0.040609
0 0.474700 0.553299 0.219882 0.077157
1 0.581490 0.523858 0.014706 0.028426
0 0.474700 0.545178 0.219882 0.020305
0 0.394868 0.650761 0.379546 0.040609
13 0.328314 0.650761 0.010504 0.020305
0 0.394868 0.718782 0.379546 0.028426
0 0.278624 0.874619 0.147059 0.250761
1 0.349002 0.937056 0.014706 0.028426
0 0.278624 0.974112 0.147059 0.051777
0 0.474700 0.806091 0.219882 0.097462
1 0.581490 0.766497 0.014706 0.028426
0 0.474700 0.797970 0.219882 0.040609
0 0.474700 0.919797 0.219882 0.097462
1 0.581490 0.880203 0.014706 0.028426
0 0.474700 0.911675 0.219882 0.040609
0 0.474700 0.992386 0.219882 0.015228
1 0.581490 0.989848 0.014706 0.020305
0 0.642270 0.252792 0.064839 0.026396
1 0.778624 0.252792 0.025210 0.048731
0 0.698439 0.331980 0.177176 0.064975
1 0.741859 0.308629 0.014706 0.028426
0 0.677431 0.340102 0.135160 0.040609
0 0.778624 0.388832 0.016807 0.032487
13 0.778624 0.388832 0.010504 0.020305
0 0.698439 0.462944 0.177176 0.064975
1 0.741859 0.439594 0.014706 0.028426
0 0.677431 0.471066 0.135160 0.040609
0 0.778624 0.519797 0.016807 0.032487
13 0.778624 0.519797 0.010504 0.020305
0 0.698439 0.593909 0.177176 0.064975
1 0.741859 0.570558 0.014706 0.028426
0 0.677431 0.602030 0.135160 0.040609
0 0.698439 0.844670 0.177176 0.048731
