1 0.027924 0.024440 0.022129 0.032587
10 0.027924 0.024901 0.012645 0.024440
17 0.087530 0.024440 0.063364 0.048880
17 0.140831 0.024440 0.043236 0.048880
17 0.201046 0.024440 0.077195 0.048880
17 0.265584 0.024440 0.051880 0.048880
19 0.967334 0.024440 0.021075 0.040733
19 0.967334 0.024440 0.020021 0.040733
1 0.048439 0.077393 0.067374 0.048880
1 0.096603 0.077393 0.028953 0.032587
1 0.138275 0.077393 0.054391 0.032587
1 0.178090 0.077393 0.025240 0.032587
1 0.234869 0.077393 0.088317 0.032587
1 0.309800 0.077393 0.061545 0.032587
0 0.803197 0.078411 0.093124 0.042770
0 0.802144 0.078411 0.081533 0.024440
0 0.883479 0.078411 0.050580 0.042770
0 0.946218 0.078411 0.058038 0.042770
0 0.724389 0.592668 0.035827 0.069246
10 0.650784 0.387475 0.112981 0.264766
10 0.650784 0.387475 0.152792 0.245927
10 0.650784 0.387475 0.152792 0.189919
10 0.650780 0.387475 0.145161 0.264766
0 0.496048 0.776986 0.767123 0.050916
0 0.433623 0.776986 0.066468 0.050916
0 0.531390 0.776986 0.120637 0.050916
0 0.972866 0.855397 0.025817 0.054990
17 0.970495 0.856415 0.025290 0.048880
20 0.970495 0.856415 0.012645 0.024440
0 0.984194 0.927699 0.031612 0.048880
0 0.984194 0.981161 0.031612 0.037678
0 0.916228 0.930754 0.139094 0.089613
