0 0.058696 0.032487 0.087981 0.064975
1 0.130863 0.032487 0.041648 0.064975
1 0.169192 0.032487 0.035009 0.064975
1 0.205878 0.032487 0.038365 0.064975
1 0.241092 0.032487 0.032062 0.064975
1 0.923845 0.032487 0.025210 0.048731
1 0.949055 0.032487 0.025210 0.048731
1 0.974265 0.032487 0.025210 0.048731
0 0.188181 0.105584 0.064913 0.032487
0 0.254329 0.105584 0.054778 0.032487
0 0.315089 0.105584 0.054138 0.032487
0 0.369358 0.105584 0.041795 0.032487
0 0.435941 0.105584 0.078765 0.032487
0 0.509167 0.105584 0.055081 0.032487
0 0.579307 0.105584 0.072594 0.032487
0 0.293855 0.376586 0.276261 0.399873
0 0.247637 0.524746 0.158613 0.050761
1 0.373162 0.515609 0.092437 0.036548
0 0.582721 0.376586 0.276261 0.399873
0 0.536502 0.524746 0.158613 0.050761
1 0.662027 0.515609 0.092437 0.036548
0 0.866728 0.376586 0.266544 0.399873
0 0.825368 0.524746 0.158613 0.050761
1 0.950893 0.515609 0.092437 0.036548
0 0.264968 0.848160 0.218487 0.303680
1 0.264968 0.815102 0.037815 0.073096
0 0.496061 0.848160 0.218487 0.303680
1 0.496061 0.815102 0.037815 0.073096
0 0.727153 0.848160 0.218487 0.303680
0 0.924501 0.848160 0.150998 0.303680
1 0.958246 0.815102 0.037815 0.073096
