1 0.292413 0.284337 0.173867 0.446474
10 0.292413 0.258656 0.139094 0.268839
0 0.318699 0.534050 0.112866 0.036660
1 0.318699 0.533541 0.096006 0.017312
1 0.500000 0.284337 0.173867 0.446474
10 0.500000 0.258656 0.139094 0.268839
0 0.527517 0.534050 0.110404 0.036660
1 0.527517 0.533541 0.093544 0.017312
1 0.707587 0.284337 0.173867 0.446474
10 0.707587 0.258656 0.139094 0.268839
0 0.731292 0.534050 0.118027 0.036660
1 0.731292 0.533541 0.101167 0.017312
1 0.085139 0.786596 0.024187 0.016293
1 0.115706 0.786596 0.020087 0.016293
