1 0.064085 0.032587 0.102880 0.027495
20 0.130524 0.115071 0.025290 0.048880
1 0.176695 0.305499 0.040149 0.112016
1 0.241570 0.305499 0.041129 0.112016
1 0.241570 0.435845 0.041129 0.148676
1 0.241570 0.573320 0.041129 0.126273
1 0.241570 0.692464 0.041129 0.112016
1 0.309557 0.305499 0.046373 0.112016
1 0.309557 0.435845 0.046373 0.148676
1 0.309557 0.577393 0.046373 0.134420
20 0.180371 0.115071 0.025290 0.048880
1 0.240566 0.157841 0.066237 0.112016
10 0.213769 0.114053 0.012645 0.024440
1 0.240566 0.258656 0.066237 0.089613
10 0.213769 0.226069 0.012645 0.024440
1 0.240566 0.348269 0.066237 0.089613
10 0.213769 0.315682 0.012645 0.024440
1 0.240566 0.437882 0.066237 0.089613
10 0.213769 0.405295 0.012645 0.024440
1 0.240566 0.527495 0.066237 0.089613
10 0.213769 0.494908 0.012645 0.024440
1 0.240566 0.617108 0.066237 0.089613
10 0.213769 0.584521 0.012645 0.024440
1 0.332134 0.146640 0.068427 0.089613
10 0.304243 0.114053 0.012645 0.024440
1 0.332134 0.225051 0.068427 0.067210
10 0.304243 0.203666 0.012645 0.024440
1 0.332134 0.303462 0.068427 0.089613
10 0.304243 0.270876 0.012645 0.024440
1 0.332134 0.393075 0.068427 0.089613
10 0.304243 0.360489 0.012645 0.024440
1 0.332134 0.482688 0.068427 0.089613
10 0.304243 0.450102 0.012645 0.024440
1 0.423797 0.135438 0.066427 0.067210
10 0.396906 0.114053 0.012645 0.024440
1 0.423797 0.213849 0.066427 0.089613
10 0.396906 0.181263 0.012645 0.024440
1 0.423797 0.292261 0.066427 0.067210
10 0.396906 0.270876 0.012645 0.024440
1 0.423797 0.359470 0.066427 0.067210
10 0.396906 0.338086 0.012645 0.024440
1 0.423797 0.449084 0.066427 0.112016
10 0.396906 0.405295 0.012645 0.024440
20 0.233255 0.115071 0.025290 0.048880
1 0.283415 0.259674 0.052242 0.052953
1 0.283415 0.319756 0.052242 0.067210
1 0.283415 0.372709 0.052242 0.038697
1 0.283415 0.411405 0.052242 0.038697
1 0.283415 0.464358 0.052242 0.067210
1 0.283415 0.524440 0.052242 0.052953
1 0.283415 0.570265 0.052242 0.038697
1 0.356683 0.252546 0.045821 0.038697
1 0.356683 0.291242 0.045821 0.038697
1 0.356683 0.337067 0.045821 0.052953
0 0.290396 0.032587 0.006800 0.044807
0 0.324663 0.032587 0.023800 0.044807
20 0.356560 0.115071 0.025290 0.048880
0 0.468783 0.116090 0.051106 0.040733
0 0.468783 0.116090 0.051106 0.040733
0 0.468783 0.116090 0.033193 0.022403
1 0.396614 0.307536 0.035802 0.148676
1 0.396614 0.456212 0.035802 0.148676
1 0.396614 0.597760 0.035802 0.134420
1 0.396614 0.739308 0.035802 0.148676
1 0.460514 0.300407 0.043524 0.134420
1 0.460514 0.449084 0.043524 0.162933
1 0.460514 0.623218 0.043524 0.185336
1 0.460514 0.808554 0.043524 0.185336
1 0.528644 0.278004 0.044265 0.089613
1 0.528644 0.367617 0.044265 0.089613
1 0.528644 0.468432 0.044265 0.112016
1 0.528644 0.605906 0.044265 0.162933
0 0.890687 0.032587 0.080751 0.040733
0 0.890687 0.032587 0.080751 0.040733
0 0.890687 0.032587 0.062838 0.022403
0 0.959472 0.032587 0.039960 0.038697
0 0.959472 0.032587 0.039960 0.038697
0 0.959472 0.032587 0.023100 0.022403
10 0.237092 0.107943 0.091149 0.036660
0 0.272573 0.390020 0.162111 0.050916
0 0.217309 0.390020 0.051584 0.050916
0 0.217309 0.389002 0.051584 0.048880
0 0.217309 0.389002 0.026294 0.024440
0 0.304688 0.390020 0.097883 0.050916
0 0.304688 0.390020 0.097883 0.050916
0 0.304688 0.390020 0.071539 0.024440
10 0.651475 0.252546 0.298209 0.323829
1 0.285844 0.564155 0.083723 0.044807
1 0.353744 0.564155 0.043648 0.044807
1 0.406954 0.564155 0.054342 0.044807
1 0.472323 0.564155 0.067966 0.044807
1 0.538009 0.564155 0.054976 0.044807
1 0.600620 0.564155 0.061817 0.044807
1 0.668121 0.564155 0.064756 0.044807
1 0.726414 0.564155 0.043401 0.044807
18 0.620390 0.825866 0.360379 0.348269
0 0.964173 0.947047 0.029505 0.057026
0 0.964173 0.947047 0.029505 0.057026
20 0.965753 0.943992 0.009484 0.018330
