0 0.164764 0.000508 0.072701 0.001015
0 0.281303 0.060002 0.273216 0.069242
0 0.714405 0.029442 0.059209 0.020305
0 0.779330 0.029442 0.059726 0.020305
0 0.833664 0.029442 0.038028 0.020305
5 0.645085 0.061183 0.025350 0.023192
2 0.725213 0.066846 0.185604 0.034518
1 0.835347 0.066846 0.034664 0.034518
1 0.835347 0.066846 0.034664 0.034518
0 0.202362 0.282440 0.146845 0.324873
1 0.192818 0.155536 0.107209 0.071066
0 0.349207 0.282440 0.146845 0.324873
1 0.339663 0.155536 0.107209 0.071066
0 0.496053 0.282440 0.146845 0.324873
1 0.485068 0.155536 0.104328 0.071066
0 0.642898 0.282440 0.146845 0.324873
1 0.598030 0.155536 0.036560 0.071066
0 0.789744 0.282440 0.146845 0.324873
1 0.780200 0.155536 0.107209 0.071066
0 0.264780 0.642846 0.271665 0.385787
13 0.133149 0.461120 0.008403 0.016244
0 0.536445 0.642846 0.271665 0.385787
0 0.766983 0.576539 0.168404 0.023350
0 0.767332 0.614808 0.169101 0.043449
0 0.762174 0.663127 0.158786 0.043449
0 0.711081 0.709010 0.056600 0.020305
0 0.786847 0.709010 0.079175 0.020305
1 0.979779 0.840181 0.013130 0.025222
0 0.898368 0.963959 0.080054 0.029442
0 0.181579 0.869242 0.070961 0.020305
0 0.196683 0.901031 0.105370 0.024207
0 0.196683 0.925238 0.105370 0.024207
0 0.196683 0.949445 0.105370 0.024207
0 0.196683 0.973652 0.105370 0.024207
0 0.196683 0.992878 0.105370 0.014245
0 0.290864 0.869242 0.050067 0.020305
0 0.316414 0.901031 0.105370 0.024207
0 0.316414 0.925238 0.105370 0.024207
0 0.316414 0.949445 0.105370 0.024207
0 0.316414 0.973652 0.105370 0.024207
0 0.316414 0.992878 0.105370 0.014245
0 0.415298 0.869242 0.059472 0.020305
0 0.436146 0.901031 0.105370 0.024207
0 0.436146 0.925238 0.105370 0.024207
0 0.436146 0.949445 0.105370 0.024207
0 0.436146 0.973652 0.105370 0.024207
0 0.436146 0.992878 0.105370 0.014245
0 0.523602 0.869242 0.036617 0.020305
0 0.555877 0.901031 0.105370 0.024207
0 0.555877 0.933280 0.105370 0.040292
0 0.555877 0.965530 0.105370 0.024207
0 0.555877 0.988817 0.105370 0.022367
0 0.647555 0.869242 0.045061 0.020305
0 0.675609 0.901031 0.105370 0.024207
0 0.675609 0.925238 0.105370 0.024207
0 0.675609 0.949445 0.105370 0.024207
0 0.675609 0.973652 0.105370 0.024207
0 0.675609 0.992878 0.105370 0.014245
0 0.766577 0.869242 0.043642 0.020305
0 0.795340 0.901031 0.105370 0.024207
0 0.795340 0.925238 0.105370 0.024207
0 0.795340 0.949445 0.105370 0.024207
0 0.795340 0.973652 0.105370 0.024207
0 0.795340 0.992878 0.105370 0.014245
