0 0.066353 0.046318 0.067900 0.050503
18 0.161420 0.046318 0.105374 0.032587
1 0.496040 0.043931 0.031612 0.055276
10 0.496040 0.041839 0.031612 0.051092
0 0.765683 0.045268 0.094359 0.050503
0 0.851908 0.045268 0.078092 0.050503
1 0.922163 0.045793 0.062418 0.051553
18 0.016860 0.124523 0.008430 0.016293
18 0.029505 0.124523 0.008430 0.040733
18 0.042150 0.124523 0.008430 0.016293
18 0.042150 0.124523 0.008430 0.016293
18 0.016860 0.283589 0.008430 0.016293
18 0.069827 0.283589 0.010537 0.020367
18 0.016860 0.346105 0.008430 0.016293
18 0.069777 0.346105 0.010537 0.020367
18 0.016860 0.408621 0.008430 0.016293
18 0.080891 0.408621 0.010537 0.020367
18 0.016860 0.479681 0.008430 0.016293
18 0.093215 0.479681 0.010537 0.020367
18 0.016860 0.550741 0.008430 0.016293
18 0.069283 0.550741 0.010537 0.020367
18 0.016860 0.631158 0.008430 0.016293
18 0.088687 0.631158 0.010537 0.020367
18 0.050258 0.730318 0.010537 0.020367
0 0.179926 0.867315 0.084299 0.019539
0 0.217174 0.867315 0.009805 0.018950
0 0.622884 0.931692 0.104600 0.019539
0 0.670253 0.931692 0.013948 0.026958
