0 0.496061 0.025952 0.992122 0.051904
1 0.044713 0.092513 0.053235 0.044670
1 0.029650 0.092513 0.010504 0.020305
0 0.496061 0.092513 0.125870 0.071066
1 0.941907 0.092513 0.064240 0.044670
1 0.962472 0.092513 0.010504 0.020305
5 0.950655 0.074746 0.000525 0.001015
2 0.956170 0.094036 0.010504 0.031472
1 0.962472 0.092513 0.023109 0.044670
1 0.010242 0.155964 0.020483 0.045685
11 0.275231 0.155964 0.040400 0.014372
0 0.275231 0.155885 0.040400 0.034518
11 0.331354 0.155964 0.055040 0.014372
0 0.331354 0.155885 0.055040 0.034518
11 0.402623 0.155964 0.070690 0.014372
0 0.402623 0.155885 0.070690 0.034518
11 0.484863 0.155964 0.076984 0.014372
0 0.484863 0.155885 0.076984 0.034518
11 0.571589 0.155964 0.079660 0.014372
0 0.571589 0.155885 0.079660 0.034518
11 0.646234 0.155964 0.052825 0.014372
0 0.646234 0.155885 0.052825 0.034518
11 0.709066 0.155964 0.056033 0.014372
0 0.709066 0.155885 0.056033 0.034518
1 0.981880 0.155964 0.020483 0.045685
11 0.502339 0.003664 0.178571 0.007329
0 0.439084 0.003664 0.052061 0.007329
11 0.502339 0.003664 0.178571 0.007329
0 0.456806 0.003664 0.087505 0.007329
11 0.502339 0.025682 0.178571 0.036707
0 0.450638 0.027713 0.075171 0.032646
11 0.502339 0.062389 0.178571 0.036707
0 0.454881 0.064419 0.083656 0.032646
11 0.502339 0.003664 0.178571 0.007329
0 0.425991 0.003664 0.025875 0.007329
11 0.502339 0.025682 0.178571 0.036707
0 0.450384 0.027713 0.074662 0.032646
11 0.502339 0.062389 0.178571 0.036707
0 0.464376 0.064419 0.102646 0.032646
11 0.502339 0.099096 0.178571 0.036707
0 0.448751 0.101126 0.071396 0.032646
11 0.502339 0.135803 0.178571 0.036707
0 0.459793 0.137833 0.093479 0.032646
0 0.707458 0.025341 0.136555 0.050682
0 0.854517 0.025341 0.136555 0.050682
0 0.707458 0.025341 0.136555 0.050682
0 0.854517 0.025341 0.136555 0.050682
0 0.707458 0.025341 0.136555 0.050682
0 0.854517 0.025341 0.136555 0.050682
0 0.707458 0.025341 0.136555 0.050682
0 0.854517 0.025341 0.136555 0.050682
0 0.707458 0.025341 0.136555 0.050682
0 0.854517 0.025341 0.136555 0.050682
0 0.707458 0.025341 0.136555 0.050682
0 0.854517 0.025341 0.136555 0.050682
0 0.707458 0.025341 0.136555 0.050682
0 0.854517 0.025341 0.136555 0.050682
