8 0.496061 0.090355 0.992122 0.180711
0 0.199055 0.136041 0.016807 0.032487
0 0.233251 0.137056 0.047384 0.030457
8 0.697742 0.136041 0.201681 0.056853
1 0.783351 0.136041 0.022059 0.042640
2 0.684874 0.136041 0.174895 0.054822
1 0.761817 0.135025 0.025210 0.040609
1 0.341649 0.215355 0.303571 0.038832
1 0.650473 0.215355 0.303571 0.038832
0 0.084165 0.625000 0.168330 0.750000
0 0.496061 0.625000 0.554622 0.750000
0 0.911896 0.625000 0.176208 0.750000
1 0.786239 0.639848 0.014181 0.044670
1 0.205882 0.639848 0.014181 0.044670
12 0.496061 0.988452 0.605042 0.023096
1 0.459296 0.988071 0.010504 0.020305
1 0.480305 0.988071 0.010504 0.020305
1 0.501313 0.988071 0.010504 0.020305
1 0.522321 0.988071 0.010504 0.020305
0 0.970588 0.958376 0.026261 0.050761
0 0.306747 0.961310 0.079225 0.019289
1 0.554207 0.924334 0.099486 0.040609
1 0.657153 0.924334 0.088235 0.040609
1 0.754464 0.924334 0.088235 0.040609
1 0.976366 0.500000 0.021008 0.040609
