10 0.162013 0.019062 0.008430 0.011202
0 0.366558 0.017821 0.072025 0.017312
1 0.822074 0.017821 0.024450 0.017312
1 0.216490 0.080162 0.122127 0.066446
10 0.216490 0.080162 0.122127 0.054990
0 0.589317 0.094418 0.080932 0.057026
0 0.666816 0.094418 0.063529 0.057026
0 0.736997 0.094418 0.066295 0.057026
1 0.806042 0.094418 0.061257 0.057026
18 0.785029 0.095437 0.009747 0.027495
10 0.496048 0.470524 0.992097 0.866265
0 0.596784 0.423148 0.071333 0.043406
10 0.496048 0.470524 0.992097 0.866265
0 0.596784 0.349828 0.071333 0.043406
10 0.496048 0.470524 0.992097 0.866265
0 0.596784 0.423148 0.071333 0.043406
1 0.271244 0.944382 0.161313 0.031298
1 0.496044 0.944382 0.083797 0.031298
1 0.720845 0.944382 0.194917 0.031298
0 0.814805 0.868524 0.021075 0.041752
