1 0.099220 0.024440 0.046175 0.048880
1 0.155349 0.024440 0.066081 0.048880
18 0.786543 0.024440 0.012645 0.024440
18 0.856090 0.024440 0.126449 0.048880
18 0.773899 0.024440 0.012645 0.024440
3 0.865557 0.022403 0.083772 0.044807
1 0.137591 0.119145 0.110272 0.079430
1 0.099521 0.222394 0.031612 0.050916
1 0.175917 0.222394 0.091840 0.050916
1 0.295167 0.222394 0.074412 0.050916
1 0.402121 0.222394 0.079664 0.050916
1 0.518136 0.222394 0.088794 0.050916
1 0.623008 0.222394 0.050876 0.050916
1 0.711790 0.222394 0.083616 0.050916
0 0.490776 0.820551 0.116134 0.040733
1 0.490776 0.820551 0.114026 0.036660
1 0.886920 0.986650 0.045443 0.026699
