0 0.023634 0.045685 0.023109 0.044670
0 0.374307 0.913198 0.073341 0.017259
1 0.630498 0.920812 0.084066 0.044670
1 0.740021 0.920812 0.126576 0.044670
1 0.205328 0.014213 0.083139 0.028426
0 0.206317 0.081218 0.105387 0.056853
1 0.555808 0.086294 0.059078 0.044670
5 0.597689 0.062437 0.000525 0.001015
2 0.706145 0.086294 0.216387 0.046701
1 0.826418 0.086294 0.024160 0.046701
1 0.826155 0.086294 0.012605 0.024365
1 0.826155 0.086294 0.012605 0.024365
1 0.819590 0.086294 0.000525 0.001015
0 0.169561 0.162437 0.030823 0.056853
0 0.240957 0.162437 0.110918 0.056853
1 0.304819 0.162437 0.016807 0.056853
1 0.302718 0.162437 0.008403 0.016244
1 0.302718 0.162437 0.008403 0.016244
0 0.249360 0.217259 0.128775 0.048731
0 0.249360 0.278173 0.128775 0.073096
0 0.249360 0.339086 0.128775 0.048731
0 0.249360 0.387817 0.128775 0.048731
0 0.249360 0.436548 0.128775 0.048731
0 0.249360 0.485279 0.128775 0.048731
0 0.249360 0.534010 0.128775 0.048731
0 0.249360 0.582741 0.128775 0.048731
0 0.249360 0.631472 0.128775 0.048731
0 0.360577 0.162437 0.093660 0.056853
1 0.415810 0.162437 0.016807 0.056853
1 0.413710 0.162437 0.008403 0.016244
1 0.413710 0.162437 0.008403 0.016244
0 0.370195 0.217259 0.113946 0.048731
0 0.370195 0.265990 0.113946 0.048731
0 0.370195 0.314721 0.113946 0.048731
0 0.370195 0.363452 0.113946 0.048731
0 0.370195 0.412183 0.113946 0.048731
0 0.466891 0.162437 0.084304 0.056853
1 0.517447 0.162437 0.016807 0.056853
1 0.515346 0.162437 0.008403 0.016244
1 0.515346 0.162437 0.008403 0.016244
0 0.481187 0.217259 0.113946 0.048731
0 0.481187 0.265990 0.113946 0.048731
0 0.481187 0.314721 0.113946 0.048731
0 0.560818 0.162437 0.068885 0.056853
1 0.603663 0.162437 0.016807 0.056853
1 0.601562 0.162437 0.008403 0.016244
1 0.601562 0.162437 0.008403 0.016244
0 0.582823 0.217259 0.113946 0.048731
0 0.582823 0.265990 0.113946 0.048731
0 0.582823 0.314721 0.113946 0.048731
0 0.582823 0.363452 0.113946 0.048731
0 0.582823 0.412183 0.113946 0.048731
0 0.582823 0.460914 0.113946 0.048731
0 0.582823 0.509645 0.113946 0.048731
0 0.582823 0.558376 0.113946 0.048731
0 0.582823 0.607107 0.113946 0.048731
0 0.582823 0.668020 0.113946 0.073096
0 0.582823 0.741117 0.113946 0.073096
0 0.647974 0.162437 0.070764 0.056853
1 0.691759 0.162437 0.016807 0.056853
1 0.689658 0.162437 0.008403 0.016244
1 0.689658 0.162437 0.008403 0.016244
0 0.669040 0.217259 0.113946 0.048731
0 0.669040 0.278173 0.113946 0.073096
0 0.669040 0.339086 0.113946 0.048731
0 0.669040 0.387817 0.113946 0.048731
0 0.732332 0.162437 0.063288 0.056853
1 0.772379 0.162437 0.016807 0.056853
1 0.770278 0.162437 0.008403 0.016244
1 0.770278 0.162437 0.008403 0.016244
0 0.757135 0.217259 0.113946 0.048731
0 0.757135 0.265990 0.113946 0.048731
0 0.757135 0.314721 0.113946 0.048731
0 0.757135 0.375635 0.113946 0.073096
0 0.757135 0.448731 0.113946 0.073096
0 0.757135 0.521827 0.113946 0.073096
0 0.757135 0.582741 0.113946 0.048731
0 0.757135 0.631472 0.113946 0.048731
0 0.757135 0.680203 0.113946 0.048731
