0 0.500000 0.287678 0.513699 0.056008
0 0.305046 0.279022 0.123790 0.038697
0 0.435220 0.279022 0.120752 0.038697
1 0.531588 0.279532 0.056178 0.019348
1 0.000263 0.331466 0.000527 0.001018
1 0.285827 0.362016 0.085353 0.037678
17 0.689579 0.362016 0.054457 0.062118
0 0.689579 0.362016 0.054457 0.029532
18 0.732877 0.362016 0.032139 0.062118
18 0.732877 0.361507 0.011064 0.020367
18 0.409115 0.686259 0.331928 0.025458
18 0.395943 0.739721 0.305585 0.050916
18 0.561907 0.739721 0.026344 0.050916
18 0.561907 0.739721 0.010537 0.020367
1 0.329084 0.979331 0.112857 0.041338
1 0.507767 0.979331 0.122489 0.041338
1 0.677716 0.979331 0.114652 0.041338
