1 0.479623 0.011366 0.060990 0.014610
1 0.479623 0.011168 0.060990 0.014213
0 0.329241 0.124762 0.170562 0.037563
0 0.635549 0.060803 0.037577 0.015228
0 0.683241 0.060803 0.031660 0.015228
0 0.730153 0.060803 0.036018 0.015228
2 0.672224 0.105568 0.110926 0.032487
1 0.737924 0.105568 0.020475 0.032487
1 0.259692 0.187484 0.048270 0.071637
0 0.314051 0.187484 0.060448 0.071637
1 0.367294 0.187484 0.046038 0.071637
1 0.422704 0.187484 0.064781 0.071637
0 0.480506 0.187484 0.050822 0.071637
1 0.542292 0.187484 0.072750 0.071637
1 0.281775 0.642529 0.021008 0.040609
1 0.306985 0.642529 0.021008 0.040609
1 0.332195 0.642529 0.021008 0.040609
1 0.357405 0.642529 0.021008 0.040609
1 0.382616 0.642529 0.021008 0.040609
1 0.407826 0.642529 0.021008 0.040609
1 0.250263 0.494337 0.021008 0.040609
0 0.117778 0.494337 0.235557 0.442576
0 0.352679 0.407281 0.167017 0.058058
0 0.873687 0.407281 0.167017 0.058058
1 0.741859 0.494337 0.021008 0.040609
0 0.337095 0.941815 0.127446 0.074714
0 0.510763 0.941815 0.127454 0.074714
0 0.684431 0.941815 0.127446 0.074714
0 0.337095 0.996391 0.127446 0.007218
0 0.510763 0.996391 0.127454 0.007218
0 0.789916 0.951777 0.034139 0.065990
