0 0.246526 0.018529 0.107910 0.028911
1 0.608404 0.022729 0.029669 0.029166
1 0.643683 0.022729 0.024030 0.029166
1 0.678988 0.022729 0.029719 0.029166
1 0.720759 0.022729 0.036963 0.029166
1 0.763690 0.022729 0.032040 0.029166
1 0.793833 0.021202 0.011385 0.030184
1 0.251581 0.091650 0.113804 0.065173
10 0.251581 0.091650 0.113804 0.061100
1 0.213543 0.169552 0.054589 0.056008
1 0.277772 0.169552 0.073869 0.056008
1 0.358893 0.169552 0.088374 0.056008
1 0.430103 0.169552 0.054045 0.056008
18 0.327977 0.495688 0.270811 0.050916
0 0.472339 0.495688 0.026344 0.050916
18 0.472335 0.494733 0.015057 0.029532
10 0.650944 0.416672 0.309792 0.436195
1 0.286852 0.672161 0.121304 0.023422
0 0.232761 0.950858 0.080381 0.041577
0 0.325602 0.950858 0.088440 0.041577
0 0.425958 0.950858 0.095413 0.041577
0 0.519786 0.950858 0.075384 0.041577
0 0.609601 0.950858 0.087386 0.041577
0 0.701026 0.950858 0.078602 0.041577
0 0.984136 0.883401 0.031727 0.049898
