0 0.100483 0.024365 0.046030 0.048731
0 0.156435 0.024365 0.065873 0.048731
2 0.854968 0.024365 0.126050 0.048731
8 0.864406 0.022335 0.083508 0.044670
0 0.138733 0.118782 0.109925 0.079188
0 0.100783 0.221716 0.031513 0.050761
0 0.176938 0.221716 0.091551 0.050761
0 0.295812 0.221716 0.074178 0.050761
0 0.402430 0.221716 0.079413 0.050761
0 0.518079 0.221716 0.088514 0.050761
0 0.622620 0.221716 0.050716 0.050761
0 0.711122 0.221716 0.083352 0.050761
1 0.490805 0.818052 0.115768 0.040609
0 0.490805 0.818052 0.113667 0.036548
