1 0.067719 0.046177 0.067686 0.050349
2 0.162487 0.046177 0.105042 0.032487
0 0.496053 0.043798 0.031513 0.055108
1 0.764845 0.045130 0.094062 0.050349
1 0.850799 0.045130 0.077846 0.050349
0 0.920833 0.045654 0.062221 0.051396
2 0.029412 0.124143 0.008403 0.040609
1 0.042017 0.124143 0.008403 0.016244
0 0.844792 0.265268 0.016807 0.035930
1 0.844792 0.263547 0.016807 0.032487
1 0.119420 0.723739 0.145877 0.046780
1 0.089610 0.959962 0.086258 0.031662
1 0.127848 0.966053 0.009782 0.018909
1 0.315614 0.959962 0.088687 0.031662
1 0.355063 0.966053 0.009790 0.018924
1 0.539563 0.959962 0.087004 0.031662
1 0.578170 0.966053 0.009790 0.018924
1 0.925420 0.951221 0.026261 0.050761
1 0.962185 0.951221 0.026261 0.050761
