0 0.271870 0.877665 0.058446 0.015228
0 0.439383 0.877665 0.035181 0.015228
1 0.354386 0.853807 0.223477 0.048731
0 0.690015 0.828934 0.031882 0.015228
0 0.702153 0.845178 0.035181 0.015228
0 0.670890 0.877665 0.060727 0.015228
0 0.653804 0.975127 0.058446 0.015228
1 0.645614 0.853807 0.223477 0.048731
0 0.279572 0.271066 0.017554 0.016244
0 0.316049 0.271066 0.036494 0.016244
0 0.371147 0.271066 0.054794 0.016244
0 0.428850 0.271066 0.041705 0.016244
0 0.467359 0.271066 0.016405 0.016244
0 0.489750 0.271066 0.009470 0.016244
0 0.518362 0.271066 0.028846 0.016244
0 0.551676 0.271066 0.018875 0.016244
0 0.582967 0.271066 0.024800 0.016244
0 0.613499 0.271066 0.017357 0.016244
0 0.646263 0.271066 0.029264 0.016244
0 0.686257 0.271066 0.031816 0.016244
0 0.737621 0.271066 0.052004 0.016244
1 0.220063 0.487310 0.012605 0.024365
0 0.499996 0.371574 0.133904 0.085279
0 0.486464 0.438579 0.025333 0.016244
0 0.516860 0.438071 0.018653 0.015228
1 0.721946 0.334518 0.136990 0.057868
1 0.687562 0.317766 0.068220 0.024365
1 0.758157 0.317766 0.064568 0.024365
1 0.721946 0.351777 0.136990 0.023350
0 0.253480 0.487310 0.029018 0.015228
0 0.293568 0.487310 0.025949 0.015228
0 0.331293 0.487310 0.024291 0.015228
0 0.368496 0.487310 0.024906 0.015228
0 0.418121 0.487310 0.049132 0.015228
0 0.472291 0.487310 0.033999 0.015228
0 0.517968 0.487310 0.032144 0.015228
0 0.560518 0.487310 0.027746 0.015228
0 0.603228 0.487310 0.032465 0.015228
0 0.642078 0.487310 0.020024 0.015228
0 0.672183 0.487310 0.014977 0.015228
0 0.253168 0.552284 0.028394 0.015228
0 0.300391 0.552284 0.040843 0.015228
0 0.746586 0.487310 0.087710 0.024365
0 0.483017 0.532995 0.047211 0.015228
0 0.556366 0.532995 0.082680 0.015228
0 0.290696 0.682741 0.162274 0.173604
0 0.297794 0.924477 0.164916 0.036548
0 0.294782 0.988634 0.170447 0.022732
0 0.537290 0.752602 0.282563 0.307234
0 0.537290 0.955964 0.235146 0.073096
0 0.742384 0.691878 0.096113 0.185787
0 0.740706 0.864467 0.092757 0.096447
