1 0.499996 0.581562 0.085789 0.055404
0 0.499996 0.573415 0.085789 0.039110
17 0.765810 0.015275 0.074264 0.015275
17 0.823708 0.015275 0.016242 0.015275
17 0.861882 0.015275 0.034815 0.015275
17 0.913634 0.015275 0.043401 0.015275
17 0.965560 0.015275 0.035160 0.015275
18 0.017914 0.065173 0.014752 0.028513
17 0.017914 0.059063 0.007376 0.002037
17 0.017914 0.064155 0.007376 0.002037
17 0.017914 0.069246 0.007376 0.002037
17 0.065332 0.065173 0.054795 0.065173
17 0.065332 0.065173 0.054795 0.065173
17 0.208324 0.065173 0.057948 0.014257
17 0.265078 0.065173 0.021840 0.014257
17 0.311557 0.065173 0.037400 0.014257
17 0.408917 0.065173 0.053214 0.014257
0 0.948630 0.065173 0.015806 0.030550
17 0.976554 0.065173 0.021602 0.040733
1 0.710748 0.342159 0.370917 0.097760
1 0.866500 0.454501 0.109992 0.632017
10 0.866500 0.664214 0.109992 0.212592
1 0.289252 0.317719 0.370917 0.048880
0 0.135208 0.697190 0.062829 0.048880
1 0.648005 0.454501 0.326997 0.632017
10 0.648005 0.454501 0.326997 0.632017
1 0.710748 0.342159 0.370917 0.097760
1 0.866500 0.454501 0.109992 0.632017
10 0.866500 0.664214 0.109992 0.212592
1 0.710748 0.342159 0.370917 0.097760
1 0.866500 0.454501 0.109992 0.632017
10 0.866500 0.664214 0.109992 0.212592
1 0.710748 0.366599 0.370917 0.146640
1 0.866500 0.454501 0.109992 0.632017
10 0.866500 0.664214 0.109992 0.212592
1 0.710748 0.317719 0.370917 0.048880
1 0.866500 0.454501 0.109992 0.632017
10 0.866500 0.664214 0.109992 0.212592
0 0.912540 0.835174 0.009484 0.080448
1 0.902517 0.961956 0.037959 0.024440
1 0.443925 0.979617 0.070247 0.017312
0 0.769992 0.947047 0.439994 0.071904
0 0.691925 0.945519 0.070181 0.042372
0 0.768729 0.945519 0.065859 0.042372
0 0.843371 0.945519 0.065859 0.042372
