1 0.496061 0.025381 0.009454 0.034518
1 0.229927 0.040609 0.047564 0.034518
8 0.278365 0.040609 0.049312 0.034518
1 0.280466 0.040609 0.045111 0.034518
8 0.277052 0.040609 0.028829 0.019480
8 0.296194 0.040102 0.004202 0.005076
8 0.407071 0.202030 0.331933 0.239594
8 0.407071 0.118782 0.315126 0.040609
0 0.327239 0.186802 0.155462 0.079188
0 0.327239 0.265990 0.155462 0.079188
0 0.486903 0.186802 0.155462 0.079188
0 0.486903 0.265990 0.155462 0.079188
8 0.332035 0.040609 0.058028 0.034518
1 0.334136 0.040609 0.053826 0.034518
8 0.330722 0.040609 0.037544 0.019480
8 0.354221 0.040102 0.004202 0.005076
8 0.456383 0.281218 0.331933 0.397970
8 0.456383 0.118782 0.315126 0.040609
0 0.376551 0.186802 0.155462 0.079188
0 0.376551 0.265990 0.155462 0.079188
0 0.376551 0.345178 0.155462 0.079188
0 0.376551 0.424365 0.155462 0.079188
0 0.536215 0.186802 0.155462 0.079188
0 0.536215 0.265990 0.155462 0.079188
0 0.536215 0.345178 0.155462 0.079188
0 0.536215 0.424365 0.155462 0.079188
0 0.496061 0.040609 0.055147 0.036548
8 0.639468 0.040609 0.040671 0.034518
1 0.639468 0.040609 0.040671 0.034518
8 0.636054 0.040609 0.024389 0.019480
8 0.652976 0.040102 0.004202 0.005076
8 0.625263 0.263959 0.331933 0.365482
8 0.625263 0.117766 0.315126 0.040609
0 0.545431 0.174619 0.155462 0.056853
0 0.545431 0.231472 0.155462 0.056853
0 0.545431 0.288325 0.155462 0.056853
0 0.545431 0.345178 0.155462 0.056853
0 0.545431 0.402030 0.155462 0.056853
0 0.705095 0.174619 0.155462 0.056853
0 0.705095 0.231472 0.155462 0.056853
0 0.705095 0.288325 0.155462 0.056853
0 0.705095 0.345178 0.155462 0.056853
0 0.705095 0.402030 0.155462 0.056853
1 0.681559 0.040609 0.035107 0.034518
1 0.746746 0.040609 0.078461 0.032487
1 0.496061 0.516307 0.095523 0.048731
0 0.264968 0.240165 0.094538 0.188832
0 0.171481 0.422906 0.094538 0.188832
0 0.314338 0.524429 0.094538 0.188832
0 0.688288 0.524429 0.094538 0.188832
0 0.815389 0.422906 0.094538 0.188832
0 0.727153 0.240165 0.094538 0.188832
