0 0.729578 0.018782 0.007755 0.021320
0 0.269609 0.060406 0.020344 0.025761
0 0.292382 0.060406 0.021148 0.025761
0 0.315077 0.060406 0.020188 0.025761
0 0.337160 0.060406 0.019925 0.025761
0 0.358456 0.060406 0.018612 0.025761
0 0.379152 0.060406 0.018727 0.025761
0 0.398983 0.060406 0.016881 0.025761
0 0.420004 0.060406 0.021107 0.025761
0 0.442912 0.060406 0.020656 0.025761
0 0.464934 0.060406 0.019334 0.025761
0 0.485885 0.060406 0.018514 0.025761
0 0.506364 0.060406 0.018391 0.025761
0 0.527832 0.060406 0.020491 0.025761
0 0.550908 0.060406 0.021607 0.025761
0 0.573964 0.060406 0.020450 0.025761
0 0.595555 0.060406 0.018678 0.025761
0 0.616670 0.060406 0.019498 0.025761
0 0.637433 0.060406 0.017972 0.025761
0 0.657924 0.060406 0.018957 0.025761
0 0.678731 0.060406 0.018604 0.025761
0 0.700031 0.060406 0.019942 0.025761
0 0.722357 0.060406 0.020656 0.025761
0 0.386965 0.408249 0.052521 0.101523
0 0.441513 0.408249 0.052521 0.101523
0 0.496061 0.408249 0.052521 0.101523
0 0.550609 0.408249 0.052521 0.101523
0 0.605157 0.408249 0.052521 0.101523
