1 0.074289 0.059572 0.000527 0.001018
1 0.074289 0.059572 0.000527 0.001018
1 0.074289 0.059572 0.000527 0.001018
1 0.074289 0.059572 0.000527 0.001018
1 0.074289 0.059572 0.000527 0.001018
1 0.085090 0.025458 0.021075 0.025458
1 0.119682 0.025458 0.022820 0.044807
17 0.143737 0.025458 0.023182 0.044807
1 0.167323 0.025458 0.009237 0.044807
17 0.184586 0.025458 0.023182 0.044807
1 0.223130 0.025458 0.039153 0.044807
17 0.255351 0.025458 0.023182 0.044807
1 0.286000 0.025458 0.023363 0.044807
17 0.310327 0.025458 0.023182 0.044807
1 0.342346 0.025458 0.026105 0.044807
1 0.388048 0.025458 0.031579 0.044807
1 0.430437 0.025458 0.019478 0.044807
18 0.802424 0.025458 0.023182 0.044807
18 0.802424 0.025458 0.011591 0.022403
0 0.826133 0.025458 0.024236 0.044807
0 0.826133 0.025458 0.011591 0.022403
1 0.858992 0.025458 0.016193 0.044807
17 0.879734 0.025458 0.023182 0.044807
1 0.906015 0.025458 0.023059 0.044807
1 0.491829 0.069246 0.243571 0.032587
0 0.978398 0.071283 0.023182 0.044807
10 0.496048 0.438749 0.842993 0.698272
0 0.234972 0.591491 0.052909 0.048880
0 0.300160 0.591491 0.064822 0.048880
