1 0.237882 0.036660 0.073762 0.038697
10 0.237882 0.034623 0.073762 0.034623
1 0.528821 0.036660 0.064640 0.073320
1 0.588329 0.036660 0.054375 0.073320
1 0.631582 0.036660 0.032131 0.073320
0 0.662400 0.036660 0.029505 0.073320
0 0.662400 0.036660 0.012645 0.024440
1 0.695584 0.036660 0.036864 0.073320
0 0.752556 0.036660 0.077079 0.044807
0 0.752556 0.036660 0.050736 0.017312
18 0.496048 0.386043 0.347734 0.065173
18 0.496048 0.386043 0.347734 0.065173
18 0.652002 0.386043 0.023182 0.044807
0 0.652002 0.386043 0.008430 0.016293
0 0.652002 0.386043 0.008430 0.016293
0 0.496044 0.630346 0.174271 0.048880
0 0.496044 0.630346 0.156357 0.019953
0 0.728407 0.736253 0.016860 0.032587
0 0.728407 0.736253 0.007376 0.014257
0 0.728407 0.736253 0.007376 0.014257
0 0.749481 0.736253 0.016860 0.032587
0 0.749481 0.736253 0.007376 0.014257
0 0.749481 0.736253 0.007376 0.014257
0 0.789256 0.736253 0.045829 0.032587
0 0.789256 0.736253 0.027916 0.015275
1 0.188352 0.811402 0.016852 0.068833
10 0.188348 0.797352 0.012645 0.024440
1 0.262542 0.811402 0.089379 0.068833
10 0.262538 0.797352 0.012645 0.024440
1 0.346339 0.811402 0.036066 0.068833
10 0.346335 0.797352 0.012645 0.024440
1 0.410663 0.811402 0.050431 0.068833
10 0.410663 0.797352 0.012645 0.024440
1 0.480485 0.811402 0.047064 0.068833
10 0.480481 0.797352 0.012645 0.024440
1 0.549888 0.811402 0.049592 0.068833
10 0.549888 0.797352 0.012645 0.024440
1 0.639147 0.811402 0.086777 0.068833
10 0.639143 0.797352 0.012645 0.024440
1 0.752589 0.811402 0.097957 0.068833
10 0.752585 0.797352 0.012645 0.024440
1 0.838650 0.811402 0.032016 0.068833
10 0.838646 0.797352 0.012645 0.024440
1 0.902331 0.811402 0.053197 0.068833
10 0.902331 0.797352 0.012645 0.024440
1 0.975002 0.811402 0.049995 0.068833
10 0.982053 0.797352 0.012645 0.024440
0 0.757973 0.959856 0.066246 0.044807
0 0.757973 0.959856 0.039902 0.017312
0 0.723204 0.935861 0.081319 0.048880
0 0.805494 0.935861 0.065859 0.048880
20 0.975237 0.961829 0.023182 0.044807
