0 0.180935 0.049738 0.126050 0.026919
2 0.520541 0.049746 0.334034 0.048731
1 0.809447 0.049746 0.062451 0.048731
0 0.862169 0.049746 0.024086 0.024365
0 0.207396 0.117766 0.018423 0.060914
1 0.207396 0.117766 0.012121 0.020305
0 0.133042 0.195939 0.030265 0.030457
1 0.126740 0.195939 0.017660 0.030457
0 0.168088 0.243655 0.100356 0.028426
1 0.141150 0.243655 0.046481 0.024365
0 0.168088 0.278173 0.100356 0.028426
1 0.154921 0.278173 0.074022 0.024365
0 0.168088 0.312690 0.100356 0.028426
1 0.142188 0.312690 0.048557 0.024365
0 0.168088 0.347208 0.100356 0.028426
1 0.143485 0.347208 0.051151 0.024365
0 0.168088 0.381726 0.100356 0.028426
1 0.147272 0.381726 0.058725 0.024365
0 0.274746 0.243655 0.100356 0.028426
1 0.255900 0.243655 0.062664 0.024365
0 0.274746 0.278173 0.100356 0.028426
1 0.244411 0.278173 0.039686 0.024365
0 0.274746 0.312690 0.100356 0.028426
1 0.265145 0.312690 0.081153 0.024365
0 0.274746 0.347208 0.100356 0.028426
1 0.248461 0.347208 0.047786 0.024365
0 0.274746 0.381726 0.100356 0.028426
1 0.248145 0.381726 0.047154 0.024365
0 0.381405 0.243655 0.100356 0.028426
1 0.367532 0.243655 0.072610 0.024365
0 0.381405 0.278173 0.100356 0.028426
1 0.350003 0.278173 0.037553 0.024365
0 0.381405 0.312690 0.100356 0.028426
1 0.354246 0.312690 0.046038 0.024365
0 0.548340 0.239594 0.156833 0.032487
0 0.548340 0.272081 0.156833 0.032487
0 0.548340 0.304569 0.156833 0.032487
0 0.548340 0.337056 0.156833 0.032487
0 0.548340 0.369543 0.156833 0.032487
0 0.548340 0.402030 0.156833 0.032487
0 0.234757 0.117766 0.036297 0.060914
1 0.234757 0.117766 0.029994 0.020305
0 0.146111 0.195939 0.056403 0.030457
1 0.139808 0.195939 0.043798 0.030457
0 0.168088 0.243655 0.100356 0.028426
1 0.147174 0.243655 0.058528 0.024365
0 0.168088 0.278173 0.100356 0.028426
1 0.150243 0.278173 0.064666 0.024365
0 0.274746 0.243655 0.100356 0.028426
1 0.241108 0.243655 0.033080 0.024365
0 0.274746 0.278173 0.100356 0.028426
1 0.261875 0.278173 0.074613 0.024365
0 0.381405 0.243655 0.100356 0.028426
1 0.359962 0.243655 0.057469 0.024365
0 0.548340 0.239594 0.156833 0.032487
0 0.548340 0.272081 0.156833 0.032487
0 0.548340 0.304569 0.156833 0.032487
0 0.548340 0.337056 0.156833 0.032487
0 0.548340 0.369543 0.156833 0.032487
0 0.548340 0.402030 0.156833 0.032487
0 0.268128 0.117766 0.030446 0.060914
1 0.268128 0.117766 0.024143 0.020305
0 0.141712 0.195939 0.047605 0.030457
1 0.135410 0.195939 0.035000 0.030457
0 0.168088 0.243655 0.100356 0.028426
1 0.137942 0.243655 0.040064 0.024365
0 0.168088 0.278173 0.100356 0.028426
1 0.137531 0.278173 0.039243 0.024365
0 0.168088 0.312690 0.100356 0.028426
1 0.126621 0.312690 0.017422 0.024365
0 0.168088 0.347208 0.100356 0.028426
1 0.146201 0.347208 0.056583 0.024365
0 0.274746 0.243655 0.100356 0.028426
1 0.238142 0.243655 0.027147 0.024365
0 0.274746 0.278173 0.100356 0.028426
1 0.243476 0.278173 0.037815 0.024365
0 0.274746 0.312690 0.100356 0.028426
1 0.242302 0.312690 0.035468 0.024365
0 0.274746 0.347208 0.100356 0.028426
1 0.243517 0.347208 0.037897 0.024365
0 0.381405 0.243655 0.100356 0.028426
1 0.345379 0.243655 0.028304 0.024365
0 0.381405 0.278173 0.100356 0.028426
1 0.356499 0.278173 0.050543 0.024365
0 0.381405 0.312690 0.100356 0.028426
1 0.352498 0.312690 0.042542 0.024365
0 0.381405 0.347208 0.100356 0.028426
1 0.365185 0.347208 0.067916 0.024365
0 0.548340 0.239594 0.156833 0.032487
0 0.548340 0.272081 0.156833 0.032487
0 0.548340 0.304569 0.156833 0.032487
0 0.548340 0.337056 0.156833 0.032487
0 0.548340 0.369543 0.156833 0.032487
0 0.548340 0.402030 0.156833 0.032487
0 0.299251 0.117766 0.031800 0.060914
1 0.299251 0.117766 0.025497 0.020305
0 0.142787 0.195939 0.049755 0.030457
1 0.136485 0.195939 0.037150 0.030457
0 0.168088 0.243655 0.100356 0.028426
1 0.152418 0.243655 0.069016 0.024365
0 0.274746 0.243655 0.100356 0.028426
1 0.242770 0.243655 0.036404 0.024365
0 0.381405 0.243655 0.100356 0.028426
1 0.358965 0.243655 0.055475 0.024365
0 0.548340 0.239594 0.156833 0.032487
0 0.548340 0.272081 0.156833 0.032487
0 0.548340 0.304569 0.156833 0.032487
0 0.548340 0.337056 0.156833 0.032487
0 0.548340 0.369543 0.156833 0.032487
0 0.548340 0.402030 0.156833 0.032487
0 0.332142 0.117766 0.033983 0.060914
1 0.332142 0.117766 0.027680 0.020305
0 0.144306 0.195939 0.052792 0.030457
1 0.138003 0.195939 0.040187 0.030457
0 0.168088 0.243655 0.100356 0.028426
1 0.148183 0.243655 0.060547 0.024365
0 0.168088 0.278173 0.100356 0.028426
1 0.148540 0.278173 0.061261 0.024365
0 0.168088 0.312690 0.100356 0.028426
1 0.155495 0.312690 0.075171 0.024365
0 0.274746 0.243655 0.100356 0.028426
1 0.268797 0.243655 0.088457 0.024365
0 0.274746 0.278173 0.100356 0.028426
1 0.262207 0.278173 0.075277 0.024365
0 0.274746 0.312690 0.100356 0.028426
1 0.236115 0.312690 0.023093 0.024365
0 0.381405 0.243655 0.100356 0.028426
1 0.360503 0.243655 0.058553 0.024365
0 0.548340 0.239594 0.156833 0.032487
0 0.548340 0.272081 0.156833 0.032487
0 0.548340 0.304569 0.156833 0.032487
0 0.548340 0.337056 0.156833 0.032487
0 0.548340 0.369543 0.156833 0.032487
0 0.548340 0.402030 0.156833 0.032487
0 0.367844 0.117766 0.037421 0.060914
1 0.367844 0.117766 0.031119 0.020305
0 0.146800 0.195939 0.057781 0.030457
1 0.140498 0.195939 0.045176 0.030457
0 0.168088 0.243655 0.100356 0.028426
1 0.148015 0.243655 0.060210 0.024365
0 0.168088 0.278173 0.100356 0.028426
1 0.137022 0.278173 0.038225 0.024365
0 0.168088 0.312690 0.100356 0.028426
1 0.153337 0.312690 0.070854 0.024365
0 0.274746 0.243655 0.100356 0.028426
1 0.244321 0.243655 0.039506 0.024365
0 0.274746 0.278173 0.100356 0.028426
1 0.247628 0.278173 0.046120 0.024365
0 0.274746 0.312690 0.100356 0.028426
1 0.243866 0.312690 0.038595 0.024365
0 0.381405 0.243655 0.100356 0.028426
1 0.359757 0.243655 0.057059 0.024365
0 0.381405 0.278173 0.100356 0.028426
1 0.368144 0.278173 0.073833 0.024365
0 0.548340 0.239594 0.156833 0.032487
0 0.548340 0.272081 0.156833 0.032487
0 0.548340 0.304569 0.156833 0.032487
0 0.548340 0.337056 0.156833 0.032487
0 0.548340 0.369543 0.156833 0.032487
0 0.548340 0.402030 0.156833 0.032487
0 0.397970 0.117766 0.022830 0.060914
1 0.397970 0.117766 0.016528 0.020305
0 0.136263 0.195939 0.036707 0.030457
1 0.129961 0.195939 0.024102 0.030457
0 0.168088 0.243655 0.100356 0.028426
1 0.133678 0.243655 0.031537 0.024365
0 0.168088 0.278173 0.100356 0.028426
1 0.142660 0.278173 0.049501 0.024365
0 0.168088 0.312690 0.100356 0.028426
1 0.138594 0.312690 0.041369 0.024365
0 0.168088 0.347208 0.100356 0.028426
1 0.151170 0.347208 0.066521 0.024365
0 0.168088 0.381726 0.100356 0.028426
1 0.133998 0.381726 0.032177 0.024365
0 0.168088 0.416244 0.100356 0.028426
1 0.150034 0.416244 0.064248 0.024365
0 0.168088 0.450761 0.100356 0.028426
1 0.133879 0.450761 0.031939 0.024365
0 0.274746 0.243655 0.100356 0.028426
1 0.243894 0.243655 0.038652 0.024365
0 0.274746 0.278173 0.100356 0.028426
1 0.246094 0.278173 0.043051 0.024365
0 0.274746 0.312690 0.100356 0.028426
1 0.240427 0.312690 0.031718 0.024365
0 0.274746 0.347208 0.100356 0.028426
1 0.262695 0.347208 0.076254 0.024365
0 0.274746 0.381726 0.100356 0.028426
1 0.257636 0.381726 0.066135 0.024365
0 0.274746 0.416244 0.100356 0.028426
1 0.258625 0.416244 0.068113 0.024365
0 0.274746 0.450761 0.100356 0.028426
1 0.247534 0.450761 0.045931 0.024365
0 0.381405 0.243655 0.100356 0.028426
1 0.368706 0.243655 0.074957 0.024365
0 0.381405 0.278173 0.100356 0.028426
1 0.347275 0.278173 0.032095 0.024365
0 0.381405 0.312690 0.100356 0.028426
1 0.355694 0.312690 0.048935 0.024365
0 0.381405 0.347208 0.100356 0.028426
1 0.351173 0.347208 0.039891 0.024365
0 0.381405 0.381726 0.100356 0.028426
1 0.357102 0.381726 0.051750 0.024365
0 0.548340 0.239594 0.156833 0.032487
0 0.548340 0.272081 0.156833 0.032487
0 0.548340 0.304569 0.156833 0.032487
0 0.548340 0.337056 0.156833 0.032487
0 0.548340 0.369543 0.156833 0.032487
0 0.548340 0.402030 0.156833 0.032487
0 0.422478 0.117766 0.026187 0.060914
1 0.422478 0.117766 0.019884 0.020305
0 0.138754 0.195939 0.041689 0.030457
1 0.132451 0.195939 0.029084 0.030457
0 0.168088 0.257868 0.100356 0.056853
1 0.146324 0.257868 0.056829 0.052792
0 0.168088 0.306599 0.100356 0.028426
1 0.145787 0.306599 0.055754 0.024365
0 0.168088 0.341117 0.100356 0.028426
1 0.133600 0.341117 0.031381 0.024365
0 0.274746 0.243655 0.100356 0.028426
1 0.241108 0.243655 0.033080 0.024365
0 0.274746 0.278173 0.100356 0.028426
1 0.267430 0.278173 0.085724 0.024365
0 0.274746 0.312690 0.100356 0.028426
1 0.239779 0.312690 0.030421 0.024365
0 0.274746 0.347208 0.100356 0.028426
1 0.254817 0.347208 0.060498 0.024365
0 0.381405 0.243655 0.100356 0.028426
1 0.360491 0.243655 0.058528 0.024365
0 0.381405 0.278173 0.100356 0.028426
1 0.360089 0.278173 0.057724 0.024365
0 0.381405 0.312690 0.100356 0.028426
1 0.349429 0.312690 0.036404 0.024365
0 0.381405 0.347208 0.100356 0.028426
1 0.346762 0.347208 0.031069 0.024365
0 0.548340 0.239594 0.156833 0.032487
0 0.548340 0.272081 0.156833 0.032487
0 0.548340 0.304569 0.156833 0.032487
0 0.548340 0.337056 0.156833 0.032487
0 0.548340 0.369543 0.156833 0.032487
0 0.548340 0.402030 0.156833 0.032487
0 0.452629 0.117766 0.034114 0.060914
1 0.452629 0.117766 0.027812 0.020305
0 0.144568 0.195939 0.053317 0.030457
1 0.138266 0.195939 0.040712 0.030457
0 0.168088 0.243655 0.100356 0.028426
1 0.162052 0.243655 0.088285 0.024365
0 0.168088 0.278173 0.100356 0.028426
1 0.146472 0.278173 0.057125 0.024365
0 0.168088 0.312690 0.100356 0.028426
1 0.152967 0.312690 0.070116 0.024365
0 0.274746 0.243655 0.100356 0.028426
1 0.258334 0.243655 0.067531 0.024365
0 0.274746 0.278173 0.100356 0.028426
1 0.243648 0.278173 0.038160 0.024365
0 0.274746 0.312690 0.100356 0.028426
1 0.264365 0.312690 0.079594 0.024365
0 0.381405 0.243655 0.100356 0.028426
1 0.363954 0.243655 0.065454 0.024365
0 0.548340 0.239594 0.156833 0.032487
0 0.548340 0.272081 0.156833 0.032487
0 0.548340 0.304569 0.156833 0.032487
0 0.548340 0.337056 0.156833 0.032487
0 0.548340 0.369543 0.156833 0.032487
0 0.548340 0.402030 0.156833 0.032487
0 0.494834 0.117766 0.050297 0.060914
1 0.494834 0.117766 0.043995 0.020305
0 0.156078 0.195939 0.076336 0.030457
1 0.149775 0.195939 0.063731 0.030457
0 0.168088 0.243655 0.100356 0.028426
1 0.132193 0.243655 0.028567 0.024365
0 0.168088 0.278173 0.100356 0.028426
1 0.132238 0.278173 0.028657 0.024365
0 0.274746 0.243655 0.100356 0.028426
1 0.235988 0.243655 0.022838 0.024365
0 0.274746 0.278173 0.100356 0.028426
1 0.238774 0.278173 0.028411 0.024365
0 0.381405 0.243655 0.100356 0.028426
1 0.342343 0.243655 0.022231 0.024365
0 0.548340 0.239594 0.156833 0.032487
0 0.548340 0.272081 0.156833 0.032487
0 0.548340 0.304569 0.156833 0.032487
0 0.548340 0.337056 0.156833 0.032487
0 0.548340 0.369543 0.156833 0.032487
0 0.548340 0.402030 0.156833 0.032487
0 0.535148 0.117766 0.030331 0.060914
1 0.535148 0.117766 0.024028 0.020305
0 0.141643 0.195939 0.047466 0.030457
1 0.135340 0.195939 0.034861 0.030457
0 0.168088 0.243655 0.100356 0.028426
1 0.155983 0.243655 0.076147 0.024365
0 0.168088 0.278173 0.100356 0.028426
1 0.153952 0.278173 0.072085 0.024365
0 0.168088 0.312690 0.100356 0.028426
1 0.158445 0.312690 0.081071 0.024365
0 0.168088 0.347208 0.100356 0.028426
1 0.129916 0.347208 0.024012 0.024365
0 0.168088 0.381726 0.100356 0.028426
1 0.138701 0.381726 0.041582 0.024365
0 0.274746 0.243655 0.100356 0.028426
1 0.250053 0.243655 0.050970 0.024365
0 0.274746 0.278173 0.100356 0.028426
1 0.236094 0.278173 0.023052 0.024365
0 0.274746 0.312690 0.100356 0.028426
1 0.235343 0.312690 0.021550 0.024365
0 0.274746 0.347208 0.100356 0.028426
1 0.236537 0.347208 0.023938 0.024365
0 0.274746 0.381726 0.100356 0.028426
1 0.238294 0.381726 0.027450 0.024365
0 0.381405 0.243655 0.100356 0.028426
1 0.340755 0.243655 0.019055 0.024365
0 0.381405 0.278173 0.100356 0.028426
1 0.343602 0.278173 0.024751 0.024365
0 0.381405 0.312690 0.100356 0.028426
1 0.341411 0.312690 0.020368 0.024365
0 0.381405 0.347208 0.100356 0.028426
1 0.343450 0.347208 0.024447 0.024365
0 0.381405 0.381726 0.100356 0.028426
1 0.361808 0.381726 0.061162 0.024365
0 0.548340 0.239594 0.156833 0.032487
0 0.548340 0.272081 0.156833 0.032487
0 0.548340 0.304569 0.156833 0.032487
0 0.548340 0.337056 0.156833 0.032487
0 0.548340 0.369543 0.156833 0.032487
0 0.548340 0.402030 0.156833 0.032487
0 0.579024 0.117766 0.057420 0.060914
1 0.579024 0.117766 0.051118 0.020305
0 0.161305 0.195939 0.086791 0.030457
1 0.155003 0.195939 0.074186 0.030457
0 0.168088 0.243655 0.100356 0.028426
1 0.137453 0.243655 0.039087 0.024365
0 0.168088 0.278173 0.100356 0.028426
1 0.137141 0.278173 0.038463 0.024365
0 0.274746 0.243655 0.100356 0.028426
1 0.241121 0.243655 0.033105 0.024365
0 0.274746 0.278173 0.100356 0.028426
1 0.241383 0.278173 0.033630 0.024365
0 0.381405 0.243655 0.100356 0.028426
1 0.360536 0.243655 0.058618 0.024365
0 0.381405 0.278173 0.100356 0.028426
1 0.347451 0.278173 0.032448 0.024365
0 0.548340 0.239594 0.156833 0.032487
0 0.548340 0.272081 0.156833 0.032487
0 0.548340 0.304569 0.156833 0.032487
0 0.548340 0.337056 0.156833 0.032487
0 0.548340 0.369543 0.156833 0.032487
0 0.548340 0.402030 0.156833 0.032487
0 0.631627 0.117766 0.047786 0.060914
1 0.631627 0.117766 0.041483 0.020305
0 0.154260 0.195939 0.072701 0.030457
1 0.147957 0.195939 0.060096 0.030457
0 0.168088 0.243655 0.100356 0.028426
1 0.142430 0.243655 0.049041 0.024365
0 0.168088 0.278173 0.100356 0.028426
1 0.147174 0.278173 0.058528 0.024365
0 0.168088 0.312690 0.100356 0.028426
1 0.141954 0.312690 0.048090 0.024365
0 0.168088 0.347208 0.100356 0.028426
1 0.142804 0.347208 0.049788 0.024365
0 0.168088 0.381726 0.100356 0.028426
1 0.159204 0.381726 0.082589 0.024365
0 0.168088 0.416244 0.100356 0.028426
1 0.138594 0.416244 0.041369 0.024365
0 0.274746 0.243655 0.100356 0.028426
1 0.241059 0.243655 0.032982 0.024365
0 0.274746 0.278173 0.100356 0.028426
1 0.252470 0.278173 0.055804 0.024365
0 0.274746 0.312690 0.100356 0.028426
1 0.265801 0.312690 0.082466 0.024365
0 0.274746 0.347208 0.100356 0.028426
1 0.262843 0.347208 0.076549 0.024365
0 0.274746 0.381726 0.100356 0.028426
1 0.250004 0.381726 0.050872 0.024365
0 0.274746 0.416244 0.100356 0.028426
1 0.251543 0.416244 0.053949 0.024365
0 0.381405 0.243655 0.100356 0.028426
1 0.347316 0.243655 0.032177 0.024365
0 0.381405 0.278173 0.100356 0.028426
1 0.373769 0.278173 0.085084 0.024365
0 0.381405 0.312690 0.100356 0.028426
1 0.361049 0.312690 0.059644 0.024365
0 0.381405 0.347208 0.100356 0.028426
1 0.361078 0.347208 0.059702 0.024365
0 0.381405 0.381726 0.100356 0.028426
1 0.344665 0.381726 0.026876 0.024365
0 0.548340 0.239594 0.156833 0.032487
0 0.548340 0.272081 0.156833 0.032487
0 0.548340 0.304569 0.156833 0.032487
0 0.548340 0.337056 0.156833 0.032487
0 0.548340 0.369543 0.156833 0.032487
0 0.548340 0.402030 0.156833 0.032487
0 0.681973 0.117766 0.052907 0.060914
1 0.681973 0.117766 0.046604 0.020305
0 0.157875 0.195939 0.079930 0.030457
1 0.151572 0.195939 0.067325 0.030457
0 0.168088 0.243655 0.100356 0.028426
1 0.145204 0.243655 0.054589 0.024365
0 0.168088 0.278173 0.100356 0.028426
1 0.130658 0.278173 0.025497 0.024365
0 0.168088 0.312690 0.100356 0.028426
1 0.164764 0.312690 0.093709 0.024365
0 0.168088 0.347208 0.100356 0.028426
1 0.155130 0.347208 0.074440 0.024365
0 0.168088 0.381726 0.100356 0.028426
1 0.159762 0.381726 0.083705 0.024365
0 0.274746 0.243655 0.100356 0.028426
1 0.238187 0.243655 0.027237 0.024365
0 0.274746 0.278173 0.100356 0.028426
1 0.245216 0.278173 0.041295 0.024365
0 0.274746 0.312690 0.100356 0.028426
1 0.248416 0.312690 0.047696 0.024365
0 0.274746 0.347208 0.100356 0.028426
1 0.257505 0.347208 0.065873 0.024365
0 0.274746 0.381726 0.100356 0.028426
1 0.241699 0.381726 0.034262 0.024365
0 0.381405 0.243655 0.100356 0.028426
1 0.353302 0.243655 0.044150 0.024365
0 0.381405 0.278173 0.100356 0.028426
1 0.347028 0.278173 0.031603 0.024365
0 0.381405 0.312690 0.100356 0.028426
1 0.375615 0.312690 0.088777 0.024365
0 0.381405 0.347208 0.100356 0.028426
1 0.357151 0.347208 0.051848 0.024365
0 0.381405 0.381726 0.100356 0.028426
1 0.342343 0.381726 0.022231 0.024365
0 0.548340 0.239594 0.156833 0.032487
0 0.548340 0.272081 0.156833 0.032487
0 0.548340 0.304569 0.156833 0.032487
0 0.548340 0.337056 0.156833 0.032487
0 0.548340 0.369543 0.156833 0.032487
0 0.548340 0.402030 0.156833 0.032487
0 0.727104 0.117766 0.037356 0.060914
1 0.727104 0.117766 0.031053 0.020305
0 0.146772 0.195939 0.057724 0.030457
1 0.140469 0.195939 0.045119 0.030457
0 0.168088 0.243655 0.100356 0.028426
1 0.138594 0.243655 0.041369 0.024365
0 0.168088 0.278173 0.100356 0.028426
1 0.150034 0.278173 0.064248 0.024365
0 0.274746 0.243655 0.100356 0.028426
1 0.246094 0.243655 0.043051 0.024365
0 0.274746 0.278173 0.100356 0.028426
1 0.249967 0.278173 0.050798 0.024365
0 0.381405 0.243655 0.100356 0.028426
1 0.350229 0.243655 0.038004 0.024365
0 0.381405 0.278173 0.100356 0.028426
1 0.344304 0.278173 0.026154 0.024365
0 0.548340 0.239594 0.156833 0.032487
0 0.548340 0.272081 0.156833 0.032487
0 0.548340 0.304569 0.156833 0.032487
0 0.548340 0.337056 0.156833 0.032487
0 0.548340 0.369543 0.156833 0.032487
0 0.548340 0.402030 0.156833 0.032487
0 0.773269 0.117766 0.041319 0.060914
1 0.773269 0.117766 0.035017 0.020305
0 0.168088 0.237563 0.100356 0.028426
1 0.150625 0.237563 0.065430 0.024365
0 0.168088 0.272081 0.100356 0.028426
1 0.164682 0.272081 0.093545 0.024365
0 0.168088 0.306599 0.100356 0.028426
1 0.143255 0.306599 0.050691 0.024365
0 0.168088 0.341117 0.100356 0.028426
1 0.163443 0.341117 0.091067 0.024365
0 0.274746 0.237563 0.100356 0.028426
1 0.241699 0.237563 0.034262 0.024365
0 0.274746 0.272081 0.100356 0.028426
1 0.247534 0.272081 0.045931 0.024365
0 0.274746 0.306599 0.100356 0.028426
1 0.237928 0.306599 0.026720 0.024365
0 0.274746 0.341117 0.100356 0.028426
1 0.270044 0.341117 0.090952 0.024365
0 0.381405 0.237563 0.100356 0.028426
1 0.345773 0.237563 0.029092 0.024365
0 0.381405 0.286294 0.100356 0.056853
1 0.362653 0.286294 0.062853 0.052792
0 0.548340 0.239594 0.156833 0.032487
0 0.548340 0.272081 0.156833 0.032487
0 0.548340 0.304569 0.156833 0.032487
0 0.548340 0.337056 0.156833 0.032487
0 0.548340 0.369543 0.156833 0.032487
0 0.548340 0.402030 0.156833 0.032487
0 0.500739 0.466497 0.061630 0.017259
0 0.769654 0.239594 0.209116 0.032487
0 0.769654 0.272081 0.209116 0.032487
0 0.769654 0.304569 0.209116 0.032487
0 0.769654 0.337056 0.209116 0.032487
0 0.769654 0.369543 0.209116 0.032487
0 0.205620 0.677538 0.012605 0.024365
13 0.204569 0.675508 0.010504 0.020305
0 0.327058 0.687690 0.255482 0.048731
0 0.205620 0.677538 0.012605 0.024365
13 0.204569 0.675508 0.010504 0.020305
0 0.215131 0.720685 0.031627 0.015228
0 0.321691 0.472779 0.305672 0.332360
0 0.183561 0.683629 0.021008 0.040609
1 0.465599 0.675508 0.008403 0.019289
13 0.465599 0.673985 0.008403 0.016244
0 0.227798 0.848096 0.056961 0.032487
0 0.294384 0.848096 0.067810 0.032487
0 0.532300 0.505584 0.012605 0.020305
13 0.531250 0.505584 0.010504 0.020305
0 0.576837 0.525888 0.101677 0.060914
0 0.532300 0.505584 0.012605 0.020305
13 0.531250 0.505584 0.010504 0.020305
0 0.556226 0.544670 0.060457 0.015228
0 0.571166 0.388832 0.151261 0.164467
0 0.510242 0.515736 0.021008 0.040609
1 0.637868 0.507614 0.008403 0.019289
13 0.637868 0.506091 0.008403 0.016244
0 0.557921 0.727919 0.063846 0.032487
0 0.559903 0.768528 0.067810 0.032487
0 0.708771 0.505584 0.012605 0.020305
13 0.707721 0.505584 0.010504 0.020305
0 0.749869 0.515736 0.094800 0.040609
0 0.708771 0.505584 0.012605 0.020305
13 0.707721 0.505584 0.010504 0.020305
0 0.732565 0.544670 0.060194 0.015228
0 0.747637 0.388832 0.151261 0.164467
0 0.686712 0.515736 0.021008 0.040609
1 0.814338 0.507614 0.008403 0.019289
13 0.814338 0.506091 0.008403 0.016244
0 0.736102 0.646701 0.067268 0.032487
0 0.731454 0.687310 0.057970 0.032487
0 0.532300 0.810152 0.012605 0.020305
13 0.531250 0.810152 0.010504 0.020305
0 0.576028 0.820305 0.100061 0.040609
0 0.532300 0.810152 0.012605 0.020305
13 0.531250 0.810152 0.010504 0.020305
0 0.552418 0.849239 0.052841 0.015228
0 0.571166 0.693401 0.151261 0.164467
0 0.510242 0.820305 0.021008 0.040609
1 0.637868 0.812183 0.008403 0.019289
13 0.637868 0.810660 0.008403 0.016244
0 0.541295 0.971574 0.030593 0.032487
0 0.588006 0.971574 0.054425 0.032487
0 0.708771 0.810152 0.012605 0.020305
13 0.707721 0.810152 0.010504 0.020305
0 0.741326 0.820305 0.077715 0.040609
0 0.708771 0.810152 0.012605 0.020305
13 0.707721 0.810152 0.010504 0.020305
0 0.740899 0.849239 0.076861 0.015228
0 0.747637 0.693401 0.151261 0.164467
0 0.686712 0.820305 0.021008 0.040609
1 0.814338 0.812183 0.008403 0.019289
13 0.814338 0.810660 0.008403 0.016244
0 0.731257 0.985787 0.057576 0.028426
0 0.783778 0.985787 0.039062 0.028426
1 0.747973 0.943147 0.015756 0.024365
1 0.763877 0.943147 0.003447 0.026396
1 0.780778 0.943147 0.005145 0.026396
1 0.798582 0.943147 0.005252 0.026396
1 0.815389 0.943147 0.015756 0.024365
1 0.180672 0.632487 0.006303 0.016244
6 0.023372 0.753807 0.006828 0.013198
5 0.025735 0.753299 0.015756 0.018274
5 0.066451 0.756345 0.065676 0.024365
6 0.113207 0.753807 0.006828 0.013198
5 0.115571 0.753299 0.015756 0.018274
5 0.145598 0.756345 0.044298 0.024365
6 0.023372 0.794416 0.006828 0.013198
5 0.025735 0.793909 0.015756 0.018274
5 0.049550 0.796954 0.031874 0.024365
6 0.079405 0.794416 0.006828 0.013198
5 0.081769 0.793909 0.015756 0.018274
5 0.109383 0.796954 0.039473 0.024365
6 0.023372 0.835025 0.006828 0.013198
5 0.025735 0.834518 0.015756 0.018274
5 0.082507 0.837563 0.097788 0.024365
1 0.057248 0.891878 0.078782 0.035533
1 0.142332 0.891878 0.078782 0.035533
0 0.099786 0.954822 0.078790 0.017259
