1 0.052160 0.044210 0.087460 0.037503
17 0.015016 0.140355 0.013172 0.032587
1 0.097208 0.188725 0.155427 0.017312
1 0.097208 0.214183 0.155427 0.017312
1 0.097208 0.239642 0.155427 0.017312
1 0.097208 0.265100 0.155427 0.017312
17 0.015016 0.211638 0.013172 0.032587
1 0.097208 0.260008 0.155427 0.017312
1 0.097208 0.285467 0.155427 0.017312
1 0.089568 0.279866 0.179136 0.065173
17 0.016596 0.279866 0.013172 0.032587
1 0.039347 0.348094 0.061833 0.032587
17 0.015016 0.348094 0.013172 0.032587
17 0.015016 0.419377 0.013172 0.032587
1 0.097208 0.467748 0.155427 0.017312
1 0.097208 0.493206 0.155427 0.017312
1 0.097208 0.518664 0.155427 0.017312
1 0.097208 0.544122 0.155427 0.017312
17 0.015016 0.490660 0.013172 0.032587
1 0.097208 0.539031 0.155427 0.017312
1 0.097208 0.564489 0.155427 0.017312
1 0.097208 0.589947 0.155427 0.017312
1 0.541985 0.018839 0.312829 0.021385
0 0.933639 0.021576 0.083196 0.042770
19 0.902842 0.021568 0.021602 0.031966
1 0.944440 0.021568 0.061594 0.021783
18 0.389752 0.095612 0.387513 0.039715
18 0.761459 0.095612 0.351686 0.039715
18 0.925958 0.095612 0.013205 0.010692
18 0.957323 0.095612 0.035827 0.039715
0 0.228254 0.134205 0.064517 0.021178
1 0.228254 0.134205 0.064517 0.021178
0 0.953232 0.134205 0.044010 0.021178
1 0.561590 0.271067 0.698523 0.030550
1 0.916438 0.270558 0.011171 0.027495
1 0.943098 0.270558 0.021075 0.027495
1 0.240977 0.370354 0.057297 0.019348
2 0.559512 0.461908 0.694366 0.046843
0 0.931482 0.461908 0.044307 0.045825
1 0.790808 0.531664 0.043500 0.019348
1 0.905089 0.531664 0.088893 0.019348
1 0.271338 0.765975 0.124341 0.021385
10 0.271338 0.718623 0.124341 0.107943
0 0.271338 0.936028 0.124341 0.072095
0 0.271334 0.935622 0.091535 0.040733
1 0.428477 0.765975 0.124341 0.021385
10 0.428477 0.718623 0.124341 0.107943
0 0.428477 0.936028 0.124341 0.072095
0 0.428473 0.935622 0.104773 0.040733
1 0.585616 0.765975 0.124341 0.021385
10 0.585616 0.718623 0.124341 0.107943
0 0.585616 0.936028 0.124341 0.072095
0 0.585612 0.935622 0.061109 0.040733
1 0.742756 0.788474 0.124341 0.021385
10 0.742756 0.741121 0.124341 0.107943
0 0.742756 0.936028 0.124341 0.072095
0 0.742756 0.935622 0.058861 0.040733
1 0.899895 0.765975 0.124341 0.021385
10 0.899895 0.718623 0.124341 0.107943
0 0.899895 0.936028 0.124341 0.072095
0 0.899891 0.935622 0.054144 0.040733
