1 0.271149 0.877291 0.058631 0.015275
1 0.439192 0.877291 0.035292 0.015275
0 0.353925 0.853360 0.224183 0.048880
1 0.690616 0.828411 0.031983 0.015275
1 0.702792 0.844705 0.035292 0.015275
1 0.671430 0.877291 0.060919 0.015275
1 0.654291 0.975051 0.058631 0.015275
0 0.646075 0.853360 0.224183 0.048880
1 0.277525 0.271894 0.016456 0.016293
1 0.313541 0.271894 0.036609 0.016293
1 0.357840 0.271894 0.033020 0.016293
1 0.405406 0.271894 0.043146 0.016293
1 0.446708 0.271894 0.020490 0.016293
1 0.475571 0.271894 0.018268 0.016293
1 0.513094 0.271894 0.037811 0.016293
1 0.550189 0.271894 0.017411 0.016293
1 0.584077 0.271894 0.031398 0.016293
1 0.623152 0.271894 0.027784 0.016293
1 0.661206 0.271894 0.029357 0.016293
1 0.700338 0.271894 0.029941 0.016293
1 0.745011 0.271894 0.040437 0.016293
0 0.219178 0.488798 0.012645 0.024440
1 0.499996 0.372709 0.134327 0.085540
10 0.499996 0.372709 0.134327 0.085540
1 0.486421 0.439919 0.025413 0.016293
1 0.516913 0.439409 0.018712 0.015275
0 0.722648 0.335540 0.137423 0.058045
0 0.688154 0.318737 0.068436 0.024440
0 0.758973 0.318737 0.064772 0.024440
0 0.722648 0.352851 0.137423 0.023422
1 0.252700 0.488798 0.029110 0.015275
1 0.292915 0.488798 0.026031 0.015275
1 0.330759 0.488798 0.024368 0.015275
1 0.368081 0.488798 0.024985 0.015275
1 0.417862 0.488798 0.049287 0.015275
1 0.472203 0.488798 0.034107 0.015275
1 0.518025 0.488798 0.032246 0.015275
1 0.560709 0.488798 0.027834 0.015275
1 0.603555 0.488798 0.032567 0.015275
1 0.642527 0.488798 0.020087 0.015275
1 0.672727 0.488798 0.015024 0.015275
1 0.252387 0.553971 0.028484 0.015275
1 0.299760 0.553971 0.040972 0.015275
1 0.747366 0.488798 0.087987 0.024440
10 0.747366 0.488798 0.087987 0.024440
1 0.275277 0.650713 0.133274 0.207739
1 0.271779 0.956116 0.126276 0.087767
10 0.500000 0.703984 0.283456 0.308172
10 0.500000 0.703984 0.283456 0.308172
10 0.500000 0.703984 0.283456 0.308172
10 0.500000 0.703984 0.283456 0.308172
10 0.500000 0.703984 0.283456 0.308172
10 0.500000 0.703984 0.283456 0.308172
10 0.500000 0.703984 0.283456 0.308172
1 0.464399 0.907968 0.212255 0.073320
1 0.723731 0.596232 0.132393 0.096741
1 0.727345 0.745418 0.128030 0.073320
1 0.724447 0.909265 0.133825 0.181056
10 0.724447 0.909265 0.133825 0.181056
