1 0.214840 0.109980 0.051386 0.016293
1 0.293985 0.109980 0.055651 0.016293
1 0.375510 0.109980 0.056145 0.016293
1 0.460546 0.109980 0.062673 0.016293
1 0.553568 0.109980 0.072115 0.016293
1 0.650883 0.109980 0.071259 0.016293
1 0.784168 0.109980 0.053370 0.016293
0 0.236890 0.908350 0.053337 0.044807
20 0.500000 0.707739 0.013699 0.026477
17 0.194415 0.182281 0.021075 0.040733
18 0.226027 0.182281 0.021075 0.040733
1 0.500000 0.182281 0.263435 0.040733
0 0.742109 0.182281 0.038322 0.028513
19 0.791331 0.182281 0.039046 0.048880
1 0.198503 0.252546 0.018712 0.036660
1 0.224529 0.252546 0.022804 0.036660
1 0.245287 0.252546 0.008175 0.036660
1 0.272717 0.252546 0.036148 0.036660
1 0.304502 0.252546 0.016885 0.036660
1 0.333184 0.252546 0.029941 0.036660
1 0.366895 0.252546 0.026944 0.036660
1 0.398849 0.252546 0.026426 0.036660
1 0.423246 0.252546 0.011830 0.036660
1 0.461394 0.252546 0.053930 0.036660
1 0.511826 0.252546 0.036395 0.036660
1 0.562479 0.252546 0.054375 0.036660
1 0.198527 0.325356 0.060911 0.017312
1 0.253540 0.407841 0.170937 0.066191
1 0.268403 0.496436 0.200664 0.066191
1 0.261636 0.788060 0.169216 0.041752
1 0.556457 0.488321 0.322972 0.351387
10 0.556457 0.488321 0.322972 0.351387
1 0.556453 0.693705 0.037416 0.017312
1 0.556453 0.753787 0.274261 0.049898
1 0.783625 0.401922 0.096590 0.105270
10 0.783625 0.401922 0.096590 0.105270
1 0.778455 0.539588 0.086250 0.131365
1 0.762316 0.633783 0.053971 0.024440
1 0.783440 0.715759 0.096220 0.074338
1 0.772446 0.790606 0.074231 0.042770
10 0.746394 0.790606 0.022129 0.042770
1 0.244468 0.948765 0.152792 0.102469
10 0.244468 0.948765 0.152792 0.102469
1 0.414647 0.948765 0.152792 0.102469
10 0.414647 0.948765 0.152792 0.102469
1 0.584826 0.948765 0.152792 0.102469
10 0.584826 0.948765 0.152792 0.102469
1 0.755269 0.948765 0.153319 0.102469
10 0.755269 0.948765 0.153319 0.102469
