0 0.186187 0.030449 0.052521 0.038182
0 0.604931 0.030457 0.040958 0.048731
0 0.649275 0.030457 0.043527 0.048731
0 0.694328 0.030457 0.037126 0.048731
1 0.738917 0.030457 0.047852 0.048731
1 0.798570 0.030457 0.067252 0.048731
4 0.496061 0.564245 0.423319 0.097462
1 0.496061 0.645463 0.423319 0.048731
1 0.322093 0.645463 0.075384 0.048731
1 0.300158 0.645463 0.010504 0.020305
1 0.328921 0.645463 0.040720 0.024365
1 0.661609 0.645463 0.092224 0.048731
1 0.629152 0.645463 0.010504 0.020305
1 0.667386 0.645463 0.059661 0.024365
0 0.269170 0.890244 0.218487 0.219511
0 0.496061 0.890244 0.218487 0.219511
0 0.722952 0.890244 0.218487 0.219511
