1 0.015756 0.034518 0.031513 0.069036
1 0.022059 0.034518 0.018908 0.036548
1 0.022059 0.034518 0.010504 0.020305
0 0.086660 0.034518 0.093487 0.069036
1 0.411560 0.034518 0.085872 0.038579
13 0.441890 0.034518 0.008403 0.017259
8 0.411560 0.163452 0.144170 0.235533
8 0.411560 0.144765 0.144170 0.181916
0 0.411560 0.086294 0.139968 0.048731
8 0.398955 0.086294 0.102153 0.024365
0 0.411560 0.151269 0.139968 0.048731
8 0.390592 0.151269 0.085429 0.024365
0 0.411560 0.200000 0.139968 0.048731
8 0.384663 0.200000 0.073570 0.024365
0 0.411560 0.248731 0.139968 0.048731
8 0.381147 0.248731 0.066538 0.024365
0 0.475861 0.034518 0.042731 0.038579
0 0.522116 0.034518 0.049780 0.038579
1 0.585252 0.034518 0.076492 0.038579
13 0.606692 0.034518 0.008403 0.017259
8 0.585248 0.155330 0.097295 0.219289
8 0.585248 0.138269 0.097295 0.168924
0 0.585248 0.086294 0.093093 0.048731
8 0.562217 0.086294 0.034426 0.024365
0 0.585248 0.135025 0.093093 0.048731
8 0.561084 0.135025 0.032161 0.024365
0 0.585248 0.183756 0.093093 0.048731
8 0.567034 0.183756 0.044060 0.024365
0 0.585248 0.232487 0.093093 0.048731
8 0.572643 0.232487 0.055278 0.024365
1 0.966912 0.034518 0.050420 0.069036
1 0.966912 0.034518 0.050420 0.069036
1 0.949055 0.034518 0.014706 0.028426
1 0.949055 0.034518 0.014706 0.028426
1 0.972164 0.034518 0.014706 0.028426
1 0.972164 0.034518 0.014706 0.028426
0 0.272354 0.517766 0.325630 0.156345
1 0.114791 0.700508 0.010504 0.024365
1 0.131598 0.700508 0.023109 0.024365
1 0.148405 0.700508 0.010504 0.024365
1 0.158909 0.700508 0.010504 0.024365
1 0.169413 0.700508 0.010504 0.024365
1 0.179917 0.700508 0.010504 0.024365
1 0.190421 0.700508 0.010504 0.024365
1 0.200926 0.700508 0.010504 0.024365
1 0.065060 0.802030 0.088892 0.036548
1 0.855534 0.854822 0.054162 0.036548
0 0.201406 0.958883 0.183799 0.082234
0 0.397810 0.958883 0.183799 0.082234
0 0.594214 0.958883 0.183799 0.082234
0 0.790618 0.958883 0.183799 0.082234
0 0.947561 0.958883 0.104878 0.082234
0 0.562114 0.270051 0.050469 0.017259
1 0.496061 0.361929 0.303571 0.060914
1 0.403591 0.355838 0.084034 0.048731
1 0.493927 0.355838 0.084034 0.048731
1 0.586393 0.355838 0.088293 0.048731
