0 0.014181 0.011168 0.028361 0.022335
0 0.026261 0.015228 0.031513 0.020305
0 0.071252 0.015228 0.033261 0.020305
0 0.115891 0.015228 0.030807 0.020305
0 0.566033 0.051872 0.057240 0.017259
0 0.045648 0.107503 0.074490 0.046701
1 0.140075 0.107495 0.098608 0.030758
1 0.227014 0.107495 0.059513 0.030758
1 0.291602 0.107495 0.053908 0.030758
0 0.363806 0.107495 0.074744 0.030758
0 0.424743 0.107495 0.031373 0.030758
0 0.719735 0.107503 0.018908 0.036548
1 0.757189 0.107503 0.040244 0.036548
0 0.828552 0.107495 0.086725 0.030758
0 0.902442 0.107503 0.045299 0.044162
1 0.958344 0.107503 0.050748 0.044162
0 0.185301 0.424477 0.050748 0.044162
0 0.267767 0.940213 0.215681 0.119575
0 0.496057 0.940213 0.215689 0.119575
0 0.724347 0.940213 0.215681 0.119575
0 0.182761 0.970558 0.050100 0.014213
1 0.917123 0.961421 0.082409 0.031472
1 0.976366 0.959898 0.012605 0.024365
