17 0.027397 0.024440 0.054795 0.048880
1 0.080084 0.028513 0.050580 0.040733
1 0.135406 0.028513 0.051633 0.040733
1 0.191254 0.028513 0.051633 0.040733
0 0.045047 0.085540 0.073235 0.048880
0 0.110132 0.085540 0.044290 0.048880
0 0.160272 0.085540 0.047558 0.048880
0 0.212094 0.085540 0.047657 0.048880
0 0.261089 0.085540 0.041903 0.048880
0 0.312945 0.085540 0.053379 0.048880
0 0.369587 0.085540 0.051477 0.048880
0 0.419813 0.085540 0.040544 0.048880
0 0.470195 0.085540 0.051790 0.048880
0 0.538371 0.085540 0.076133 0.048880
0 0.605267 0.085540 0.049229 0.048880
0 0.662548 0.085540 0.052687 0.048880
4 0.718445 0.062627 0.000527 0.001018
18 0.802481 0.085540 0.167545 0.044807
18 0.733461 0.085540 0.012645 0.024440
0 0.919681 0.085540 0.058425 0.048880
0 0.933614 0.085540 0.012645 0.024440
0 0.968388 0.085540 0.030558 0.048880
0 0.968388 0.085540 0.012645 0.024440
1 0.709550 0.163442 0.042915 0.015275
4 0.478423 0.162933 0.035844 0.036660
6 0.478423 0.162933 0.000527 0.001018
4 0.517510 0.162933 0.038116 0.036660
6 0.517510 0.162933 0.000527 0.001018
4 0.564780 0.162933 0.052210 0.036660
6 0.564780 0.162933 0.000527 0.001018
0 0.614067 0.162933 0.033720 0.048880
0 0.614067 0.162933 0.012645 0.024440
1 0.480028 0.269857 0.301798 0.050916
19 0.381388 0.321156 0.104518 0.026477
19 0.336506 0.321156 0.010537 0.020367
1 0.469779 0.321538 0.063834 0.026477
1 0.218701 0.256619 0.203998 0.016293
10 0.218701 0.375899 0.203998 0.263000
1 0.275817 0.610505 0.179136 0.045825
1 0.208431 0.570281 0.048579 0.026477
1 0.147260 0.600576 0.061117 0.088595
10 0.147260 0.600576 0.061117 0.088595
1 0.541359 0.610505 0.179136 0.045825
1 0.462386 0.570281 0.025405 0.026477
1 0.412803 0.600576 0.061117 0.088595
10 0.412803 0.600576 0.061117 0.088595
1 0.275817 0.735759 0.179136 0.045825
1 0.147260 0.721757 0.061117 0.088595
10 0.147260 0.721757 0.061117 0.088595
1 0.541359 0.731686 0.179136 0.045825
1 0.468804 0.691462 0.038239 0.026477
1 0.412803 0.721757 0.061117 0.088595
10 0.412803 0.721757 0.061117 0.088595
1 0.480028 0.840393 0.301798 0.050916
1 0.218701 0.827154 0.203998 0.016293
10 0.218701 0.907467 0.203998 0.185066
1 0.413363 0.892073 0.097784 0.026477
1 0.497069 0.892073 0.061199 0.026477
1 0.467437 0.963101 0.262917 0.017821
0 0.683371 0.253564 0.054309 0.042770
0 0.705257 0.253564 0.009484 0.018330
1 0.773446 0.342923 0.203899 0.040733
1 0.678152 0.305244 0.017527 0.026477
1 0.773446 0.439409 0.203899 0.040733
1 0.687278 0.401731 0.035778 0.026477
1 0.773446 0.539206 0.203899 0.040733
1 0.773446 0.635692 0.203899 0.040733
1 0.697885 0.598014 0.056993 0.026477
1 0.773446 0.732179 0.203899 0.040733
1 0.721281 0.694501 0.103785 0.026477
1 0.762023 0.821792 0.181054 0.020367
0 0.831587 0.889002 0.087617 0.048880
0 0.858008 0.889002 0.012645 0.024440
