0 0.499996 0.581313 0.083156 0.055235
1 0.499996 0.573192 0.083156 0.038991
0 0.766548 0.015228 0.074030 0.015228
0 0.824264 0.015228 0.016191 0.015228
0 0.862317 0.015228 0.034705 0.015228
0 0.913907 0.015228 0.043264 0.015228
0 0.965668 0.015228 0.035050 0.015228
1 0.017857 0.064975 0.014706 0.028426
1 0.017857 0.058883 0.007353 0.002030
1 0.017857 0.063959 0.007353 0.002030
1 0.017857 0.069036 0.007353 0.002030
0 0.065126 0.064975 0.054622 0.064975
0 0.207667 0.064975 0.057765 0.014213
0 0.264242 0.064975 0.021772 0.014213
0 0.310576 0.064975 0.037282 0.014213
0 0.407629 0.064975 0.053046 0.014213
0 0.921218 0.064975 0.012605 0.019289
8 0.948792 0.064975 0.034139 0.030457
1 0.948792 0.064975 0.015756 0.030457
8 0.948792 0.064975 0.015756 0.030457
1 0.976628 0.064975 0.021534 0.040609
0 0.289916 0.341117 0.369748 0.097462
1 0.136358 0.697049 0.062631 0.048731
0 0.646673 0.454109 0.326993 0.632075
0 0.710084 0.316751 0.369748 0.048731
0 0.865169 0.454109 0.109999 0.632075
0 0.710084 0.316751 0.369748 0.048731
0 0.865169 0.454109 0.109999 0.632075
0 0.710084 0.320812 0.369748 0.048731
0 0.865169 0.454109 0.109999 0.632075
0 0.710084 0.341117 0.369748 0.097462
0 0.865169 0.454109 0.109999 0.632075
0 0.710084 0.316751 0.369748 0.048731
0 0.865169 0.454109 0.109999 0.632075
0 0.710084 0.316751 0.369748 0.048731
0 0.865169 0.454109 0.109999 0.632075
1 0.199055 0.834613 0.188025 0.080203
1 0.399685 0.834613 0.188025 0.080203
1 0.600315 0.834613 0.188025 0.080203
1 0.800945 0.834613 0.188025 0.080203
1 0.953782 0.834613 0.092437 0.080203
1 0.911239 0.834613 0.009454 0.080203
0 0.901248 0.961009 0.037840 0.024365
1 0.500000 0.903641 1.000000 0.192719
0 0.442526 0.892529 0.070025 0.017259
1 0.769991 0.903641 0.439995 0.192719
1 0.764989 0.853783 0.370002 0.042243
1 0.764989 0.906179 0.370002 0.042243
1 0.764989 0.958574 0.370002 0.042243
