17 0.496048 0.019499 0.992097 0.038999
1 0.496048 0.019499 0.992097 0.038999
17 0.215753 0.087370 0.071654 0.029532
1 0.215753 0.087370 0.071654 0.029532
10 0.215753 0.087370 0.071654 0.029532
17 0.414120 0.087362 0.043796 0.026779
17 0.414120 0.087362 0.043796 0.026779
17 0.481337 0.087362 0.048489 0.026779
17 0.481337 0.087362 0.048489 0.026779
17 0.548480 0.087362 0.043648 0.026779
17 0.548480 0.087362 0.043648 0.026779
17 0.725513 0.087362 0.029151 0.026779
17 0.725513 0.087362 0.029151 0.026779
17 0.781398 0.087370 0.061545 0.050916
1 0.781398 0.087370 0.061545 0.050916
10 0.500000 0.500053 1.000000 0.999895
10 0.385662 0.519133 0.083106 0.067194
10 0.759696 0.519133 0.055898 0.067194
10 0.047436 0.601618 0.056326 0.067194
10 0.407245 0.601618 0.083106 0.067194
10 0.972209 0.601618 0.055582 0.067194
10 0.500000 0.967933 1.000000 0.064134
