0 0.423795 0.028426 0.052242 0.020305
0 0.496676 0.028426 0.043100 0.020305
0 0.555545 0.028426 0.024217 0.020305
0 0.639259 0.028426 0.092790 0.020305
0 0.728495 0.028426 0.035263 0.020305
0 0.793363 0.028426 0.044052 0.036548
0 0.218007 0.101523 0.082548 0.048731
0 0.425121 0.101523 0.174033 0.089340
0 0.558918 0.101523 0.093561 0.089340
0 0.663985 0.101523 0.116572 0.089340
0 0.768830 0.101523 0.093118 0.089340
1 0.741798 0.207107 0.146936 0.073096
0 0.744091 0.316751 0.496061 0.081218
0 0.744091 0.426396 0.496061 0.081218
0 0.744091 0.515736 0.496061 0.040609
1 0.541118 0.759391 0.026778 0.032487
1 0.588055 0.759391 0.033482 0.032487
1 0.660427 0.759391 0.077649 0.032487
1 0.485557 0.824365 0.006303 0.012183
1 0.496061 0.824365 0.006303 0.012183
1 0.506565 0.824365 0.006303 0.012183
0 0.049764 0.891878 0.099527 0.065990
0 0.059217 0.998985 0.118435 0.002030
0 0.259716 0.891878 0.152311 0.065990
0 0.194939 0.998985 0.060571 0.002030
0 0.294204 0.998985 0.121151 0.002030
0 0.496061 0.891878 0.152311 0.065990
0 0.431284 0.998985 0.060571 0.002030
0 0.530548 0.998985 0.121151 0.002030
0 0.732405 0.891878 0.152311 0.065990
0 0.667628 0.998985 0.060571 0.002030
0 0.766893 0.998985 0.121151 0.002030
0 0.946297 0.891878 0.107405 0.065990
0 0.903973 0.998985 0.060571 0.002030
0 0.971331 0.998985 0.057338 0.002030
