1 0.008403 0.013198 0.016807 0.022335
0 0.232931 0.039086 0.096639 0.036548
0 0.205989 0.089848 0.030150 0.036548
1 0.226579 0.089848 0.011029 0.036548
1 0.265604 0.089848 0.050215 0.036548
0 0.319127 0.089848 0.052628 0.036548
0 0.382029 0.089848 0.056370 0.036548
1 0.415728 0.089848 0.011029 0.036548
0 0.453412 0.089848 0.047532 0.036548
0 0.499504 0.089848 0.027844 0.036548
1 0.518940 0.089848 0.011029 0.036548
1 0.560559 0.089848 0.055401 0.036548
0 0.623666 0.089848 0.054006 0.036548
1 0.656184 0.089848 0.011029 0.036548
1 0.771517 0.089848 0.017857 0.036548
1 0.795029 0.089848 0.024964 0.036548
2 0.443347 0.492703 0.287429 0.056853
1 0.639776 0.492703 0.105428 0.056853
0 0.341165 0.571685 0.045939 0.032075
0 0.406069 0.571685 0.075466 0.032075
0 0.493291 0.571685 0.090574 0.032075
0 0.589569 0.571685 0.093578 0.032075
0 0.657243 0.571685 0.033367 0.032075
0 0.392008 0.611881 0.063050 0.032075
0 0.444209 0.611881 0.032949 0.032075
0 0.497181 0.611881 0.064593 0.032075
0 0.562073 0.611881 0.056788 0.032075
0 0.613154 0.611881 0.036970 0.032075
0 0.603327 0.443861 0.070509 0.022335
1 0.308397 0.586897 0.089220 0.019289
1 0.496061 0.668924 0.496061 0.091973
1 0.606224 0.661310 0.070903 0.046288
1 0.304667 0.661310 0.081760 0.046288
1 0.692883 0.661310 0.070903 0.046288
