0 0.585024 0.029532 0.084299 0.032587
10 0.617163 0.029532 0.010537 0.020367
0 0.660448 0.029532 0.053905 0.040733
20 0.697939 0.029532 0.008430 0.021385
20 0.697939 0.031409 0.008430 0.016293
1 0.057635 0.081976 0.081550 0.021385
1 0.141987 0.081976 0.061866 0.021385
1 0.215177 0.081976 0.059224 0.021385
1 0.277578 0.081976 0.040289 0.021385
1 0.072708 0.158852 0.111697 0.041767
18 0.382566 0.158859 0.453224 0.024440
18 0.620769 0.158859 0.021075 0.040733
18 0.620769 0.158859 0.012645 0.024440
17 0.679671 0.158859 0.063010 0.042770
17 0.757697 0.158859 0.059322 0.024440
1 0.833439 0.158859 0.058441 0.021385
17 0.900899 0.158859 0.042759 0.028513
1 0.957188 0.158859 0.036099 0.029532
16 0.947568 0.158859 0.016860 0.029532
17 0.496048 0.228106 0.958377 0.057026
1 0.034942 0.227088 0.036165 0.054990
1 0.087893 0.227088 0.069736 0.054990
1 0.181457 0.227088 0.117393 0.054990
1 0.291454 0.227088 0.102600 0.054990
1 0.380746 0.227088 0.075985 0.054990
1 0.455130 0.227088 0.072782 0.054990
1 0.537486 0.227088 0.091931 0.054990
1 0.610013 0.227088 0.053123 0.054990
1 0.695555 0.227088 0.117961 0.054990
1 0.778686 0.227088 0.048299 0.054990
1 0.852748 0.227088 0.099825 0.054990
1 0.938949 0.227088 0.072576 0.054990
0 0.023709 0.287169 0.013699 0.026477
10 0.023709 0.287169 0.012645 0.024440
1 0.596845 0.287169 0.039680 0.024440
1 0.603711 0.287169 0.039680 0.024440
0 0.968388 0.287169 0.013699 0.026477
10 0.968388 0.287169 0.012645 0.024440
0 0.430527 0.565778 0.099085 0.048880
0 0.512110 0.565778 0.051436 0.048880
0 0.577631 0.565778 0.066962 0.048880
10 0.496048 0.478408 0.992097 0.324577
10 0.038988 0.687786 0.012645 0.024440
10 0.358445 0.687786 0.012645 0.024440
10 0.677901 0.687786 0.012645 0.024440
0 0.029505 0.976069 0.025290 0.047862
10 0.029505 0.976578 0.012645 0.024440
0 0.962592 0.976069 0.025290 0.047862
10 0.962592 0.976578 0.012645 0.024440
10 0.076758 0.925662 0.107152 0.148676
10 0.196556 0.925662 0.107152 0.148676
10 0.316353 0.925662 0.107152 0.148676
10 0.436150 0.925662 0.107152 0.148676
10 0.555947 0.925662 0.107152 0.148676
10 0.675744 0.925662 0.107152 0.148676
10 0.795541 0.925662 0.107152 0.148676
10 0.915339 0.925662 0.107152 0.148676
10 0.990780 0.925662 0.018440 0.148676
