0 0.059349 0.040609 0.089286 0.081218
1 0.156045 0.040609 0.045283 0.081218
1 0.209707 0.040609 0.047335 0.081218
1 0.264669 0.040609 0.047884 0.081218
2 0.478992 0.040609 0.328256 0.028426
1 0.650735 0.040609 0.015231 0.036548
13 0.650735 0.040609 0.015231 0.036548
1 0.669118 0.040609 0.021534 0.036548
1 0.902093 0.040609 0.043305 0.038579
1 0.954520 0.040609 0.045792 0.038579
1 0.137851 0.524667 0.071396 0.040609
0 0.193946 0.920812 0.154174 0.158376
0 0.359149 0.920812 0.154174 0.158376
0 0.524357 0.920812 0.154182 0.158376
