1 0.152002 0.046843 0.018967 0.036660
0 0.204874 0.044807 0.061487 0.040733
0 0.282588 0.044807 0.089724 0.040733
0 0.363656 0.044807 0.068197 0.040733
0 0.429951 0.044807 0.060178 0.040733
0 0.497164 0.044807 0.070033 0.040733
0 0.777076 0.044807 0.145005 0.048880
0 0.741405 0.044807 0.064179 0.048880
0 0.813908 0.044807 0.071342 0.048880
0 0.496044 0.507081 0.075729 0.043979
0 0.496044 0.507081 0.075729 0.043979
0 0.496044 0.507081 0.075729 0.043979
0 0.496044 0.507081 0.075729 0.043979
1 0.458377 0.911230 0.068246 0.047193
1 0.532275 0.911230 0.071119 0.047193
1 0.439076 0.944501 0.117994 0.017312
0 0.726328 0.934827 0.146396 0.048880
0 0.693468 0.934827 0.055387 0.048880
0 0.758236 0.934827 0.057289 0.048880
20 0.812171 0.934827 0.025290 0.048880
0 0.812171 0.934827 0.012645 0.024440
