0 0.293067 0.066244 0.103466 0.012183
1 0.668855 0.119797 0.131303 0.046701
1 0.628151 0.119797 0.011029 0.021320
1 0.668855 0.182234 0.131303 0.049746
1 0.630260 0.182234 0.016282 0.031472
1 0.668855 0.244670 0.131303 0.046701
0 0.661568 0.311675 0.045381 0.012183
0 0.685732 0.320812 0.064084 0.030457
0 0.705283 0.397970 0.024734 0.016244
0 0.496061 0.236041 0.509454 0.299492
0 0.518645 0.703046 0.105042 0.137056
0 0.518645 0.895939 0.105042 0.137056
0 0.669380 0.618274 0.157563 0.036548
0 0.669380 0.808788 0.157563 0.012183
0 0.695173 0.960057 0.014000 0.014213
0 0.710503 0.960057 0.012884 0.014213
0 0.725832 0.960057 0.014000 0.014213
0 0.741441 0.960057 0.013442 0.014213
0 0.622608 0.932646 0.064018 0.014213
0 0.696576 0.999318 0.014000 0.001364
0 0.712185 0.999318 0.013442 0.001364
0 0.726534 0.999318 0.011481 0.001364
0 0.741162 0.999318 0.014000 0.001364
0 0.637010 0.978331 0.092823 0.014213
