11 0.496061 0.019440 0.992122 0.038880
0 0.496061 0.019440 0.992122 0.038880
1 0.216649 0.087103 0.071429 0.029442
0 0.216649 0.087103 0.071429 0.029442
11 0.414391 0.087095 0.043658 0.026697
0 0.414391 0.087095 0.043658 0.026697
11 0.481396 0.087095 0.048336 0.026697
0 0.481396 0.087095 0.048336 0.026697
11 0.548328 0.087095 0.043510 0.026697
0 0.548328 0.087095 0.043510 0.026697
11 0.724802 0.087095 0.029059 0.026697
0 0.724802 0.087095 0.029059 0.026697
11 0.780511 0.087103 0.061351 0.050761
0 0.780511 0.087103 0.061351 0.050761
