0 0.075630 0.059391 0.000525 0.001015
0 0.075630 0.059391 0.000525 0.001015
0 0.075630 0.059391 0.000525 0.001015
0 0.075630 0.059391 0.000525 0.001015
0 0.075630 0.059391 0.000525 0.001015
0 0.086397 0.025381 0.021008 0.025381
0 0.120880 0.025381 0.022748 0.044670
1 0.144860 0.025381 0.023109 0.044670
0 0.168371 0.025381 0.009208 0.044670
1 0.185580 0.025381 0.023109 0.044670
0 0.224002 0.025381 0.039030 0.044670
1 0.256122 0.025381 0.023109 0.044670
0 0.286674 0.025381 0.023290 0.044670
1 0.310924 0.025381 0.023109 0.044670
0 0.342843 0.025381 0.026023 0.044670
0 0.388401 0.025381 0.031480 0.044670
0 0.430656 0.025381 0.019416 0.044670
1 0.801471 0.025381 0.023109 0.044670
1 0.825105 0.025381 0.024160 0.044670
1 0.825105 0.025381 0.011555 0.022335
0 0.857861 0.025381 0.016142 0.044670
1 0.878537 0.025381 0.023109 0.044670
0 0.904736 0.025381 0.022986 0.044670
0 0.491855 0.069036 0.242803 0.032487
1 0.978466 0.071066 0.023109 0.044670
1 0.235807 0.589689 0.052743 0.048731
1 0.300789 0.589689 0.064617 0.048731
