0 0.019958 0.036548 0.027311 0.048731
0 0.068277 0.097462 0.123950 0.048731
0 0.068277 0.154315 0.123950 0.048731
0 0.068277 0.211168 0.123950 0.048731
0 0.068277 0.268020 0.123950 0.048731
0 0.068277 0.324873 0.123950 0.048731
0 0.068277 0.390863 0.123950 0.048731
0 0.068277 0.447716 0.123950 0.048731
5 0.389172 0.011675 0.000525 0.001015
2 0.498679 0.036548 0.218487 0.048731
1 0.897584 0.036548 0.070411 0.025381
1 0.963506 0.036548 0.044626 0.048731
1 0.963506 0.036548 0.044626 0.048731
5 0.265494 0.370051 0.000525 0.001015
2 0.268908 0.386802 0.006303 0.032487
1 0.278887 0.387817 0.017857 0.034518
1 0.827866 0.533503 0.055401 0.041624
1 0.727203 0.579188 0.065750 0.017259
1 0.878004 0.447208 0.007878 0.015228
1 0.774685 0.715530 0.177521 0.115324
