1 0.365121 0.047862 0.243941 0.095723
10 0.348525 0.246436 0.184405 0.230143
1 0.340346 0.560081 0.146972 0.030550
1 0.490899 0.215377 0.029743 0.019348
1 0.514654 0.234725 0.077252 0.019348
1 0.578689 0.234725 0.036181 0.019348
1 0.493385 0.254073 0.034716 0.019348
1 0.491208 0.273422 0.030361 0.019348
1 0.490755 0.292770 0.029455 0.019348
1 0.507784 0.312118 0.063513 0.019348
1 0.495378 0.331466 0.038700 0.019348
1 0.491463 0.350815 0.030871 0.019348
1 0.491257 0.370163 0.030460 0.019348
1 0.490080 0.389511 0.028105 0.019348
1 0.495357 0.408859 0.038659 0.019348
1 0.490825 0.428208 0.029595 0.019348
1 0.493982 0.447556 0.035910 0.019348
1 0.491093 0.466904 0.030130 0.019348
1 0.491492 0.486253 0.030929 0.019348
1 0.485647 0.505601 0.019239 0.019348
1 0.488750 0.524949 0.025446 0.019348
1 0.503935 0.544297 0.055815 0.019348
1 0.495415 0.563646 0.038774 0.019348
1 0.502375 0.582994 0.052695 0.019348
1 0.554132 0.582994 0.036181 0.019348
1 0.487462 0.602342 0.022869 0.019348
1 0.501507 0.621690 0.050958 0.019348
1 0.491941 0.641039 0.031826 0.019348
1 0.490006 0.660387 0.027957 0.019348
1 0.493468 0.679735 0.034880 0.019348
1 0.494402 0.699084 0.036749 0.019348
1 0.493719 0.718432 0.035383 0.019348
1 0.493916 0.737780 0.035778 0.019348
1 0.487890 0.757128 0.023726 0.019348
1 0.492632 0.776477 0.033209 0.019348
1 0.520190 0.795825 0.088325 0.019348
1 0.592375 0.795825 0.041409 0.019348
1 0.637707 0.795825 0.034617 0.019348
1 0.685709 0.795825 0.046752 0.019348
1 0.490138 0.815173 0.028220 0.019348
1 0.509871 0.834521 0.067686 0.019348
