0 0.496048 0.034114 0.108535 0.040733
1 0.158851 0.034114 0.057429 0.032587
10 0.158851 0.034114 0.057429 0.032587
17 0.225171 0.033605 0.028846 0.017312
17 0.245390 0.035132 0.007376 0.014257
17 0.288103 0.033605 0.062245 0.017312
17 0.325021 0.035132 0.007376 0.014257
17 0.347607 0.033605 0.021989 0.017312
17 0.364397 0.035132 0.007376 0.014257
17 0.388094 0.033605 0.024211 0.017312
17 0.405995 0.035132 0.007376 0.014257
17 0.448042 0.033605 0.060911 0.017312
17 0.484293 0.035132 0.007376 0.014257
17 0.507179 0.033605 0.022590 0.017312
17 0.524269 0.035132 0.007376 0.014257
17 0.545373 0.033605 0.019025 0.017312
17 0.560681 0.035132 0.007376 0.014257
0 0.843598 0.034369 0.055692 0.068737
1 0.370839 0.186354 0.044084 0.024440
1 0.309886 0.451629 0.165083 0.098778
1 0.302090 0.412933 0.033580 0.015275
1 0.309886 0.593686 0.165083 0.124236
1 0.318810 0.542261 0.067020 0.015275
1 0.327816 0.567719 0.085032 0.015275
1 0.309886 0.735743 0.165083 0.098778
1 0.302090 0.697047 0.033580 0.015275
1 0.309886 0.865071 0.165083 0.098778
1 0.305819 0.826375 0.041038 0.015275
1 0.309886 0.972505 0.165083 0.054990
1 0.303794 0.955703 0.036988 0.015275
1 0.589128 0.503564 0.351250 0.430754
1 0.442534 0.571760 0.036988 0.015275
1 0.519198 0.571760 0.100533 0.015275
1 0.496044 0.879837 0.165083 0.240326
1 0.682202 0.879837 0.165083 0.240326
0 0.682198 0.871913 0.031612 0.061100
