0 0.041492 0.030457 0.057773 0.029600
2 0.246385 0.030457 0.254325 0.048731
5 0.397182 0.029442 0.012605 0.024365
2 0.524082 0.030457 0.241195 0.046701
1 0.654133 0.030457 0.018908 0.036548
0 0.701943 0.030457 0.054655 0.040609
0 0.765001 0.030457 0.063058 0.040609
8 0.833213 0.030457 0.064962 0.040609
8 0.833213 0.030457 0.064962 0.044670
0 0.903074 0.030457 0.066357 0.040609
0 0.959986 0.030457 0.039062 0.040609
0 0.496061 0.279941 0.668067 0.402871
0 0.190651 0.603046 0.057248 0.153299
0 0.277836 0.603046 0.057248 0.153299
0 0.365284 0.603046 0.057773 0.153299
0 0.452731 0.603046 0.057248 0.153299
0 0.539916 0.603046 0.057248 0.153299
0 0.627101 0.603046 0.057248 0.153299
0 0.714286 0.603046 0.057248 0.153299
0 0.801471 0.603046 0.057248 0.153299
5 0.271911 0.755838 0.025210 0.048731
2 0.344915 0.755838 0.127101 0.042640
1 0.174710 0.828934 0.008559 0.034518
1 0.203675 0.828934 0.024160 0.034518
1 0.238232 0.828934 0.019745 0.034518
1 0.283269 0.828934 0.045119 0.034518
0 0.245536 0.967766 0.150210 0.064467
0 0.412553 0.967766 0.150210 0.064467
0 0.579569 0.967766 0.150210 0.064467
0 0.746586 0.967766 0.150210 0.064467
