0 0.075478 0.146185 0.083730 0.062928
11 0.769224 0.146193 0.365965 0.081218
11 0.642311 0.146193 0.070124 0.081218
8 0.642311 0.146193 0.070124 0.081218
1 0.636058 0.146193 0.057617 0.024365
8 0.673221 0.146193 0.008305 0.026396
11 0.720092 0.146193 0.051823 0.081218
8 0.720092 0.146193 0.051823 0.081218
1 0.713838 0.146193 0.039317 0.024365
8 0.741851 0.146193 0.008305 0.026396
11 0.785222 0.146193 0.044823 0.081218
8 0.785222 0.146193 0.044823 0.081218
1 0.778969 0.146193 0.032317 0.024365
8 0.803481 0.146193 0.008305 0.026396
11 0.855128 0.146193 0.061376 0.081218
8 0.855128 0.146193 0.061376 0.081218
1 0.848875 0.146193 0.048869 0.024365
8 0.881664 0.146193 0.008305 0.026396
11 0.927414 0.146193 0.049583 0.081218
8 0.927414 0.146193 0.049583 0.081218
1 0.921161 0.146193 0.037077 0.024365
8 0.948053 0.146193 0.008305 0.026396
0 0.037815 0.211168 0.008403 0.024365
0 0.075072 0.211168 0.032497 0.024365
1 0.358727 0.519797 0.414801 0.040609
1 0.214511 0.519797 0.126370 0.040609
1 0.214511 0.519797 0.126370 0.040609
1 0.376633 0.519797 0.164259 0.040609
1 0.376633 0.519797 0.164259 0.040609
1 0.701726 0.264467 0.143292 0.036548
0 0.537708 0.439086 0.049895 0.018274
1 0.496061 0.530964 0.621849 0.100508
1 0.741182 0.522335 0.064379 0.052792
1 0.633851 0.522335 0.116670 0.052792
