0 0.059849 0.040609 0.052472 0.064975
0 0.109945 0.040609 0.035115 0.064975
0 0.163738 0.040609 0.038857 0.064975
1 0.170558 0.184772 0.053760 0.036548
1 0.851723 0.040609 0.073948 0.064975
1 0.851723 0.040609 0.061343 0.031472
1 0.916775 0.040609 0.043551 0.031472
1 0.959034 0.040609 0.066176 0.064975
2 0.798057 0.124056 0.320903 0.053188
1 0.943803 0.124056 0.021008 0.036945
1 0.016282 0.090958 0.017857 0.034518
1 0.975840 0.090958 0.017857 0.034518
0 0.048356 0.094749 0.029486 0.027062
0 0.106901 0.094749 0.022149 0.027062
0 0.198127 0.094749 0.094850 0.027062
0 0.290051 0.094749 0.023544 0.027062
0 0.369551 0.094749 0.070001 0.027062
0 0.465874 0.094749 0.057190 0.027062
0 0.547589 0.094749 0.040802 0.027062
0 0.608989 0.094749 0.016544 0.027062
0 0.662044 0.094749 0.024110 0.027062
0 0.734346 0.094749 0.055040 0.027062
0 0.834083 0.094749 0.078978 0.027062
0 0.937656 0.094749 0.062713 0.027062
1 0.104254 0.273969 0.031513 0.060914
1 0.887868 0.273969 0.031513 0.060914
0 0.138614 0.273969 0.110737 0.321542
0 0.257755 0.273969 0.110737 0.321542
0 0.376896 0.273969 0.110737 0.321542
0 0.496036 0.273969 0.110737 0.321542
0 0.615177 0.273969 0.110737 0.321542
0 0.734318 0.273969 0.110737 0.321542
0 0.853458 0.273969 0.110737 0.321542
0 0.958615 0.273969 0.082770 0.321542
0 0.496061 0.674841 0.892857 0.398985
