0 0.304359 0.072600 0.131303 0.088000
0 0.414128 0.088734 0.010504 0.027867
0 0.411502 0.118067 0.010504 0.027867
0 0.555127 0.110734 0.058339 0.030800
2 0.687763 0.035933 0.099790 0.024933
2 0.687763 0.065267 0.099790 0.024933
1 0.611968 0.101934 0.021731 0.026400
0 0.721610 0.102667 0.053104 0.019067
0 0.275473 0.170134 0.022059 0.023467
0 0.348998 0.170134 0.039087 0.023467
0 0.422532 0.170134 0.041262 0.023467
0 0.496057 0.170134 0.037594 0.023467
0 0.569590 0.170134 0.019613 0.023467
0 0.643120 0.170134 0.025735 0.023467
0 0.716649 0.170134 0.036371 0.023467
0 0.409401 0.486934 0.330882 0.557335
0 0.666754 0.337334 0.157563 0.027867
2 0.693015 0.631401 0.105042 0.024933
1 0.720317 0.687135 0.050437 0.048400
