1 0.197840 0.056517 0.126449 0.113035
10 0.197840 0.056517 0.126449 0.113035
10 0.187302 0.024440 0.105374 0.048880
1 0.306021 0.048880 0.057956 0.048880
10 0.301617 0.046843 0.027397 0.052953
1 0.311417 0.082994 0.047163 0.015275
0 0.398223 0.140020 0.237092 0.072301
18 0.398223 0.143075 0.237092 0.064155
0 0.398223 0.209776 0.237092 0.048880
1 0.396906 0.264257 0.234457 0.051935
1 0.396906 0.316191 0.234457 0.051935
1 0.396906 0.368126 0.234457 0.051935
1 0.396906 0.420061 0.234457 0.051935
1 0.396906 0.471996 0.234457 0.051935
1 0.396906 0.523931 0.234457 0.051935
1 0.396906 0.575866 0.234457 0.051935
1 0.396906 0.627800 0.234457 0.051935
1 0.396906 0.679735 0.234457 0.051935
1 0.396906 0.731670 0.234457 0.051935
1 0.396906 0.783605 0.234457 0.051935
1 0.396906 0.835540 0.234457 0.051935
1 0.396906 0.887475 0.234457 0.051935
1 0.396906 0.939409 0.234457 0.051935
1 0.396906 0.982688 0.234457 0.034623
20 0.533629 0.144603 0.021075 0.040733
1 0.359799 0.046334 0.029579 0.043788
1 0.362137 0.082994 0.034255 0.019348
1 0.395416 0.082994 0.021766 0.019348
4 0.437829 0.033096 0.000527 0.001018
18 0.506059 0.058045 0.136986 0.050916
18 0.568230 0.051935 0.031612 0.061100
1 0.621444 0.052953 0.031612 0.073320
1 0.666754 0.052953 0.031612 0.073320
1 0.712329 0.052953 0.037408 0.073320
1 0.757376 0.052953 0.031612 0.073320
1 0.804268 0.052953 0.031612 0.073320
17 0.847471 0.052953 0.031612 0.073320
1 0.220289 0.411405 0.171348 0.050916
1 0.583340 0.411405 0.056252 0.030550
1 0.658123 0.411405 0.082776 0.030550
1 0.735400 0.411405 0.061240 0.030550
1 0.814385 0.411405 0.086193 0.030550
1 0.312698 0.662933 0.356164 0.397149
10 0.312698 0.662933 0.356164 0.397149
1 0.587724 0.558554 0.172813 0.188391
10 0.587724 0.558554 0.172813 0.188391
1 0.771075 0.558554 0.172813 0.188391
10 0.771075 0.558554 0.172813 0.188391
1 0.587724 0.767312 0.172813 0.188391
10 0.587724 0.767312 0.172813 0.188391
1 0.771075 0.767312 0.172813 0.188391
10 0.771075 0.767312 0.172813 0.188391
1 0.221022 0.940937 0.172813 0.118126
10 0.221022 0.940937 0.172813 0.118126
1 0.404373 0.940937 0.172813 0.118126
10 0.404373 0.940937 0.172813 0.118126
1 0.587724 0.940937 0.172813 0.118126
10 0.587724 0.940937 0.172813 0.118126
1 0.771075 0.940937 0.172813 0.118126
10 0.771075 0.940937 0.172813 0.118126
1 0.962856 0.942464 0.032139 0.064155
1 0.470096 0.309063 0.432816 0.039715
1 0.484490 0.746945 0.461604 0.039715
0 0.495522 0.753055 0.527924 0.058045
0 0.309306 0.759165 0.111236 0.045825
0 0.690361 0.759165 0.093989 0.045825
