1 0.993697 0.752284 0.012605 0.024365
1 0.053867 0.809645 0.012572 0.017259
0 0.449190 0.829537 0.042386 0.017259
0 0.507480 0.829537 0.043863 0.017259
1 0.932773 0.870051 0.113445 0.129949
1 0.932773 0.918782 0.113445 0.032487
1 0.932773 0.870051 0.113445 0.032487
1 0.932773 0.821320 0.113445 0.032487
1 0.055672 0.977665 0.094538 0.032487
1 0.055672 0.997462 0.094538 0.005076
1 0.023462 0.972589 0.030118 0.022335
0 0.064863 0.009645 0.013130 0.019289
0 0.064863 0.009645 0.013130 0.019289
1 0.189601 0.327411 0.017857 0.033503
0 0.424296 0.325888 0.021681 0.024365
0 0.464528 0.325888 0.058782 0.024365
0 0.510882 0.325888 0.033925 0.024365
0 0.546473 0.325888 0.037257 0.024365
0 0.575819 0.325888 0.021435 0.024365
0 0.726128 0.325381 0.096688 0.029442
0 0.794799 0.325381 0.033302 0.029442
0 0.206416 0.393909 0.043084 0.020305
0 0.500000 0.382741 0.254727 0.064975
0 0.256458 0.446701 0.016396 0.014213
1 0.266757 0.444607 0.004202 0.017259
0 0.292160 0.446701 0.021394 0.014213
1 0.304958 0.444607 0.004202 0.017259
0 0.335449 0.446701 0.031570 0.014213
1 0.353335 0.444607 0.004202 0.017259
0 0.375972 0.446701 0.015863 0.014213
1 0.386005 0.444607 0.004202 0.017259
0 0.415388 0.446701 0.029354 0.014213
1 0.432166 0.444607 0.004202 0.017259
0 0.460585 0.446701 0.027426 0.014213
1 0.476398 0.444607 0.004202 0.017259
0 0.501530 0.446701 0.020852 0.014213
1 0.514058 0.444607 0.004202 0.017259
0 0.539259 0.446701 0.020992 0.014213
1 0.551856 0.444607 0.004202 0.017259
0 0.579175 0.446701 0.025226 0.014213
1 0.593890 0.444607 0.004202 0.017259
0 0.622969 0.446701 0.028747 0.014213
1 0.639443 0.444607 0.004202 0.017259
0 0.672322 0.446701 0.036346 0.014213
1 0.692596 0.444607 0.004202 0.017259
0 0.727416 0.446701 0.040228 0.014213
1 0.749631 0.444607 0.004202 0.017259
0 0.464171 0.498271 0.090779 0.015831
0 0.564227 0.498271 0.088326 0.015831
0 0.261354 0.600293 0.152959 0.077046
0 0.261354 0.800841 0.152959 0.043845
0 0.261354 0.986762 0.152959 0.026475
0 0.483805 0.730203 0.274086 0.372906
0 0.726653 0.827602 0.176947 0.056028
0 0.677952 0.967909 0.079545 0.064181
0 0.774828 0.967909 0.079545 0.064181
0 0.871705 0.967909 0.079545 0.064181
0 0.964405 0.967909 0.071191 0.064181
