0 0.000263 0.108122 0.000525 0.001015
0 0.822865 0.017259 0.010504 0.016244
0 0.841772 0.017259 0.010504 0.016244
0 0.860680 0.017259 0.010504 0.016244
0 0.879587 0.017259 0.010504 0.016244
11 0.929027 0.017259 0.071568 0.034518
0 0.929027 0.017259 0.071568 0.034518
11 0.929027 0.017259 0.058963 0.018274
0 0.042017 0.068433 0.029412 0.065799
11 0.108698 0.068433 0.061934 0.057456
0 0.108698 0.068433 0.061934 0.057456
11 0.103971 0.072494 0.038825 0.024968
11 0.144129 0.130663 0.115989 0.034518
0 0.144129 0.130663 0.115989 0.034518
11 0.111373 0.130663 0.033671 0.022335
11 0.265543 0.136754 0.126050 0.034518
0 0.269745 0.136754 0.100840 0.034518
11 0.230157 0.136754 0.021665 0.022335
11 0.391593 0.136754 0.126050 0.034518
0 0.395795 0.136754 0.100840 0.034518
11 0.364455 0.136754 0.038160 0.022335
11 0.265543 0.171272 0.126050 0.034518
0 0.269745 0.171272 0.100840 0.034518
11 0.232635 0.171272 0.026622 0.022335
11 0.391593 0.171272 0.126050 0.034518
0 0.395795 0.171272 0.100840 0.034518
11 0.362247 0.171272 0.033745 0.022335
11 0.265543 0.205790 0.126050 0.034518
0 0.269745 0.205790 0.100840 0.034518
11 0.244420 0.205790 0.050190 0.022335
11 0.391593 0.205790 0.126050 0.034518
0 0.395795 0.205790 0.100840 0.034518
11 0.372969 0.205790 0.055188 0.022335
11 0.265543 0.240308 0.126050 0.034518
0 0.269745 0.240308 0.100840 0.034518
11 0.230305 0.240308 0.021960 0.022335
11 0.144129 0.173303 0.115989 0.034518
0 0.144129 0.173303 0.115989 0.034518
11 0.107680 0.173303 0.026285 0.022335
11 0.265543 0.136754 0.126050 0.034518
0 0.269745 0.136754 0.100840 0.034518
11 0.246746 0.136754 0.054843 0.022335
11 0.391593 0.136754 0.126050 0.034518
0 0.395795 0.136754 0.100840 0.034518
11 0.357890 0.136754 0.025030 0.022335
11 0.265543 0.171272 0.126050 0.034518
0 0.269745 0.171272 0.100840 0.034518
11 0.259187 0.171272 0.079725 0.022335
11 0.391593 0.171272 0.126050 0.034518
0 0.395795 0.171272 0.100840 0.034518
11 0.373342 0.171272 0.055935 0.022335
11 0.265543 0.216957 0.126050 0.034518
0 0.269745 0.216957 0.100840 0.034518
11 0.235503 0.216957 0.032358 0.022335
11 0.391593 0.216957 0.126050 0.056853
0 0.395795 0.216957 0.100840 0.056853
11 0.391593 0.216957 0.092437 0.044670
11 0.265543 0.262643 0.126050 0.034518
0 0.269745 0.262643 0.100840 0.034518
11 0.252388 0.262643 0.066127 0.022335
11 0.391593 0.262643 0.126050 0.034518
0 0.395795 0.262643 0.100840 0.034518
11 0.359162 0.262643 0.027574 0.022335
11 0.265543 0.297161 0.126050 0.034518
0 0.269745 0.297161 0.100840 0.034518
11 0.231962 0.297161 0.025276 0.022335
11 0.391593 0.297161 0.126050 0.034518
0 0.395795 0.297161 0.100840 0.034518
11 0.360183 0.297161 0.029617 0.022335
11 0.265543 0.331678 0.126050 0.034518
0 0.269745 0.331678 0.100840 0.034518
11 0.259179 0.331678 0.079709 0.022335
11 0.144129 0.215942 0.115989 0.034518
0 0.144129 0.215942 0.115989 0.034518
11 0.110126 0.215942 0.031176 0.022335
11 0.144129 0.269749 0.115989 0.056853
0 0.144129 0.269749 0.115989 0.056853
11 0.120437 0.269749 0.051799 0.044670
11 0.173861 0.068433 0.068392 0.057456
0 0.173861 0.068433 0.068392 0.057456
11 0.169134 0.072494 0.045283 0.024968
11 0.206063 0.130663 0.115989 0.034518
0 0.206063 0.130663 0.115989 0.034518
11 0.176425 0.130663 0.039908 0.022335
11 0.327477 0.136754 0.126050 0.034518
0 0.331678 0.136754 0.100840 0.034518
11 0.298549 0.136754 0.034582 0.022335
11 0.453527 0.136754 0.126050 0.034518
0 0.457729 0.136754 0.100840 0.034518
11 0.434160 0.136754 0.053703 0.022335
11 0.327477 0.171272 0.126050 0.034518
0 0.331678 0.171272 0.100840 0.034518
11 0.300293 0.171272 0.038070 0.022335
11 0.453527 0.171272 0.126050 0.034518
0 0.457729 0.171272 0.100840 0.034518
11 0.432490 0.171272 0.050363 0.022335
11 0.327477 0.205790 0.126050 0.034518
0 0.331678 0.205790 0.100840 0.034518
11 0.308409 0.205790 0.054302 0.022335
11 0.453527 0.205790 0.126050 0.034518
0 0.457729 0.205790 0.100840 0.034518
11 0.432371 0.205790 0.050125 0.022335
11 0.206063 0.173303 0.115989 0.034518
0 0.206063 0.173303 0.115989 0.034518
11 0.173726 0.173303 0.034508 0.022335
11 0.327477 0.136754 0.126050 0.034518
0 0.331678 0.136754 0.100840 0.034518
11 0.324879 0.136754 0.087242 0.022335
11 0.453527 0.136754 0.126050 0.034518
0 0.457729 0.136754 0.100840 0.034518
11 0.436556 0.136754 0.058495 0.022335
11 0.327477 0.182440 0.126050 0.056853
0 0.331678 0.182440 0.100840 0.056853
11 0.327477 0.182440 0.092437 0.044670
11 0.206063 0.215942 0.115989 0.034518
0 0.206063 0.215942 0.115989 0.034518
11 0.174140 0.215942 0.035337 0.022335
11 0.206063 0.258582 0.115989 0.034518
0 0.206063 0.258582 0.115989 0.034518
11 0.196371 0.258582 0.079799 0.022335
11 0.206063 0.312389 0.115989 0.056853
0 0.206063 0.312389 0.115989 0.056853
11 0.180016 0.312389 0.047088 0.044670
11 0.206063 0.366196 0.115989 0.034518
0 0.206063 0.366196 0.115989 0.034518
11 0.181591 0.366196 0.050240 0.022335
11 0.327477 0.136754 0.126050 0.034518
0 0.331678 0.136754 0.100840 0.034518
11 0.296649 0.136754 0.030782 0.022335
11 0.453527 0.136754 0.126050 0.034518
0 0.457729 0.136754 0.100840 0.034518
11 0.423126 0.136754 0.031636 0.022335
11 0.327477 0.171272 0.126050 0.034518
0 0.331678 0.171272 0.100840 0.034518
11 0.297117 0.171272 0.031718 0.022335
11 0.453527 0.171272 0.126050 0.034518
0 0.457729 0.171272 0.100840 0.034518
11 0.428617 0.171272 0.042616 0.022335
11 0.327477 0.205790 0.126050 0.034518
0 0.331678 0.205790 0.100840 0.034518
11 0.304716 0.205790 0.046916 0.022335
11 0.206063 0.408836 0.115989 0.034518
0 0.206063 0.408836 0.115989 0.034518
11 0.180069 0.408836 0.047195 0.022335
11 0.250271 0.068433 0.084428 0.057456
0 0.250271 0.068433 0.084428 0.057456
11 0.245544 0.072494 0.061318 0.024968
11 0.274455 0.130663 0.115989 0.034518
0 0.274455 0.130663 0.115989 0.034518
11 0.237173 0.130663 0.024619 0.022335
11 0.395869 0.147922 0.126050 0.034518
0 0.400071 0.147922 0.100840 0.034518
11 0.386657 0.147922 0.074014 0.022335
11 0.521919 0.147922 0.126050 0.056853
0 0.526121 0.147922 0.100840 0.056853
11 0.521919 0.147922 0.092437 0.044670
11 0.395869 0.193607 0.126050 0.034518
0 0.400071 0.193607 0.100840 0.034518
11 0.384224 0.193607 0.069147 0.022335
11 0.521919 0.193607 0.126050 0.034518
0 0.526121 0.193607 0.100840 0.034518
11 0.496562 0.193607 0.041721 0.022335
11 0.395869 0.228125 0.126050 0.034518
0 0.400071 0.228125 0.100840 0.034518
11 0.374434 0.228125 0.049567 0.022335
11 0.521919 0.228125 0.126050 0.034518
0 0.526121 0.228125 0.100840 0.034518
11 0.500882 0.228125 0.050363 0.022335
11 0.274455 0.173303 0.115989 0.034518
0 0.274455 0.173303 0.115989 0.034518
11 0.250353 0.173303 0.050978 0.022335
11 0.274455 0.215942 0.115989 0.034518
0 0.274455 0.215942 0.115989 0.034518
11 0.245216 0.215942 0.040704 0.022335
11 0.274455 0.258582 0.115989 0.034518
0 0.274455 0.258582 0.115989 0.034518
11 0.240743 0.258582 0.031759 0.022335
11 0.274455 0.301221 0.115989 0.034518
0 0.274455 0.301221 0.115989 0.034518
11 0.259720 0.301221 0.069713 0.022335
11 0.317781 0.068433 0.050593 0.057456
0 0.317781 0.068433 0.050593 0.057456
11 0.317781 0.072494 0.036937 0.024968
11 0.386637 0.068433 0.087119 0.057456
0 0.386637 0.068433 0.087119 0.057456
11 0.386637 0.072494 0.073464 0.024968
11 0.455648 0.068433 0.050904 0.057456
0 0.455648 0.068433 0.050904 0.057456
11 0.450922 0.072494 0.027795 0.024968
11 0.496594 0.141831 0.115989 0.056853
0 0.496594 0.141831 0.115989 0.056853
11 0.470601 0.141831 0.047195 0.044670
11 0.496594 0.195638 0.115989 0.034518
0 0.496594 0.195638 0.115989 0.034518
11 0.473481 0.195638 0.052956 0.022335
11 0.618008 0.136754 0.126050 0.034518
0 0.622210 0.136754 0.100840 0.034518
11 0.612793 0.136754 0.082007 0.022335
11 0.496594 0.238277 0.115989 0.034518
0 0.496594 0.238277 0.115989 0.034518
11 0.472213 0.238277 0.050420 0.022335
11 0.496594 0.280917 0.115989 0.034518
0 0.496594 0.280917 0.115989 0.034518
11 0.476128 0.280917 0.058249 0.022335
11 0.496594 0.323556 0.115989 0.034518
0 0.496594 0.323556 0.115989 0.034518
11 0.485614 0.323556 0.077222 0.022335
11 0.496594 0.366196 0.115989 0.034518
0 0.496594 0.366196 0.115989 0.034518
11 0.462804 0.366196 0.031603 0.022335
2 0.857988 0.067925 0.058824 0.038579
1 0.882148 0.067925 0.010504 0.038579
1 0.934509 0.068433 0.060604 0.036548
1 0.921744 0.875127 0.140756 0.121827
1 0.921744 0.875127 0.123950 0.089340
0 0.512375 0.939546 0.046235 0.018274
1 0.763926 0.945146 0.436532 0.071685
1 0.686093 0.943623 0.108136 0.042243
1 0.781751 0.943623 0.065651 0.042243
1 0.856166 0.943623 0.065651 0.042243
1 0.975315 0.942608 0.023109 0.044670
