1 0.215074 0.151269 0.015756 0.034518
0 0.235819 0.151269 0.025735 0.030457
0 0.496061 0.151269 0.140756 0.029695
1 0.677287 0.151269 0.057716 0.032487
1 0.775998 0.151269 0.017857 0.032487
0 0.736607 0.151269 0.052521 0.032487
0 0.228401 0.206091 0.042411 0.040609
1 0.274554 0.206091 0.035189 0.040609
0 0.322614 0.206091 0.046227 0.040609
0 0.378373 0.206091 0.050584 0.040609
0 0.439814 0.206091 0.057593 0.040609
0 0.494933 0.206091 0.037938 0.040609
0 0.535805 0.206091 0.029100 0.040609
0 0.588350 0.206091 0.061285 0.040609
0 0.653119 0.206091 0.053547 0.040609
0 0.246968 0.243655 0.052710 0.040609
0 0.315220 0.243655 0.069090 0.040609
0 0.372317 0.243655 0.030397 0.040609
0 0.418047 0.243655 0.046358 0.040609
0 0.488966 0.243655 0.080776 0.040609
0 0.567867 0.243655 0.062319 0.040609
0 0.634240 0.243655 0.055722 0.040609
0 0.692489 0.243655 0.046071 0.040609
0 0.747193 0.243655 0.048631 0.040609
0 0.097820 0.500000 0.195641 1.000000
0 0.894301 0.500000 0.195641 1.000000
0 0.234309 0.331472 0.043724 0.017259
0 0.261366 0.377157 0.097837 0.053807
0 0.223489 0.476650 0.022083 0.017259
0 0.260434 0.522335 0.095974 0.053807
0 0.223489 0.609645 0.022083 0.017259
0 0.262133 0.655330 0.099371 0.053807
0 0.223489 0.742640 0.022083 0.017259
0 0.259322 0.779188 0.093750 0.035533
0 0.262342 0.880711 0.035468 0.017259
0 0.472426 0.498152 0.278361 0.419654
0 0.461512 0.334518 0.239726 0.057868
0 0.362075 0.384264 0.040851 0.017259
0 0.472426 0.785644 0.277311 0.120812
0 0.433705 0.763817 0.183060 0.044670
0 0.362600 0.818131 0.040851 0.017259
0 0.472426 0.923715 0.278361 0.120812
0 0.430106 0.901888 0.176914 0.044670
0 0.359880 0.956202 0.036461 0.017259
0 0.688760 0.650254 0.112288 0.017259
0 0.706145 0.823858 0.147059 0.019289
0 0.672979 0.874619 0.080726 0.035533
0 0.760242 0.906091 0.038866 0.019289
0 0.674731 0.989848 0.084231 0.020305
1 0.973739 0.913706 0.026261 0.050761
