1 0.762868 0.059898 0.157563 0.089340
1 0.714753 0.130457 0.052357 0.049746
1 0.767943 0.130457 0.043519 0.049746
1 0.816057 0.130457 0.042206 0.049746
0 0.188813 0.052284 0.078782 0.050761
0 0.469226 0.051777 0.064420 0.018274
0 0.528866 0.052284 0.039104 0.014213
0 0.580037 0.052284 0.047482 0.021320
1 0.644457 0.052284 0.065602 0.032487
0 0.170119 0.129949 0.042444 0.050761
0 0.179942 0.202030 0.041081 0.052792
0 0.223649 0.202030 0.041081 0.052792
0 0.179942 0.259898 0.041081 0.052792
0 0.223649 0.259898 0.041081 0.052792
0 0.179942 0.317766 0.041081 0.052792
0 0.223649 0.317766 0.041081 0.052792
0 0.179942 0.375635 0.041081 0.052792
0 0.223649 0.375635 0.041081 0.052792
0 0.223760 0.129949 0.054335 0.050761
0 0.240891 0.202030 0.067588 0.052792
0 0.311105 0.202030 0.067588 0.052792
0 0.240891 0.259898 0.067588 0.052792
0 0.311105 0.259898 0.067588 0.052792
0 0.240891 0.317766 0.067588 0.052792
0 0.311105 0.317766 0.067588 0.052792
0 0.240891 0.375635 0.067588 0.052792
0 0.311105 0.375635 0.067588 0.052792
0 0.240891 0.433503 0.067588 0.052792
0 0.278562 0.129949 0.044766 0.050761
0 0.313218 0.202030 0.093069 0.052792
0 0.408913 0.202030 0.093069 0.052792
0 0.313218 0.259898 0.093069 0.052792
0 0.408913 0.259898 0.093069 0.052792
0 0.313218 0.317766 0.093069 0.052792
0 0.408913 0.317766 0.093069 0.052792
0 0.355863 0.129949 0.099330 0.050761
0 0.378414 0.243655 0.123424 0.052792
0 0.378414 0.301523 0.123424 0.052792
0 0.382353 0.359391 0.123424 0.052792
0 0.382353 0.417259 0.123424 0.052792
0 0.382353 0.475127 0.123424 0.052792
0 0.511029 0.243655 0.123424 0.052792
0 0.511029 0.301523 0.123424 0.052792
0 0.511029 0.359391 0.123424 0.052792
0 0.511029 0.417259 0.123424 0.052792
0 0.511029 0.475127 0.123424 0.052792
0 0.382353 0.549239 0.123424 0.052792
0 0.511029 0.549239 0.123424 0.052792
0 0.440040 0.129949 0.050642 0.050761
1 0.547269 0.320685 0.040441 0.078173
1 0.652311 0.303299 0.012605 0.024365
0 0.172449 0.200809 0.017168 0.019892
0 0.284664 0.279791 0.241597 0.121827
0 0.284664 0.382329 0.241597 0.073096
0 0.415966 0.491014 0.504202 0.032281
0 0.415966 0.528371 0.504202 0.032281
0 0.415966 0.565728 0.504202 0.032281
0 0.178325 0.789277 0.033121 0.019892
0 0.216058 0.845876 0.108587 0.068528
0 0.314785 0.789277 0.039497 0.019892
0 0.349330 0.857297 0.108587 0.091371
0 0.441812 0.789308 0.027007 0.019892
0 0.482602 0.857329 0.108587 0.091371
0 0.590443 0.789261 0.057724 0.019892
0 0.615874 0.857281 0.108587 0.091371
1 0.579594 0.928347 0.036026 0.030457
1 0.629661 0.928347 0.054655 0.030457
0 0.810727 0.443147 0.061318 0.013198
1 0.725180 0.946669 0.067744 0.042243
1 0.804934 0.946669 0.073808 0.042243
1 0.983193 0.943115 0.023109 0.044670
