0 0.032477 0.005584 0.064954 0.011168
0 0.032588 0.014721 0.065175 0.013198
0 0.025752 0.024873 0.051503 0.013198
0 0.034052 0.035025 0.068105 0.013198
0 0.979517 0.975635 0.018908 0.036548
0 0.950105 0.030457 0.018908 0.036548
0 0.975315 0.030457 0.018908 0.036548
0 0.292041 0.032487 0.038866 0.036548
0 0.292858 0.083249 0.064970 0.028426
0 0.349404 0.083249 0.045513 0.028426
0 0.402155 0.083249 0.057379 0.028426
0 0.455357 0.083249 0.046415 0.028426
0 0.504472 0.083249 0.049206 0.028426
0 0.573435 0.083249 0.086110 0.028426
0 0.045127 0.125888 0.049764 0.028426
0 0.091062 0.125888 0.039497 0.028426
0 0.133920 0.125888 0.043609 0.028426
0 0.179860 0.125888 0.045660 0.028426
0 0.228388 0.125888 0.048787 0.028426
0 0.277015 0.125888 0.045857 0.028426
0 0.343290 0.125888 0.084083 0.028426
0 0.420135 0.125888 0.066997 0.028426
0 0.502343 0.125888 0.094809 0.028426
0 0.581100 0.125888 0.060096 0.028426
0 0.631454 0.125888 0.038004 0.028426
0 0.680722 0.125888 0.057921 0.028426
0 0.732180 0.125888 0.042386 0.028426
0 0.802299 0.125888 0.095244 0.028426
0 0.890001 0.125888 0.077551 0.028426
0 0.950979 0.125888 0.041795 0.028426
0 0.496061 0.154315 0.054195 0.028426
0 0.638159 0.083249 0.040728 0.028426
0 0.695784 0.083249 0.071913 0.028426
0 0.048319 0.032487 0.016807 0.040609
0 0.067227 0.032487 0.016807 0.040609
0 0.339606 0.030457 0.043658 0.036548
0 0.388065 0.030457 0.050650 0.036548
0 0.431731 0.030457 0.034073 0.036548
0 0.473514 0.030457 0.046883 0.036548
0 0.523836 0.030457 0.051151 0.036548
0 0.576984 0.030457 0.052537 0.036548
0 0.619280 0.030457 0.029445 0.036548
0 0.660292 0.030457 0.049969 0.036548
0 0.703043 0.030457 0.032924 0.036548
0 0.255851 0.167259 0.139328 0.074619
0 0.260504 0.509486 0.148634 0.120114
0 0.260504 0.416497 0.148634 0.354822
0 0.260504 0.848739 0.148634 0.129584
0 0.260504 0.761842 0.148634 0.303379
0 0.574580 0.789737 0.462710 0.070717
0 0.375985 0.842862 0.065520 0.013198
0 0.574580 0.561025 0.462710 0.643877
0 0.260504 0.968441 0.148634 0.063119
0 0.417542 0.968441 0.148634 0.063119
0 0.574580 0.968441 0.148634 0.063119
0 0.731618 0.968441 0.148634 0.063119
1 0.496061 0.864673 0.992122 0.270654
0 0.358764 0.966482 0.058963 0.015228
1 0.481490 0.858510 0.103967 0.019813
1 0.886304 0.864673 0.132279 0.176475
1 0.880556 0.810755 0.092453 0.042243
1 0.882886 0.866196 0.097115 0.042243
1 0.881943 0.921637 0.095227 0.042243
