17 0.248419 0.029022 0.028978 0.056008
1 0.497567 0.029022 0.092639 0.029150
0 0.712267 0.031059 0.046488 0.015275
5 0.712267 0.031059 0.046488 0.015275
17 0.712267 0.031059 0.046488 0.015275
19 0.749473 0.029022 0.017387 0.033605
19 0.749473 0.029022 0.008957 0.019348
17 0.741916 0.056517 0.032501 0.015275
17 0.748596 0.056517 0.019140 0.015275
1 0.291384 0.089613 0.039861 0.018330
1 0.353983 0.089613 0.062154 0.018330
1 0.417701 0.089613 0.042100 0.018330
1 0.466601 0.089613 0.032518 0.018330
1 0.499391 0.089613 0.009879 0.018330
1 0.528484 0.089613 0.025125 0.018330
1 0.572511 0.089613 0.039746 0.018330
1 0.628190 0.089613 0.048431 0.018330
1 0.696272 0.089613 0.064550 0.028513
1 0.459604 0.416497 0.277480 0.016293
1 0.316674 0.611762 0.154949 0.323320
1 0.326569 0.904054 0.150504 0.058618
1 0.326569 0.971773 0.150504 0.056454
10 0.589741 0.640872 0.342120 0.371356
1 0.578866 0.899663 0.309833 0.138079
10 0.500000 0.083439 0.273973 0.025458
1 0.491529 0.174675 0.073696 0.019348
0 0.426238 0.257256 0.126449 0.050916
0 0.426234 0.257256 0.066542 0.017916
0 0.573762 0.257256 0.126449 0.050916
1 0.455080 0.362748 0.093083 0.016293
1 0.487042 0.447564 0.248057 0.040526
1 0.517807 0.556613 0.101291 0.016293
1 0.440521 0.629312 0.121378 0.016293
1 0.555741 0.653545 0.100056 0.016293
1 0.397450 0.677778 0.068872 0.016293
1 0.497053 0.702011 0.038149 0.016293
1 0.578104 0.750477 0.109070 0.016293
1 0.395095 0.917157 0.064163 0.024233
1 0.454916 0.917157 0.044940 0.024233
