6 0.138655 0.021827 0.000525 0.001015
5 0.144170 0.032487 0.010504 0.020305
0 0.172532 0.032487 0.033613 0.064975
0 0.237091 0.034518 0.082901 0.019797
0 0.310953 0.034518 0.048016 0.019797
0 0.366408 0.034518 0.046087 0.019797
0 0.412142 0.034518 0.028575 0.019797
0 0.448021 0.034518 0.026375 0.019797
0 0.479287 0.034518 0.019351 0.019797
0 0.507103 0.034518 0.019474 0.019797
0 0.545812 0.034518 0.041139 0.019797
1 0.630199 0.034518 0.110828 0.030457
1 0.844800 0.032487 0.016807 0.032487
0 0.425699 0.088325 0.039834 0.014213
0 0.695924 0.088325 0.019523 0.014213
1 0.210347 0.241117 0.142857 0.048731
0 0.204791 0.322843 0.131746 0.043655
0 0.206239 0.429442 0.134643 0.043655
0 0.206367 0.536041 0.134897 0.043655
0 0.208352 0.654822 0.138869 0.068020
0 0.208837 0.785787 0.139837 0.068020
0 0.203839 0.892386 0.129842 0.068020
0 0.208057 0.982487 0.138278 0.035025
0 0.575893 0.367203 0.554622 0.379077
0 0.437237 0.664102 0.277311 0.117259
0 0.714548 0.664102 0.277311 0.117259
0 0.437237 0.836437 0.277311 0.097462
0 0.714548 0.846336 0.277311 0.117259
0 0.437237 0.984970 0.277311 0.030060
0 0.714548 0.984970 0.277311 0.030060
0 0.206486 0.890736 0.044881 0.015228
1 0.239233 0.942330 0.091912 0.042243
1 0.326155 0.942330 0.068277 0.042243
