1 0.500000 0.236548 0.315126 0.048731
1 0.477100 0.327411 0.052119 0.015228
1 0.500000 0.755330 0.315126 0.113706
1 0.497374 0.775635 0.284664 0.040609
1 0.500000 0.735025 0.289916 0.040609
1 0.185108 0.024365 0.042485 0.040609
0 0.242495 0.024365 0.047080 0.016244
13 0.223157 0.024365 0.008403 0.016244
0 0.294585 0.024365 0.031890 0.016244
13 0.282842 0.024365 0.008403 0.016244
0 0.342700 0.024365 0.039128 0.016244
13 0.327337 0.024365 0.008403 0.016244
0 0.390990 0.024365 0.032243 0.016244
0 0.442001 0.024365 0.044569 0.016244
13 0.423918 0.024365 0.008403 0.016244
1 0.485294 0.024365 0.016807 0.032487
2 0.530987 0.024365 0.108193 0.032487
1 0.168067 0.081218 0.025210 0.064975
1 0.168067 0.075127 0.008403 0.002030
1 0.168067 0.081218 0.008403 0.002030
1 0.168067 0.087310 0.008403 0.002030
0 0.199580 0.085279 0.037815 0.073096
0 0.254206 0.081218 0.037823 0.064975
0 0.223169 0.178680 0.126485 0.040609
0 0.197984 0.227411 0.076114 0.040609
0 0.267213 0.227411 0.053941 0.040609
0 0.197303 0.276142 0.074752 0.040609
0 0.261743 0.276142 0.045726 0.040609
0 0.208529 0.324873 0.097205 0.040609
8 0.368172 0.261945 0.000525 0.296478
0 0.434743 0.210533 0.099002 0.020305
0 0.408363 0.282265 0.046243 0.016244
0 0.434743 0.325920 0.099002 0.054822
0 0.550551 0.210533 0.099002 0.020305
0 0.517291 0.282265 0.032481 0.016244
0 0.550551 0.325920 0.099002 0.054822
0 0.666360 0.210533 0.099002 0.020305
0 0.633215 0.282265 0.032711 0.016244
0 0.666360 0.325920 0.099002 0.054822
0 0.782169 0.210533 0.099002 0.020305
0 0.782169 0.358407 0.099002 0.103553
0 0.293658 0.081218 0.041081 0.064975
0 0.171358 0.168528 0.022863 0.020305
0 0.185588 0.205076 0.051323 0.020305
0 0.186655 0.241624 0.053457 0.020305
0 0.173204 0.278173 0.026556 0.020305
0 0.191111 0.314721 0.062369 0.020305
8 0.266282 0.229442 0.000525 0.231472
0 0.315893 0.168528 0.065085 0.020305
0 0.302209 0.205076 0.037717 0.020305
0 0.309066 0.251777 0.051430 0.040609
0 0.313555 0.298477 0.060407 0.020305
0 0.313374 0.335025 0.060046 0.020305
0 0.417993 0.168528 0.073907 0.020305
0 0.424513 0.205076 0.086947 0.020305
0 0.406110 0.241624 0.050141 0.020305
0 0.409262 0.298477 0.056444 0.020305
8 0.487395 0.229442 0.000525 0.231472
0 0.601103 0.191672 0.193277 0.066593
0 0.601103 0.274508 0.193277 0.066593
0 0.332552 0.081218 0.036707 0.064975
0 0.171210 0.168528 0.022568 0.020305
0 0.178067 0.205076 0.036281 0.020305
0 0.182445 0.241624 0.045037 0.020305
0 0.171337 0.278173 0.022822 0.020305
0 0.168203 0.314721 0.016552 0.020305
0 0.273450 0.168528 0.031669 0.020305
0 0.269617 0.205076 0.024004 0.020305
0 0.264907 0.241624 0.014583 0.020305
0 0.277561 0.278173 0.039891 0.020305
0 0.266085 0.314721 0.016938 0.020305
8 0.363971 0.219289 0.000525 0.211168
0 0.398499 0.168528 0.034918 0.020305
0 0.406143 0.205076 0.050207 0.020305
0 0.416791 0.241624 0.071502 0.020305
0 0.400571 0.278173 0.039062 0.020305
0 0.502023 0.168528 0.046588 0.020305
0 0.515059 0.205076 0.072660 0.020305
0 0.503980 0.241624 0.050502 0.020305
0 0.512605 0.288325 0.067752 0.040609
8 0.585084 0.219289 0.000525 0.211168
0 0.698792 0.191672 0.193277 0.066593
0 0.375693 0.081218 0.049575 0.064975
0 0.425211 0.081218 0.049460 0.064975
0 0.177279 0.168528 0.034705 0.020305
0 0.177841 0.205076 0.035829 0.020305
0 0.175605 0.241624 0.031357 0.020305
8 0.266282 0.210755 0.000525 0.194099
0 0.313891 0.168528 0.061080 0.020305
0 0.315081 0.205076 0.063460 0.020305
0 0.294893 0.241624 0.023085 0.020305
0 0.310543 0.278173 0.054384 0.020305
0 0.404244 0.168528 0.046407 0.020305
0 0.406484 0.205076 0.050888 0.020305
0 0.393510 0.241624 0.024939 0.020305
0 0.408515 0.278173 0.054950 0.020305
8 0.487395 0.210755 0.000525 0.194099
0 0.601103 0.191672 0.193277 0.066593
0 0.601103 0.274508 0.193277 0.066593
0 0.468561 0.081218 0.037241 0.064975
0 0.183643 0.168528 0.047433 0.020305
0 0.184082 0.205076 0.048311 0.020305
0 0.178108 0.241624 0.036363 0.020305
0 0.182248 0.278173 0.044643 0.020305
0 0.187049 0.314721 0.054244 0.020305
8 0.266282 0.219289 0.000525 0.211168
0 0.305631 0.168528 0.044561 0.020305
0 0.316427 0.205076 0.066152 0.020305
0 0.297782 0.241624 0.028862 0.020305
0 0.315216 0.278173 0.063731 0.020305
0 0.420476 0.168528 0.078872 0.020305
0 0.416110 0.205076 0.070140 0.020305
0 0.391696 0.241624 0.021312 0.020305
0 0.411367 0.288325 0.060654 0.040609
0 0.502839 0.081218 0.031316 0.064975
0 0.181386 0.168528 0.042920 0.020305
0 0.173098 0.205076 0.026343 0.020305
0 0.172051 0.241624 0.024250 0.020305
0 0.169959 0.278173 0.020065 0.020305
0 0.175268 0.314721 0.030684 0.020305
0 0.171420 0.351269 0.022986 0.020305
0 0.198997 0.387817 0.078141 0.020305
8 0.266282 0.255838 0.000525 0.284264
0 0.296272 0.168528 0.025842 0.020305
0 0.311343 0.205076 0.055984 0.020305
0 0.297946 0.241624 0.029190 0.020305
0 0.300297 0.278173 0.033892 0.020305
8 0.389706 0.255838 0.000525 0.284264
0 0.503414 0.191672 0.193277 0.066593
0 0.503414 0.274508 0.193277 0.066593
0 0.539793 0.081218 0.042591 0.064975
0 0.185416 0.168528 0.050978 0.020305
0 0.169667 0.205076 0.019482 0.020305
0 0.173323 0.241624 0.026794 0.020305
0 0.165929 0.278173 0.012006 0.020305
0 0.170582 0.314721 0.021312 0.020305
0 0.171461 0.351269 0.023068 0.020305
0 0.174641 0.387817 0.029428 0.020305
8 0.266282 0.255838 0.000525 0.284264
0 0.300096 0.168528 0.033490 0.020305
0 0.317785 0.205076 0.068868 0.020305
0 0.311318 0.241624 0.055935 0.020305
0 0.291213 0.278173 0.015723 0.020305
0 0.308175 0.314721 0.049649 0.020305
0 0.315298 0.351269 0.063895 0.020305
0 0.418112 0.168528 0.074145 0.020305
0 0.413238 0.205076 0.064396 0.020305
0 0.394884 0.241624 0.027688 0.020305
0 0.395323 0.278173 0.028567 0.020305
0 0.404375 0.314721 0.046670 0.020305
0 0.418125 0.351269 0.074170 0.020305
0 0.578285 0.081218 0.034393 0.064975
0 0.182330 0.168528 0.044807 0.020305
0 0.173012 0.205076 0.026170 0.020305
0 0.171403 0.241624 0.022953 0.020305
0 0.176405 0.278173 0.032957 0.020305
8 0.266282 0.210755 0.000525 0.194099
0 0.295915 0.168528 0.025128 0.020305
0 0.306349 0.205076 0.045997 0.020305
0 0.320284 0.241624 0.073866 0.020305
8 0.389706 0.210755 0.000525 0.194099
0 0.503414 0.191672 0.193277 0.066593
0 0.503414 0.274508 0.193277 0.066593
0 0.614992 0.081218 0.039021 0.064975
0 0.183971 0.168528 0.048090 0.020305
0 0.181029 0.205076 0.042206 0.020305
0 0.176680 0.241624 0.033507 0.020305
0 0.178863 0.278173 0.037873 0.020305
8 0.266282 0.201015 0.000525 0.174619
0 0.308737 0.168528 0.050773 0.020305
0 0.661736 0.081218 0.054466 0.064975
0 0.255769 0.146193 0.040950 0.064975
0 0.174632 0.168528 0.029412 0.020305
0 0.185030 0.205076 0.050207 0.020305
0 0.179585 0.241624 0.039317 0.020305
0 0.182564 0.278173 0.045275 0.020305
0 0.180377 0.314721 0.040901 0.020305
0 0.201861 0.361421 0.083869 0.040609
0 0.289034 0.168528 0.062836 0.020305
0 0.289715 0.205076 0.064199 0.020305
0 0.289481 0.241624 0.063731 0.020305
0 0.279285 0.278173 0.043338 0.020305
0 0.279391 0.314721 0.043551 0.020305
8 0.363971 0.286294 0.000525 0.345178
0 0.414698 0.178680 0.067317 0.040609
0 0.407378 0.225381 0.052677 0.020305
0 0.417312 0.261929 0.072545 0.020305
0 0.414272 0.298477 0.066464 0.020305
0 0.413480 0.345178 0.064880 0.040609
0 0.408179 0.391878 0.054277 0.020305
0 0.418752 0.428426 0.075425 0.020305
0 0.511567 0.178680 0.065676 0.040609
0 0.497435 0.225381 0.037413 0.020305
0 0.493299 0.261929 0.029141 0.020305
0 0.507234 0.298477 0.057010 0.020305
0 0.516056 0.345178 0.074654 0.040609
0 0.514103 0.391878 0.070747 0.020305
0 0.513820 0.438579 0.070181 0.040609
8 0.585084 0.286294 0.000525 0.345178
0 0.618533 0.168528 0.032760 0.020305
0 0.630732 0.205076 0.057158 0.020305
0 0.616408 0.241624 0.028509 0.020305
0 0.633797 0.278173 0.063288 0.020305
0 0.639612 0.314721 0.074916 0.020305
0 0.210330 0.570558 0.016807 0.032487
0 0.235540 0.570558 0.016807 0.032487
0 0.260750 0.570558 0.016807 0.032487
0 0.285960 0.570558 0.016807 0.032487
0 0.311171 0.570558 0.016807 0.032487
0 0.376297 0.570558 0.088235 0.158376
0 0.472935 0.570558 0.088235 0.158376
1 0.767660 0.081218 0.040720 0.032487
1 0.820481 0.081218 0.031307 0.032487
0 0.360848 0.449239 0.107053 0.017259
0 0.450031 0.449239 0.053457 0.017259
0 0.500521 0.449239 0.029666 0.017259
0 0.550145 0.449239 0.051725 0.017259
0 0.595404 0.449239 0.020935 0.017259
0 0.653735 0.449239 0.077871 0.017259
0 0.411239 0.669099 0.494748 0.290482
0 0.242122 0.947557 0.156513 0.021320
0 0.411239 0.947557 0.156513 0.021320
0 0.580357 0.947557 0.156513 0.021320
0 0.695419 0.552078 0.030544 0.021923
0 0.751050 0.614816 0.141807 0.054822
0 0.751050 0.703141 0.141807 0.054822
0 0.751050 0.791466 0.141807 0.054822
0 0.751050 0.879791 0.141807 0.054822
0 0.751050 0.958978 0.141807 0.036548
0 0.792739 0.908217 0.068934 0.040609
