0 0.214173 0.314664 0.015806 0.034623
1 0.234984 0.314664 0.025817 0.030550
18 0.233667 0.314664 0.012645 0.024440
1 0.496048 0.314664 0.141201 0.029786
10 0.496048 0.314664 0.141201 0.029786
17 0.677848 0.314664 0.057898 0.032587
10 0.661543 0.314664 0.008430 0.016293
19 0.776870 0.314664 0.017914 0.032587
10 0.776870 0.314664 0.008430 0.016293
1 0.737355 0.314664 0.052687 0.032587
1 0.227542 0.369654 0.042545 0.040733
17 0.273841 0.369654 0.035300 0.040733
1 0.322054 0.369654 0.046373 0.040733
1 0.377988 0.369654 0.050744 0.040733
1 0.439624 0.369654 0.057775 0.040733
1 0.494917 0.369654 0.038058 0.040733
1 0.535918 0.369654 0.029192 0.040733
1 0.577450 0.369654 0.039120 0.040733
1 0.631244 0.369654 0.053716 0.040733
1 0.246168 0.407332 0.052876 0.040733
1 0.314636 0.407332 0.069308 0.040733
1 0.371913 0.407332 0.030493 0.040733
1 0.417788 0.407332 0.046505 0.040733
1 0.488932 0.407332 0.081031 0.040733
1 0.568082 0.407332 0.062516 0.040733
1 0.634665 0.407332 0.055898 0.040733
1 0.693098 0.407332 0.046216 0.040733
1 0.747975 0.407332 0.048785 0.040733
1 0.233395 0.495418 0.043714 0.017312
1 0.259023 0.541242 0.094968 0.053971
1 0.242072 0.641039 0.061068 0.017312
1 0.259068 0.705193 0.095059 0.090631
1 0.224620 0.774440 0.026162 0.017312
1 0.254524 0.820265 0.085970 0.053971
1 0.222615 0.907841 0.022153 0.017312
1 0.260858 0.953666 0.098640 0.053971
1 0.472339 0.676800 0.278188 0.447286
1 0.470767 0.526986 0.258183 0.058045
1 0.362166 0.576884 0.040981 0.017312
10 0.472339 0.741933 0.261328 0.284273
1 0.472339 0.958877 0.279241 0.082246
1 0.433553 0.956450 0.184808 0.044807
10 0.572972 0.967024 0.061117 0.065953
1 0.667549 0.815173 0.069028 0.017312
1 0.706797 0.989308 0.147524 0.019348
10 0.706797 0.915479 0.147524 0.160896
0 0.973656 0.913442 0.026344 0.050916
