0 0.165966 0.072081 0.084034 0.081218
0 0.667723 0.072081 0.052734 0.032487
0 0.745347 0.072081 0.076254 0.024365
0 0.808881 0.072081 0.024554 0.028426
1 0.855169 0.072081 0.041762 0.032487
0 0.149414 0.154315 0.050929 0.020305
0 0.214860 0.154315 0.046350 0.020305
0 0.278525 0.154315 0.047367 0.020305
0 0.328946 0.154315 0.019860 0.020305
0 0.371377 0.154315 0.031390 0.020305
0 0.440565 0.154315 0.073373 0.020305
0 0.506364 0.154315 0.024611 0.020305
0 0.542985 0.154315 0.015018 0.020305
0 0.587829 0.154315 0.041057 0.020305
0 0.641466 0.154315 0.032604 0.020305
0 0.710248 0.154315 0.071347 0.020305
0 0.775415 0.154315 0.025374 0.020305
0 0.836356 0.154315 0.062894 0.020305
0 0.259684 0.566148 0.271468 0.081218
0 0.547958 0.250761 0.271468 0.056853
0 0.547958 0.474112 0.271468 0.085279
0 0.187615 0.910343 0.127331 0.040609
0 0.331752 0.910343 0.127331 0.040609
0 0.475890 0.910343 0.127331 0.040609
0 0.620027 0.920495 0.127331 0.060914
0 0.788537 0.456837 0.175026 0.073096
0 0.756303 0.925286 0.071642 0.040609
1 0.974790 0.878997 0.016807 0.032487
