1 0.221549 0.249491 0.119600 0.053971
1 0.670270 0.249491 0.110462 0.044807
0 0.773446 0.249491 0.080084 0.044807
1 0.832982 0.247963 0.023182 0.040733
1 0.207612 0.318228 0.029208 0.012220
1 0.244702 0.318228 0.032328 0.012220
1 0.280563 0.318228 0.026747 0.012220
1 0.335682 0.318228 0.070848 0.012220
1 0.408930 0.318228 0.063002 0.012220
1 0.449820 0.318228 0.006133 0.012220
1 0.481794 0.318228 0.045171 0.012220
1 0.524578 0.318228 0.027751 0.012220
1 0.566382 0.318228 0.043212 0.012220
1 0.614002 0.318228 0.039384 0.012220
1 0.666565 0.318228 0.053099 0.012220
1 0.721207 0.318228 0.043541 0.012220
17 0.157798 0.367108 0.013172 0.025458
1 0.203475 0.367617 0.062377 0.013238
1 0.255277 0.367617 0.030690 0.013238
1 0.294525 0.367617 0.037268 0.013238
1 0.335699 0.367617 0.034543 0.013238
1 0.371423 0.367617 0.026368 0.013238
1 0.407114 0.367617 0.034477 0.013238
1 0.455315 0.367617 0.051386 0.013238
1 0.493435 0.367617 0.014316 0.013238
1 0.519202 0.367617 0.026681 0.013238
1 0.549402 0.367617 0.023182 0.013238
1 0.284284 0.427699 0.158991 0.016293
1 0.444654 0.427699 0.122761 0.016293
10 0.321918 0.672233 0.339305 0.320026
1 0.321918 0.756110 0.341412 0.487780
10 0.585880 0.587576 0.161749 0.150713
1 0.585880 0.672607 0.165437 0.320774
10 0.761855 0.587576 0.161749 0.150713
1 0.761855 0.672607 0.165437 0.320774
10 0.585880 0.926680 0.161749 0.146640
1 0.585880 0.926680 0.165437 0.146640
10 0.809009 0.922098 0.071128 0.137475
1 0.761855 0.924644 0.165437 0.142566
