1 0.195732 0.032587 0.065332 0.020367
18 0.376828 0.032587 0.275784 0.040733
18 0.495752 0.032587 0.037935 0.040733
1 0.557655 0.032077 0.022647 0.026668
1 0.600929 0.032077 0.030180 0.026668
1 0.646087 0.032077 0.026418 0.026668
0 0.690645 0.032077 0.028978 0.026668
1 0.211538 0.104379 0.096944 0.029532
1 0.211538 0.151731 0.096944 0.028513
1 0.211538 0.188391 0.096944 0.028513
1 0.211538 0.225051 0.096944 0.028513
1 0.211538 0.261711 0.096944 0.028513
1 0.211538 0.298371 0.096944 0.028513
1 0.211538 0.335031 0.096944 0.028513
1 0.211538 0.371690 0.096944 0.028513
1 0.211538 0.408350 0.096944 0.028513
1 0.211538 0.445010 0.096944 0.028513
1 0.211538 0.481670 0.096944 0.028513
1 0.211538 0.518330 0.096944 0.028513
1 0.325342 0.104379 0.096944 0.029532
1 0.325342 0.151731 0.096944 0.028513
1 0.325342 0.188391 0.096944 0.028513
1 0.325342 0.225051 0.096944 0.028513
1 0.325342 0.261711 0.096944 0.028513
1 0.325342 0.298371 0.096944 0.028513
1 0.325342 0.335031 0.096944 0.028513
1 0.325342 0.371690 0.096944 0.028513
1 0.325342 0.408350 0.096944 0.028513
1 0.325342 0.445010 0.096944 0.028513
1 0.439146 0.104379 0.096944 0.029532
1 0.439146 0.151731 0.096944 0.028513
1 0.439146 0.188391 0.096944 0.028513
1 0.439146 0.225051 0.096944 0.028513
1 0.439146 0.261711 0.096944 0.028513
1 0.439146 0.298371 0.096944 0.028513
1 0.439146 0.335031 0.096944 0.028513
1 0.439146 0.371690 0.096944 0.028513
1 0.552950 0.104379 0.096944 0.029532
1 0.552950 0.151731 0.096944 0.028513
1 0.552950 0.188391 0.096944 0.028513
1 0.552950 0.225051 0.096944 0.028513
1 0.552950 0.261711 0.096944 0.028513
1 0.552950 0.298371 0.096944 0.028513
1 0.552950 0.335031 0.096944 0.028513
1 0.552950 0.371690 0.096944 0.028513
1 0.552950 0.408350 0.096944 0.028513
1 0.552950 0.445010 0.096944 0.028513
1 0.666754 0.104379 0.096944 0.029532
1 0.666754 0.151731 0.096944 0.028513
1 0.666754 0.188391 0.096944 0.028513
1 0.666754 0.225051 0.096944 0.028513
1 0.666754 0.261711 0.096944 0.028513
1 0.666754 0.298371 0.096944 0.028513
1 0.666754 0.335031 0.096944 0.028513
1 0.666754 0.371690 0.096944 0.028513
16 0.666754 0.408350 0.096944 0.028513
1 0.666754 0.445010 0.096944 0.028513
1 0.666754 0.481670 0.096944 0.028513
1 0.780558 0.151731 0.096944 0.028513
1 0.780558 0.188391 0.096944 0.028513
1 0.780558 0.225051 0.096944 0.028513
1 0.780558 0.286660 0.096944 0.029532
0 0.780558 0.342159 0.096944 0.044807
1 0.759179 0.032587 0.026953 0.036660
1 0.808483 0.032587 0.041096 0.040733
1 0.185467 0.086049 0.057445 0.038697
1 0.229329 0.086049 0.021849 0.038697
1 0.263003 0.086049 0.037070 0.038697
1 0.302263 0.086049 0.033020 0.038697
1 0.345248 0.086049 0.044521 0.038697
1 0.404303 0.086049 0.065159 0.038697
1 0.458772 0.086049 0.035350 0.038697
1 0.499712 0.086049 0.038099 0.038697
1 0.555622 0.086049 0.065291 0.038697
1 0.617447 0.086049 0.049929 0.038697
0 0.651549 0.090631 0.018276 0.017312
10 0.309396 0.567106 0.292660 0.274742
1 0.554914 0.567098 0.159107 0.211176
1 0.209641 0.792682 0.093149 0.151970
10 0.209641 0.762212 0.093149 0.091029
1 0.309112 0.792682 0.093149 0.151970
10 0.309112 0.762212 0.093149 0.091029
1 0.408584 0.792682 0.093149 0.151970
10 0.408584 0.762212 0.093149 0.091029
1 0.508055 0.783883 0.093149 0.134372
10 0.508055 0.762212 0.093149 0.091029
1 0.607527 0.792682 0.093149 0.151970
10 0.607527 0.762212 0.093149 0.091029
1 0.233667 0.964271 0.141201 0.071458
10 0.233667 0.964271 0.141201 0.071458
1 0.471286 0.972871 0.312961 0.048753
1 0.799797 0.727493 0.035284 0.017200
0 0.824289 0.727485 0.009484 0.020367
1 0.725237 0.853997 0.108535 0.017598
10 0.804268 0.853583 0.049526 0.013557
