1 0.154412 0.586802 0.018908 0.036548
1 0.088235 0.813198 0.151261 0.040609
1 0.088235 0.865990 0.151261 0.040609
1 0.088235 0.918782 0.151261 0.040609
0 0.042805 0.969543 0.060399 0.020305
0 0.171744 0.411168 0.016807 0.040609
1 0.180672 0.346907 0.033613 0.015641
0 0.499992 0.377665 0.172269 0.093401
0 0.810034 0.343147 0.052201 0.016244
0 0.171744 0.027411 0.016807 0.040609
1 0.500000 0.723858 0.331933 0.552284
0 0.499996 0.956916 0.308799 0.086168
1 0.244748 0.748223 0.161765 0.503553
0 0.240456 0.932281 0.153181 0.135438
1 0.755252 0.748223 0.161765 0.503553
0 0.747321 0.882939 0.145902 0.070860
1 0.499795 0.516846 0.101366 0.036929
1 0.499795 0.516846 0.101366 0.016244
