1 0.000263 0.108452 0.000527 0.001018
1 0.822305 0.017312 0.010537 0.016293
1 0.841272 0.017312 0.010537 0.016293
1 0.860239 0.017312 0.010537 0.016293
1 0.879207 0.017312 0.010537 0.016293
17 0.928803 0.017312 0.071794 0.034623
1 0.928803 0.017312 0.071794 0.034623
17 0.928803 0.017312 0.059149 0.018330
1 0.042150 0.068642 0.029505 0.066001
10 0.042150 0.068642 0.029505 0.066001
17 0.109042 0.068642 0.062130 0.057631
1 0.109042 0.068642 0.062130 0.057631
17 0.104300 0.072715 0.038947 0.025045
17 0.144585 0.131062 0.116356 0.034623
1 0.144585 0.131062 0.116356 0.034623
17 0.111725 0.131062 0.033777 0.022403
17 0.266382 0.137172 0.126449 0.034623
1 0.270597 0.137172 0.101159 0.034623
17 0.230884 0.137172 0.021733 0.022403
17 0.392831 0.137172 0.126449 0.034623
1 0.397046 0.137172 0.101159 0.034623
17 0.365607 0.137172 0.038280 0.022403
17 0.266382 0.171795 0.126449 0.034623
1 0.270597 0.171795 0.101159 0.034623
17 0.233371 0.171795 0.026706 0.022403
17 0.392831 0.171795 0.126449 0.034623
1 0.397046 0.171795 0.101159 0.034623
17 0.363392 0.171795 0.033851 0.022403
17 0.266382 0.206419 0.126449 0.034623
1 0.270597 0.206419 0.101159 0.034623
17 0.245192 0.206419 0.050349 0.022403
17 0.392831 0.206419 0.126449 0.034623
1 0.397046 0.206419 0.101159 0.034623
17 0.374148 0.206419 0.055363 0.022403
17 0.266382 0.241042 0.126449 0.034623
1 0.270597 0.241042 0.101159 0.034623
17 0.231033 0.241042 0.022030 0.022403
17 0.144585 0.173832 0.116356 0.034623
1 0.144585 0.173832 0.116356 0.034623
17 0.108021 0.173832 0.026368 0.022403
17 0.266382 0.137172 0.126449 0.034623
1 0.270597 0.137172 0.101159 0.034623
17 0.247526 0.137172 0.055017 0.022403
17 0.392831 0.137172 0.126449 0.034623
1 0.397046 0.137172 0.101159 0.034623
17 0.359021 0.137172 0.025109 0.022403
17 0.266382 0.171795 0.126449 0.034623
1 0.270597 0.171795 0.101159 0.034623
17 0.260006 0.171795 0.079977 0.022403
17 0.392831 0.171795 0.126449 0.034623
1 0.397046 0.171795 0.101159 0.034623
17 0.374523 0.171795 0.056112 0.022403
17 0.266382 0.217620 0.126449 0.034623
1 0.270597 0.217620 0.101159 0.034623
17 0.236248 0.217620 0.032460 0.022403
17 0.392831 0.217620 0.126449 0.057026
1 0.397046 0.217620 0.101159 0.057026
17 0.392831 0.217620 0.092729 0.044807
17 0.266382 0.263445 0.126449 0.034623
1 0.270597 0.263445 0.101159 0.034623
17 0.253186 0.263445 0.066336 0.022403
17 0.392831 0.263445 0.126449 0.034623
1 0.397046 0.263445 0.101159 0.034623
17 0.360297 0.263445 0.027661 0.022403
17 0.266382 0.298068 0.126449 0.034623
1 0.270597 0.298068 0.101159 0.034623
17 0.232696 0.298068 0.025356 0.022403
17 0.392831 0.298068 0.126449 0.034623
1 0.397046 0.298068 0.101159 0.034623
17 0.361322 0.298068 0.029711 0.022403
17 0.266382 0.332692 0.126449 0.034623
1 0.270597 0.332692 0.101159 0.034623
17 0.259998 0.332692 0.079961 0.022403
17 0.144585 0.216602 0.116356 0.034623
1 0.144585 0.216602 0.116356 0.034623
17 0.110474 0.216602 0.031275 0.022403
17 0.144585 0.270573 0.116356 0.057026
1 0.144585 0.270573 0.116356 0.057026
17 0.120818 0.270573 0.051963 0.044807
17 0.174411 0.068642 0.068608 0.057631
1 0.174411 0.068642 0.068608 0.057631
17 0.169669 0.072715 0.045426 0.025045
17 0.206714 0.131062 0.116356 0.034623
1 0.206714 0.131062 0.116356 0.034623
17 0.176983 0.131062 0.040034 0.022403
17 0.328512 0.137172 0.126449 0.034623
1 0.332727 0.137172 0.101159 0.034623
17 0.299493 0.137172 0.034691 0.022403
17 0.454961 0.137172 0.126449 0.034623
1 0.459176 0.137172 0.101159 0.034623
17 0.435532 0.137172 0.053872 0.022403
17 0.328512 0.171795 0.126449 0.034623
1 0.332727 0.171795 0.101159 0.034623
17 0.301242 0.171795 0.038190 0.022403
17 0.454961 0.171795 0.126449 0.034623
1 0.459176 0.171795 0.101159 0.034623
17 0.433857 0.171795 0.050522 0.022403
17 0.328512 0.206419 0.126449 0.034623
1 0.332727 0.206419 0.101159 0.034623
17 0.309384 0.206419 0.054473 0.022403
17 0.454961 0.206419 0.126449 0.034623
1 0.459176 0.206419 0.101159 0.034623
17 0.433738 0.206419 0.050283 0.022403
17 0.206714 0.173832 0.116356 0.034623
1 0.206714 0.173832 0.116356 0.034623
17 0.174275 0.173832 0.034617 0.022403
17 0.328512 0.137172 0.126449 0.034623
1 0.332727 0.137172 0.101159 0.034623
17 0.325906 0.137172 0.087518 0.022403
17 0.454961 0.137172 0.126449 0.034623
1 0.459176 0.137172 0.101159 0.034623
17 0.437936 0.137172 0.058680 0.022403
17 0.328512 0.182997 0.126449 0.057026
1 0.332727 0.182997 0.101159 0.057026
17 0.328512 0.182997 0.092729 0.044807
17 0.206714 0.216602 0.116356 0.034623
1 0.206714 0.216602 0.116356 0.034623
17 0.174690 0.216602 0.035448 0.022403
17 0.206714 0.259372 0.116356 0.034623
1 0.206714 0.259372 0.116356 0.034623
17 0.196992 0.259372 0.080051 0.022403
17 0.206714 0.313343 0.116356 0.057026
1 0.206714 0.313343 0.116356 0.057026
17 0.180585 0.313343 0.047237 0.044807
17 0.206714 0.367315 0.116356 0.034623
1 0.206714 0.367315 0.116356 0.034623
17 0.182165 0.367315 0.050398 0.022403
17 0.328512 0.137172 0.126449 0.034623
1 0.332727 0.137172 0.101159 0.034623
17 0.297587 0.137172 0.030880 0.022403
17 0.454961 0.137172 0.126449 0.034623
1 0.459176 0.137172 0.101159 0.034623
17 0.424464 0.137172 0.031736 0.022403
17 0.328512 0.171795 0.126449 0.034623
1 0.332727 0.171795 0.101159 0.034623
17 0.298056 0.171795 0.031818 0.022403
17 0.454961 0.171795 0.126449 0.034623
1 0.459176 0.171795 0.101159 0.034623
17 0.429972 0.171795 0.042751 0.022403
17 0.328512 0.206419 0.126449 0.034623
1 0.332727 0.206419 0.101159 0.034623
17 0.305679 0.206419 0.047064 0.022403
17 0.206714 0.410085 0.116356 0.034623
1 0.206714 0.410085 0.116356 0.034623
17 0.180638 0.410085 0.047344 0.022403
17 0.251062 0.068642 0.084694 0.057631
1 0.251062 0.068642 0.084694 0.057631
17 0.246320 0.072715 0.061512 0.025045
17 0.275323 0.131062 0.116356 0.034623
1 0.275323 0.131062 0.116356 0.034623
17 0.237923 0.131062 0.024697 0.022403
17 0.397120 0.148374 0.126449 0.034623
1 0.401335 0.148374 0.101159 0.034623
17 0.387880 0.148374 0.074248 0.022403
17 0.523569 0.148374 0.126449 0.057026
1 0.527784 0.148374 0.101159 0.057026
17 0.523569 0.148374 0.092729 0.044807
17 0.397120 0.194199 0.126449 0.034623
1 0.401335 0.194199 0.101159 0.034623
17 0.385439 0.194199 0.069366 0.022403
17 0.523569 0.194199 0.126449 0.034623
1 0.527784 0.194199 0.101159 0.034623
17 0.498131 0.194199 0.041853 0.022403
17 0.397120 0.228822 0.126449 0.034623
1 0.401335 0.228822 0.101159 0.034623
17 0.375617 0.228822 0.049723 0.022403
17 0.523569 0.228822 0.126449 0.034623
1 0.527784 0.228822 0.101159 0.034623
17 0.502466 0.228822 0.050522 0.022403
17 0.275323 0.173832 0.116356 0.034623
1 0.275323 0.173832 0.116356 0.034623
17 0.251144 0.173832 0.051139 0.022403
17 0.275323 0.216602 0.116356 0.034623
1 0.275323 0.216602 0.116356 0.034623
17 0.245991 0.216602 0.040832 0.022403
17 0.275323 0.259372 0.116356 0.034623
1 0.275323 0.259372 0.116356 0.034623
17 0.241504 0.259372 0.031859 0.022403
17 0.275323 0.302142 0.116356 0.034623
1 0.275323 0.302142 0.116356 0.034623
17 0.260542 0.302142 0.069934 0.022403
17 0.318785 0.068642 0.050752 0.057631
1 0.318785 0.068642 0.050752 0.057631
17 0.318785 0.072715 0.037054 0.025045
17 0.387859 0.068642 0.087395 0.057631
1 0.387859 0.068642 0.087395 0.057631
17 0.387859 0.072715 0.073696 0.025045
17 0.457089 0.068642 0.051065 0.057631
1 0.457089 0.068642 0.051065 0.057631
17 0.452347 0.072715 0.027883 0.025045
17 0.498164 0.142264 0.116356 0.057026
1 0.498164 0.142264 0.116356 0.057026
17 0.472088 0.142264 0.047344 0.044807
17 0.498164 0.196235 0.116356 0.034623
1 0.498164 0.196235 0.116356 0.034623
17 0.474978 0.196235 0.053123 0.022403
17 0.619962 0.137172 0.126449 0.034623
1 0.624177 0.137172 0.101159 0.034623
17 0.614730 0.137172 0.082266 0.022403
17 0.498164 0.239005 0.116356 0.034623
1 0.498164 0.239005 0.116356 0.034623
17 0.473706 0.239005 0.050580 0.022403
17 0.498164 0.281775 0.116356 0.034623
1 0.498164 0.281775 0.116356 0.034623
17 0.477633 0.281775 0.058433 0.022403
17 0.498164 0.324545 0.116356 0.034623
1 0.498164 0.324545 0.116356 0.034623
17 0.487149 0.324545 0.077466 0.022403
17 0.498164 0.367315 0.116356 0.034623
1 0.498164 0.367315 0.116356 0.034623
17 0.464267 0.367315 0.031703 0.022403
18 0.857539 0.068133 0.059009 0.038697
18 0.881775 0.068133 0.010537 0.038697
18 0.881775 0.068125 0.010537 0.021719
0 0.934302 0.068642 0.060796 0.036660
10 0.110021 0.335436 0.220042 0.397960
10 0.128532 0.737470 0.183022 0.397960
10 0.017457 0.737470 0.034913 0.397960
10 0.660691 0.244065 0.219532 0.215218
10 0.660691 0.463356 0.219532 0.215218
10 0.882331 0.353711 0.219532 0.434509
10 0.708184 0.755744 0.314517 0.361412
10 0.929823 0.755744 0.124547 0.361412
0 0.921496 0.875350 0.141201 0.122200
0 0.921496 0.875350 0.124341 0.089613
1 0.513995 0.939362 0.046381 0.018330
0 0.763909 0.944978 0.436520 0.071904
0 0.685833 0.943451 0.108478 0.042372
0 0.781793 0.943451 0.065859 0.042372
0 0.856444 0.943451 0.065859 0.042372
20 0.975237 0.942433 0.023182 0.044807
