0 0.186975 0.043147 0.070903 0.029442
0 0.292866 0.043147 0.027385 0.026396
0 0.346282 0.043147 0.037429 0.026396
0 0.415749 0.043147 0.059488 0.026396
0 0.484268 0.043147 0.035534 0.026396
0 0.541832 0.043147 0.037577 0.026396
0 0.595371 0.043147 0.027483 0.026396
0 0.660825 0.043147 0.061409 0.026396
0 0.725643 0.043147 0.026211 0.026396
1 0.787093 0.043147 0.008403 0.016244
0 0.819098 0.043147 0.043002 0.038579
0 0.321691 0.627665 0.340336 0.370051
0 0.316964 0.861421 0.330882 0.077157
0 0.168359 0.952792 0.033671 0.020305
0 0.583246 0.532868 0.165966 0.180457
0 0.578519 0.659645 0.156513 0.052792
0 0.522379 0.704315 0.044233 0.020305
0 0.583246 0.871954 0.165966 0.180457
0 0.578519 0.986168 0.156513 0.027665
0 0.757616 0.532868 0.165966 0.180457
0 0.752889 0.672843 0.156513 0.079188
0 0.696749 0.730711 0.044233 0.020305
0 0.757616 0.871954 0.165966 0.180457
0 0.752889 0.986168 0.156513 0.027665
