1 0.016807 0.028426 0.016807 0.032487
0 0.500000 0.028426 0.054622 0.030457
0 0.884064 0.028426 0.122628 0.040609
1 0.976891 0.028426 0.029412 0.032487
0 0.088432 0.379695 0.038209 0.024365
9 0.030200 0.434518 0.060399 0.075127
0 0.026261 0.441624 0.052521 0.048731
9 0.133666 0.434518 0.146534 0.075127
0 0.134191 0.441624 0.129727 0.048731
9 0.280200 0.434518 0.146534 0.075127
0 0.280725 0.441624 0.129727 0.048731
9 0.426733 0.434518 0.146534 0.075127
0 0.427258 0.441624 0.129727 0.048731
9 0.573267 0.434518 0.146534 0.075127
0 0.573792 0.441624 0.129727 0.048731
9 0.719800 0.434518 0.146534 0.075127
0 0.720326 0.441624 0.129727 0.048731
9 0.866334 0.434518 0.146534 0.075127
0 0.866859 0.441624 0.129727 0.048731
9 0.969800 0.434518 0.060399 0.075127
0 0.974265 0.441624 0.051471 0.048731
1 0.952731 0.437563 0.018908 0.036548
8 0.500000 0.539570 0.840336 0.027364
1 0.107405 0.539570 0.055147 0.027364
1 0.097500 0.539570 0.035337 0.016196
8 0.124623 0.539570 0.010504 0.027364
0 0.359913 0.793377 0.560161 0.413246
1 0.707113 0.698430 0.083623 0.040609
0 0.896008 0.812135 0.048319 0.093401
0 0.766474 0.787770 0.202345 0.044670
1 0.859244 0.842592 0.016807 0.032487
0 0.896008 0.961398 0.048319 0.077205
0 0.766474 0.945130 0.202345 0.044670
1 0.859244 0.991854 0.016807 0.016291
