1 0.496061 0.032995 0.992122 0.065990
8 0.160054 0.032995 0.063280 0.065990
8 0.160579 0.033503 0.053826 0.030457
1 0.160579 0.033503 0.053826 0.030457
0 0.287187 0.032995 0.126912 0.065990
0 0.415585 0.032995 0.128832 0.065990
0 0.543551 0.032995 0.063025 0.065990
0 0.607102 0.032995 0.063025 0.065990
0 0.670652 0.032995 0.063025 0.065990
0 0.734203 0.032995 0.063025 0.065990
0 0.797753 0.032995 0.063025 0.065990
0 0.861304 0.032995 0.063025 0.065990
0 0.924854 0.032995 0.063025 0.065990
0 0.978446 0.032995 0.043108 0.065990
0 0.156250 0.088325 0.042017 0.044670
1 0.830095 0.088325 0.008403 0.044670
2 0.870798 0.088325 0.024685 0.040609
1 0.867647 0.088325 0.018382 0.040609
0 0.209945 0.088832 0.024406 0.043655
0 0.239447 0.088832 0.013590 0.043655
0 0.273376 0.088832 0.033261 0.043655
0 0.311445 0.088832 0.021870 0.043655
0 0.342105 0.088832 0.018440 0.043655
0 0.373047 0.088832 0.022436 0.043655
0 0.399701 0.088832 0.009864 0.043655
0 0.433819 0.088832 0.037364 0.043655
0 0.805787 0.088832 0.019203 0.043655
1 0.233456 0.455838 0.102941 0.032487
1 0.233456 0.498477 0.102941 0.032487
0 0.233456 0.602030 0.115546 0.036548
13 0.187237 0.602030 0.010504 0.020305
0 0.233456 0.638579 0.115546 0.036548
13 0.187237 0.638579 0.010504 0.020305
0 0.233456 0.675127 0.115546 0.036548
13 0.187237 0.675127 0.010504 0.020305
0 0.233456 0.711675 0.115546 0.036548
13 0.187237 0.711675 0.010504 0.020305
0 0.233456 0.748223 0.115546 0.036548
13 0.187237 0.748223 0.010504 0.020305
0 0.233456 0.784772 0.115546 0.036548
13 0.187237 0.784772 0.010504 0.020305
0 0.233456 0.821320 0.115546 0.036548
13 0.187237 0.821320 0.010504 0.020305
0 0.233456 0.857868 0.115546 0.036548
13 0.187237 0.857868 0.010504 0.020305
0 0.233456 0.894416 0.115546 0.036548
13 0.187237 0.894416 0.010504 0.020305
0 0.233456 0.937056 0.115546 0.048731
13 0.187237 0.937056 0.010504 0.020305
0 0.233456 0.979695 0.115546 0.036548
13 0.187237 0.979695 0.010504 0.020305
0 0.233456 0.998985 0.115546 0.002030
0 0.475053 0.589848 0.346639 0.410152
0 0.475053 0.862944 0.329832 0.136041
0 0.395356 0.970558 0.159393 0.046701
0 0.395356 0.996954 0.159393 0.006091
0 0.563423 0.970558 0.148889 0.046701
0 0.737658 0.453299 0.144958 0.031472
0 0.737658 0.484772 0.144958 0.031472
0 0.737658 0.516244 0.144958 0.031472
0 0.737658 0.547716 0.144958 0.031472
0 0.737658 0.579188 0.144958 0.031472
0 0.737658 0.610660 0.144958 0.031472
0 0.737658 0.642132 0.144958 0.031472
0 0.737658 0.673604 0.144958 0.031472
0 0.737658 0.705076 0.144958 0.031472
0 0.737658 0.736041 0.144958 0.030457
0 0.736689 0.982868 0.143021 0.034264
