0 0.496061 0.087452 0.245093 0.101523
1 0.018382 0.022843 0.015756 0.017259
0 0.970223 0.018274 0.022789 0.008122
0 0.300305 0.187294 0.024570 0.016656
0 0.336102 0.187294 0.028115 0.016656
0 0.379866 0.187294 0.040507 0.016656
0 0.432112 0.187294 0.045078 0.016656
0 0.483115 0.187294 0.038020 0.016656
0 0.534647 0.187294 0.046136 0.016656
0 0.609371 0.187294 0.084403 0.016656
0 0.682564 0.187294 0.043075 0.016656
1 0.958508 0.935025 0.021008 0.040609
0 0.625263 0.549492 0.035780 0.012183
0 0.625263 0.634264 0.216387 0.124873
0 0.625263 0.895685 0.250000 0.208629
0 0.301208 0.561041 0.118697 0.143401
0 0.301208 0.655076 0.024439 0.012183
0 0.301208 0.713959 0.118697 0.073096
0 0.432511 0.561041 0.118697 0.143401
0 0.432506 0.655076 0.032062 0.012183
0 0.432511 0.713959 0.118697 0.073096
0 0.301208 0.881345 0.118697 0.143401
0 0.301208 0.975381 0.024439 0.012183
0 0.301208 0.998858 0.118697 0.002284
0 0.432511 0.881345 0.118697 0.143401
0 0.432506 0.975381 0.032062 0.012183
0 0.432511 0.998858 0.118697 0.002284
