0 0.207195 0.056853 0.063025 0.048731
11 0.576607 0.056853 0.012605 0.025222
1 0.576607 0.057281 0.012605 0.024365
11 0.609871 0.056853 0.041319 0.024365
0 0.613285 0.056853 0.034492 0.024365
11 0.663435 0.056853 0.053202 0.024365
1 0.666849 0.056853 0.046374 0.024365
11 0.718491 0.056845 0.044306 0.018480
1 0.721905 0.056742 0.037479 0.018274
11 0.771189 0.056845 0.048483 0.018480
0 0.774603 0.056742 0.041656 0.018274
0 0.209235 0.120812 0.067104 0.018274
0 0.272395 0.120812 0.025604 0.018274
0 0.337997 0.120812 0.071987 0.018274
0 0.409885 0.120812 0.038176 0.018274
0 0.461028 0.120812 0.030495 0.018274
0 0.508284 0.120812 0.030405 0.018274
0 0.591522 0.120812 0.102457 0.018274
0 0.712825 0.127411 0.044413 0.035533
0 0.783088 0.114721 0.066702 0.060914
0 0.487653 0.182741 0.208024 0.022747
1 0.604271 0.184772 0.008403 0.016244
1 0.604271 0.184772 0.008403 0.016244
0 0.431985 0.672042 0.245798 0.600936
0 0.632090 0.824937 0.112395 0.295146
0 0.765494 0.824937 0.112395 0.295146
0 0.695641 0.498073 0.239496 0.252998
0 0.193540 0.524342 0.046218 0.059851
0 0.231355 0.557360 0.121849 0.134010
0 0.191144 0.637667 0.041426 0.018480
0 0.193540 0.726578 0.046218 0.059851
0 0.231355 0.759597 0.121849 0.134010
0 0.174423 0.839903 0.007985 0.018480
0 0.193540 0.928815 0.046218 0.059851
0 0.231355 0.939499 0.121849 0.089340
0 0.174423 0.994115 0.007985 0.011770
