0 0.036881 0.339613 0.052687 0.040733
1 0.500000 0.337656 0.163330 0.017312
1 0.940270 0.339613 0.040429 0.040733
0 0.978925 0.339613 0.021075 0.040733
1 0.220977 0.401222 0.033465 0.059063
0 0.242714 0.401222 0.005796 0.015275
1 0.282913 0.401222 0.049312 0.059063
0 0.312574 0.401222 0.005796 0.015275
1 0.339539 0.401222 0.022845 0.059063
0 0.355967 0.401222 0.005796 0.015275
1 0.386048 0.401222 0.029077 0.059063
0 0.405591 0.401222 0.005796 0.015275
1 0.429366 0.401222 0.016465 0.059063
0 0.442604 0.401222 0.005796 0.015275
1 0.470775 0.401222 0.025257 0.059063
0 0.488409 0.401222 0.005796 0.015275
1 0.517234 0.401222 0.026566 0.059063
0 0.535523 0.401222 0.005796 0.015275
1 0.566476 0.401222 0.030822 0.059063
0 0.586892 0.401222 0.005796 0.015275
1 0.613635 0.401222 0.022400 0.059063
0 0.629841 0.401222 0.005796 0.015275
1 0.656007 0.401222 0.021248 0.059063
0 0.671636 0.401222 0.005796 0.015275
1 0.688455 0.401222 0.002552 0.059063
1 0.726851 0.401222 0.048950 0.059063
1 0.775911 0.401222 0.023882 0.059063
0 0.792858 0.401222 0.005796 0.015275
1 0.221327 0.774519 0.074898 0.016293
1 0.546130 0.505092 0.158613 0.069246
1 0.539104 0.640020 0.144560 0.017312
1 0.475126 0.670061 0.016605 0.020367
1 0.508459 0.670061 0.039524 0.020367
1 0.553905 0.670061 0.040832 0.020367
1 0.598965 0.670061 0.038750 0.020367
1 0.480333 0.700611 0.027019 0.020367
1 0.731922 0.614864 0.168384 0.325452
10 0.731922 0.614864 0.168384 0.325452
1 0.692814 0.798466 0.090169 0.025458
1 0.480539 0.958551 0.292232 0.082898
10 0.480539 0.958551 0.292232 0.082898
1 0.253523 0.956514 0.139291 0.086972
1 0.731922 0.958551 0.168384 0.082898
10 0.731922 0.958551 0.168384 0.082898
