1 0.018124 0.011202 0.036247 0.022403
1 0.061158 0.011202 0.024532 0.022403
1 0.101591 0.011202 0.031044 0.022403
1 0.144120 0.011202 0.028723 0.022403
1 0.502107 0.042261 0.113804 0.049325
0 0.502107 0.042261 0.113804 0.049325
1 0.860956 0.042261 0.017848 0.030550
1 0.883796 0.042261 0.018350 0.030550
0 0.929626 0.042261 0.056449 0.032587
19 0.972603 0.042261 0.029505 0.040733
0 0.972603 0.042261 0.012645 0.024440
17 0.280842 0.114053 0.055527 0.040733
0 0.267831 0.114053 0.012645 0.024440
0 0.267831 0.114053 0.010011 0.018330
0 0.289272 0.114053 0.021807 0.020367
18 0.319144 0.114053 0.021075 0.040733
0 0.319144 0.114053 0.012645 0.024440
1 0.352818 0.114053 0.011501 0.040733
1 0.414347 0.114053 0.094697 0.040733
1 0.488203 0.114053 0.018243 0.040733
1 0.516609 0.114053 0.021709 0.040733
1 0.546381 0.114053 0.020976 0.040733
1 0.584822 0.114053 0.039046 0.040733
1 0.624753 0.114053 0.023956 0.040733
1 0.663754 0.114053 0.037186 0.040733
1 0.714630 0.114053 0.047706 0.040733
1 0.920969 0.071283 0.157007 0.044807
1 0.894951 0.121690 0.104971 0.039715
1 0.973718 0.121690 0.051510 0.039715
1 0.355987 0.457039 0.221985 0.129964
10 0.355987 0.681310 0.221985 0.285992
10 0.531962 0.459482 0.104674 0.134849
1 0.531962 0.600130 0.104674 0.089422
10 0.531962 0.762164 0.104674 0.134849
1 0.531962 0.922138 0.104674 0.111778
1 0.675975 0.641023 0.157007 0.495895
10 0.675975 0.494208 0.157007 0.202282
1 0.675975 0.965870 0.158061 0.068260
1 0.500000 0.138493 0.330875 0.024440
1 0.402093 0.395621 0.071835 0.019348
1 0.442748 0.552444 0.047986 0.019348
1 0.516436 0.688900 0.069851 0.019348
0 0.500000 0.750509 0.267650 0.042770
1 0.500000 0.800407 0.055486 0.016293
