0 0.044134 0.022335 0.088268 0.044670
1 0.181062 0.020305 0.029666 0.040609
0 0.218931 0.021320 0.046071 0.042640
1 0.363339 0.020305 0.050814 0.040609
0 0.410517 0.020305 0.026736 0.040609
0 0.443991 0.020305 0.023405 0.040609
0 0.495433 0.020305 0.062672 0.040609
1 0.561006 0.020305 0.051668 0.040609
1 0.619518 0.020305 0.048549 0.040609
1 0.769695 0.020305 0.021008 0.040609
0 0.803141 0.020305 0.045505 0.040609
0 0.210347 0.091878 0.088235 0.068020
0 0.496061 0.091878 0.179097 0.045685
0 0.791430 0.091878 0.068926 0.052792
0 0.272879 0.153299 0.076008 0.020305
0 0.357381 0.153299 0.076188 0.020305
0 0.430808 0.153299 0.053859 0.020305
0 0.488925 0.153299 0.027713 0.020305
0 0.531225 0.153299 0.040080 0.020305
0 0.574945 0.153299 0.030552 0.020305
0 0.609974 0.153299 0.022699 0.020305
0 0.635143 0.153299 0.010832 0.020305
0 0.657485 0.153299 0.017045 0.020305
0 0.685723 0.153299 0.022625 0.020305
0 0.718734 0.153299 0.026589 0.020305
1 0.744633 0.153299 0.008403 0.016244
0 0.046932 0.022335 0.093865 0.044670
0 0.046932 0.022335 0.093865 0.044670
0 0.489758 0.463959 0.323529 0.064975
0 0.386817 0.999746 0.117647 0.000508
0 0.046932 0.022335 0.093865 0.044670
0 0.046932 0.022335 0.093865 0.044670
13 0.804359 0.452792 0.012605 0.024365
5 0.748424 0.500508 0.142332 0.020305
0 0.750615 0.575635 0.096983 0.081218
0 0.750615 0.662944 0.096983 0.060914
0 0.750615 0.760406 0.096983 0.101523
0 0.750615 0.868020 0.096983 0.081218
0 0.750615 0.955330 0.096983 0.060914
1 0.748424 0.524873 0.072381 0.036548
0 0.748424 0.960406 0.142332 0.038579
0 0.046932 0.022335 0.093865 0.044670
1 0.282826 0.470051 0.016807 0.032487
0 0.237395 0.671066 0.129727 0.121827
0 0.237395 0.961390 0.129727 0.077221
0 0.046932 0.022335 0.093865 0.044670
0 0.046932 0.022335 0.093865 0.044670
0 0.046932 0.022335 0.093865 0.044670
0 0.046932 0.022335 0.093865 0.044670
0 0.046932 0.022335 0.093865 0.044670
0 0.046932 0.022335 0.093865 0.044670
0 0.046932 0.022335 0.093865 0.044670
0 0.046932 0.022335 0.093865 0.044670
0 0.046932 0.022335 0.093865 0.044670
0 0.046932 0.022335 0.093865 0.044670
0 0.483456 0.973604 0.966912 0.052792
1 0.979517 0.973604 0.025210 0.048731
