0 0.152414 0.034510 0.026991 0.022732
0 0.190659 0.034510 0.036896 0.022732
0 0.231999 0.034510 0.033179 0.022732
0 0.267123 0.034510 0.024463 0.022732
0 0.303424 0.034510 0.035534 0.022732
0 0.331756 0.034510 0.008526 0.022732
0 0.353101 0.034510 0.021558 0.022732
0 0.391355 0.034510 0.028690 0.022732
0 0.431579 0.034510 0.039153 0.022732
0 0.483226 0.034510 0.051536 0.022732
1 0.818015 0.034518 0.022059 0.042640
1 0.842174 0.034518 0.022059 0.042640
0 0.161108 0.163238 0.023897 0.022732
0 0.152779 0.210335 0.007238 0.022732
0 0.164645 0.257432 0.030971 0.022732
0 0.158921 0.304529 0.019523 0.022732
0 0.180680 0.351626 0.063042 0.022732
0 0.163763 0.398723 0.029207 0.022732
0 0.182543 0.445820 0.066767 0.022732
0 0.170205 0.492917 0.042091 0.022732
0 0.161847 0.540014 0.025374 0.022732
0 0.168974 0.587111 0.039629 0.022732
0 0.156254 0.634208 0.014189 0.022732
0 0.163443 0.681306 0.028567 0.022732
0 0.171838 0.728403 0.045357 0.022732
0 0.165400 0.775500 0.032481 0.022732
0 0.164243 0.822597 0.030167 0.022732
0 0.162885 0.869694 0.027450 0.022732
0 0.188493 0.916791 0.078667 0.022732
0 0.439437 0.163238 0.036732 0.022732
0 0.440495 0.210335 0.038849 0.022732
0 0.434927 0.257432 0.027713 0.022732
0 0.464901 0.304529 0.087661 0.022732
0 0.430836 0.351626 0.019531 0.022732
0 0.439310 0.398723 0.036477 0.022732
0 0.434693 0.445820 0.027245 0.022732
0 0.437832 0.492917 0.033523 0.022732
0 0.436720 0.540014 0.031299 0.022732
0 0.432777 0.587111 0.023413 0.022732
0 0.433130 0.634208 0.024119 0.022732
0 0.437557 0.681306 0.032973 0.022732
0 0.432974 0.728403 0.023807 0.022732
0 0.449063 0.775500 0.055984 0.022732
0 0.435982 0.822597 0.029822 0.022732
0 0.714663 0.163238 0.018185 0.022732
0 0.718414 0.210335 0.025686 0.022732
0 0.740296 0.257432 0.069451 0.022732
0 0.724191 0.304529 0.037241 0.022732
0 0.728302 0.351626 0.045463 0.022732
0 0.723292 0.398723 0.035443 0.022732
0 0.718594 0.445820 0.026047 0.022732
0 0.735938 0.492917 0.060736 0.022732
0 0.754230 0.540014 0.097320 0.022732
0 0.730941 0.587111 0.050740 0.022732
0 0.726456 0.634208 0.041771 0.022732
0 0.496061 0.382234 0.263655 0.053807
0 0.162343 0.836485 0.021640 0.023350
0 0.311187 0.931996 0.319328 0.136009
0 0.511871 0.602364 0.006409 0.023350
0 0.582195 0.671891 0.147059 0.084042
0 0.533224 0.737262 0.049115 0.018274
0 0.511871 0.932725 0.006409 0.023350
0 0.582195 0.980116 0.147059 0.039768
0 0.773372 0.562214 0.159664 0.038959
0 0.773372 0.680171 0.159664 0.038959
0 0.773372 0.798144 0.159664 0.038959
0 0.773372 0.916117 0.159664 0.038959
