1 0.249212 0.028934 0.028887 0.055838
0 0.497575 0.028934 0.092347 0.029061
1 0.711598 0.030964 0.046342 0.015228
6 0.711598 0.030964 0.046342 0.015228
5 0.711598 0.030964 0.046342 0.015228
1 0.748687 0.028934 0.017332 0.033503
0 0.741153 0.056345 0.032399 0.015228
0 0.747813 0.056345 0.019080 0.015228
0 0.292041 0.089340 0.039735 0.018274
0 0.354443 0.089340 0.061958 0.018274
0 0.417961 0.089340 0.041968 0.018274
0 0.466707 0.089340 0.032415 0.018274
0 0.499393 0.089340 0.009848 0.018274
0 0.528394 0.089340 0.025046 0.018274
0 0.572282 0.089340 0.039621 0.018274
0 0.627786 0.089340 0.048278 0.018274
0 0.695653 0.089340 0.064346 0.028426
0 0.474831 0.415228 0.280462 0.016244
0 0.472968 0.455838 0.303079 0.016244
0 0.319919 0.692386 0.159795 0.361421
0 0.327116 0.977348 0.150030 0.038959
0 0.587062 0.916315 0.325745 0.095225
0 0.594185 0.999627 0.321084 0.000746
0 0.491556 0.175666 0.073464 0.019289
1 0.426471 0.257995 0.126050 0.050761
1 0.426466 0.257995 0.066332 0.017862
1 0.573529 0.257995 0.126050 0.050761
0 0.455222 0.363166 0.092790 0.016244
0 0.487083 0.447724 0.247275 0.040403
0 0.517750 0.556440 0.100972 0.016244
0 0.440709 0.628918 0.120995 0.016244
0 0.555566 0.653077 0.099741 0.016244
0 0.397773 0.677237 0.068655 0.016244
0 0.497062 0.701396 0.038028 0.016244
0 0.577858 0.749714 0.108727 0.016244
0 0.395426 0.915887 0.063961 0.024159
0 0.455058 0.915887 0.044799 0.024159
