10 0.500000 0.247709 0.105374 0.038697
1 0.436685 0.287519 0.054482 0.017312
1 0.550073 0.365708 0.057980 0.017312
0 0.500000 0.673068 0.316122 0.026063
0 0.500000 0.744145 0.316122 0.054990
0 0.396729 0.744145 0.108083 0.054990
19 0.505038 0.744145 0.097998 0.054990
20 0.608305 0.744145 0.097998 0.054990
0 0.019992 0.010183 0.039985 0.020367
0 0.019992 0.009674 0.039985 0.019348
0 0.067147 0.010183 0.029035 0.020367
0 0.067147 0.009674 0.029035 0.019348
0 0.122699 0.010183 0.056779 0.020367
0 0.122699 0.009674 0.056779 0.019348
1 0.050580 0.044807 0.075869 0.036660
0 0.124288 0.044807 0.046258 0.040733
0 0.124288 0.044807 0.046258 0.038697
0 0.181729 0.044807 0.062302 0.040733
0 0.181729 0.044807 0.062302 0.038697
0 0.237153 0.044807 0.042224 0.040733
0 0.237153 0.044807 0.042224 0.038697
0 0.884311 0.044807 0.060458 0.040733
0 0.884311 0.044807 0.060458 0.038697
0 0.952528 0.044807 0.069654 0.040733
0 0.952528 0.044807 0.069654 0.038697
0 0.036179 0.626925 0.072359 0.053605
1 0.062454 0.224888 0.019810 0.038289
10 0.040141 0.429735 0.080283 0.478615
0 0.040141 0.429735 0.080283 0.478615
1 0.500000 0.551935 0.248041 0.030550
1 0.484643 0.584521 0.086003 0.020367
0 0.500000 0.639511 0.775059 0.057026
0 0.499996 0.639511 0.049699 0.057026
0 0.499996 0.639511 0.049699 0.057026
1 0.876992 0.211813 0.021075 0.040733
10 0.500000 0.429735 0.791919 0.509165
0 0.963821 0.626925 0.072359 0.053605
10 0.959859 0.429735 0.080283 0.478615
0 0.959859 0.429735 0.080283 0.478615
0 0.487355 0.712831 0.012645 0.024440
0 0.500000 0.712831 0.012645 0.024440
0 0.512645 0.712831 0.012645 0.024440
0 0.934668 0.810591 0.046365 0.040733
0 0.920969 0.810591 0.018967 0.040733
0 0.920969 0.810591 0.018967 0.036660
0 0.948367 0.810591 0.018967 0.040733
0 0.948367 0.810591 0.018967 0.036660
1 0.127350 0.934827 0.035523 0.030550
1 0.315768 0.892057 0.021075 0.040733
10 0.077977 0.964358 0.037935 0.071283
0 0.119073 0.996945 0.018967 0.006110
0 0.119073 0.997963 0.018967 0.004073
0 0.307495 0.996945 0.037622 0.006110
0 0.307495 0.997454 0.037622 0.005092
1 0.477340 0.934827 0.116611 0.030550
1 0.625214 0.892057 0.021075 0.040733
10 0.387423 0.964358 0.037935 0.071283
0 0.428519 0.996945 0.018967 0.006110
0 0.428519 0.997963 0.018967 0.004073
0 0.616941 0.996945 0.037622 0.006110
0 0.616941 0.997454 0.037622 0.005092
1 0.934660 0.892057 0.021075 0.040733
10 0.696868 0.960285 0.046365 0.079430
0 0.902035 0.996945 0.086324 0.006110
0 0.902035 0.997454 0.086324 0.005092
10 0.993673 0.964358 0.012653 0.071283
