1 0.021534 0.344162 0.026261 0.030457
0 0.496061 0.344162 0.073529 0.040609
0 0.907916 0.344162 0.047482 0.034518
1 0.907916 0.344162 0.047482 0.034518
0 0.962940 0.344162 0.041557 0.034518
1 0.962940 0.344162 0.041557 0.034518
0 0.312254 0.407107 0.029149 0.042640
0 0.340451 0.407107 0.027245 0.042640
0 0.367947 0.407107 0.027746 0.042640
0 0.401072 0.407107 0.038504 0.042640
0 0.444451 0.407107 0.048254 0.042640
0 0.484412 0.407107 0.031669 0.042640
0 0.517299 0.407107 0.034106 0.042640
0 0.546013 0.407107 0.023323 0.042640
0 0.572458 0.407107 0.029568 0.042640
0 0.600943 0.407107 0.027401 0.042640
0 0.629046 0.407107 0.028804 0.042640
0 0.657686 0.407107 0.028476 0.042640
0 0.683183 0.407107 0.022518 0.042640
0 0.496061 0.849239 0.323529 0.064975
0 0.490854 0.995685 0.313115 0.008629
0 0.247111 0.625254 0.157563 0.344924
0 0.247111 0.906980 0.157563 0.186041
0 0.745011 0.526904 0.157563 0.148223
0 0.745011 0.692386 0.157563 0.148223
0 0.745011 0.867005 0.157563 0.166497
0 0.745011 0.983756 0.157563 0.032487
