0 0.147326 0.016354 0.039645 0.016244
1 0.065315 0.073931 0.071806 0.016244
1 0.865546 0.106176 0.210084 0.109645
1 0.823529 0.091783 0.073529 0.038579
1 0.902311 0.091783 0.073529 0.038579
0 0.000263 0.000508 0.000525 0.001015
0 0.382804 0.298937 0.068277 0.024334
1 0.205095 0.364419 0.016807 0.032487
0 0.499996 0.364419 0.127290 0.060914
1 0.711939 0.299976 0.044183 0.027364
1 0.770245 0.299976 0.066127 0.027364
0 0.222652 0.450190 0.051922 0.043623
0 0.264882 0.450190 0.030831 0.043623
0 0.295927 0.450190 0.029551 0.043623
0 0.330058 0.450190 0.037019 0.043623
0 0.367372 0.450190 0.035903 0.043623
0 0.413566 0.450190 0.054778 0.043623
0 0.456637 0.450190 0.029658 0.043623
0 0.493603 0.450190 0.042567 0.043623
0 0.532280 0.450190 0.033096 0.043623
0 0.568191 0.450190 0.037019 0.043623
0 0.603122 0.450190 0.031135 0.043623
0 0.647375 0.450190 0.055664 0.043623
0 0.695592 0.450190 0.039079 0.043623
0 0.730547 0.450190 0.029125 0.043623
0 0.774636 0.450190 0.057346 0.043623
0 0.336799 0.900539 0.280216 0.104759
0 0.224802 0.968750 0.056222 0.013198
0 0.285361 0.968750 0.055525 0.013198
0 0.573534 0.549159 0.130786 0.073096
0 0.526416 0.603474 0.036551 0.013198
0 0.574375 0.782313 0.132468 0.096447
0 0.532908 0.848303 0.049534 0.013198
0 0.573792 0.979791 0.131303 0.040419
0 0.733587 0.836723 0.137704 0.080711
0 0.725389 0.894591 0.037191 0.013198
0 0.703289 0.970225 0.078847 0.058947
1 0.984769 0.026396 0.017857 0.028426
1 0.912290 0.153783 0.133403 0.027364
0 0.865009 0.231424 0.038841 0.024365
0 0.869075 0.255790 0.046973 0.024365
0 0.861057 0.280155 0.030938 0.024365
0 0.872866 0.304521 0.054556 0.024365
0 0.872198 0.328886 0.053219 0.024365
0 0.878705 0.353252 0.066234 0.024365
1 0.912290 0.430893 0.133403 0.027364
1 0.845851 0.069543 0.000525 0.001015
1 0.160189 0.026396 0.017857 0.028426
1 0.086134 0.076142 0.021534 0.014213
5 0.021271 0.115228 0.000525 0.001015
2 0.079573 0.130957 0.117130 0.032471
1 0.146275 0.130957 0.016273 0.032471
0 0.087710 0.225412 0.133403 0.026555
0 0.087710 0.251967 0.133403 0.026555
0 0.087710 0.288674 0.118697 0.026555
0 0.087710 0.315228 0.118697 0.026555
0 0.087710 0.341783 0.118697 0.026555
0 0.087710 0.368338 0.118697 0.026555
0 0.087710 0.405044 0.133403 0.026555
0 0.087710 0.431599 0.133403 0.026555
1 0.087710 0.558931 0.133403 0.028744
0 0.044372 0.637262 0.046727 0.024365
0 0.033043 0.661628 0.024069 0.024365
1 0.147321 0.661628 0.014181 0.024365
0 0.032370 0.685993 0.022724 0.024365
1 0.147321 0.685993 0.014181 0.024365
0 0.036387 0.710359 0.030758 0.024365
1 0.147321 0.710359 0.014181 0.024365
0 0.035780 0.734724 0.029543 0.024365
0 0.037832 0.759089 0.033646 0.024365
0 0.058212 0.783455 0.074407 0.024365
0 0.032403 0.807820 0.022789 0.024365
0 0.030667 0.832186 0.019318 0.024365
0 0.039358 0.856551 0.036699 0.024365
0 0.034274 0.880917 0.026531 0.024365
0 0.036391 0.905282 0.030766 0.024365
1 0.147321 0.905282 0.014181 0.024365
0 0.037815 0.929648 0.033613 0.024365
0 0.055902 0.954013 0.069787 0.024365
