1 0.164653 0.144162 0.022059 0.040609
0 0.214548 0.143147 0.060924 0.046701
0 0.274562 0.144162 0.034943 0.042640
8 0.274562 0.144162 0.034943 0.042640
0 0.310173 0.144162 0.034180 0.042640
0 0.351193 0.144162 0.045759 0.042640
8 0.351193 0.144162 0.045759 0.042640
8 0.367508 0.144162 0.013130 0.042640
0 0.391179 0.144162 0.032112 0.042640
0 0.791085 0.144155 0.076393 0.040054
0 0.219558 0.210152 0.028123 0.018274
0 0.284315 0.210152 0.066726 0.018274
0 0.367183 0.210152 0.064346 0.018274
0 0.510434 0.210152 0.084321 0.018274
0 0.611968 0.210152 0.084083 0.018274
0 0.678584 0.210152 0.014484 0.018274
0 0.472664 0.439911 0.265756 0.288959
0 0.177607 0.350571 0.022756 0.014213
0 0.246705 0.426713 0.160952 0.121827
1 0.724823 0.415974 0.031513 0.060914
0 0.673988 0.556837 0.061162 0.021003
0 0.206961 0.658622 0.106675 0.115974
0 0.173549 0.731837 0.039850 0.014213
0 0.206961 0.770416 0.106675 0.054822
0 0.322040 0.658622 0.106675 0.115974
0 0.275136 0.731837 0.012868 0.014213
0 0.322040 0.770416 0.106675 0.054822
0 0.437118 0.658622 0.106675 0.115974
0 0.395159 0.731837 0.022756 0.014213
0 0.437118 0.761279 0.106675 0.036548
0 0.552197 0.658622 0.106675 0.115974
0 0.510237 0.731837 0.022756 0.014213
0 0.552197 0.770416 0.106675 0.054822
0 0.206961 0.894789 0.106675 0.115974
0 0.173549 0.968004 0.039850 0.014213
0 0.206961 0.989586 0.106675 0.020828
0 0.322040 0.894789 0.106675 0.115974
0 0.280081 0.968004 0.022756 0.014213
0 0.322040 0.989586 0.106675 0.020828
0 0.437118 0.894789 0.106675 0.115974
0 0.396899 0.968004 0.026236 0.014213
0 0.437118 0.989586 0.106675 0.020828
0 0.552197 0.894789 0.106675 0.115974
0 0.505293 0.968004 0.012868 0.014213
0 0.552197 0.989586 0.106675 0.020828
0 0.721261 0.670884 0.178916 0.018671
0 0.719846 0.722549 0.176085 0.018671
0 0.711783 0.774215 0.159959 0.018671
0 0.706330 0.825880 0.149053 0.018671
0 0.719521 0.877546 0.175437 0.018671
0 0.716304 0.929212 0.169003 0.018671
0 0.717158 0.980877 0.170710 0.018671
