0 0.168420 0.123350 0.029592 0.016244
0 0.218602 0.123350 0.049764 0.016244
0 0.269109 0.123350 0.030241 0.032487
0 0.310518 0.123350 0.031570 0.016244
0 0.496061 0.123350 0.075499 0.020305
0 0.833771 0.123350 0.009454 0.018274
0 0.179979 0.178672 0.052710 0.019496
0 0.263393 0.178672 0.088908 0.019496
0 0.275066 0.285787 0.024989 0.017259
0 0.228204 0.450635 0.157563 0.261675
0 0.406775 0.450635 0.157563 0.261675
0 0.585347 0.450635 0.157563 0.261675
0 0.763918 0.440482 0.157563 0.241371
0 0.312775 0.624619 0.024989 0.017259
0 0.228204 0.779315 0.157563 0.241371
0 0.406775 0.779315 0.157563 0.241371
0 0.585347 0.779315 0.157563 0.241371
0 0.763918 0.779315 0.157563 0.241371
