10 0.496048 0.053971 0.119073 0.036660
1 0.244204 0.538187 0.110116 0.017312
10 0.244204 0.403768 0.110116 0.280041
10 0.206533 0.567210 0.016860 0.038697
0 0.244204 0.643585 0.110116 0.040733
1 0.370126 0.538187 0.110116 0.017312
10 0.370126 0.403768 0.110116 0.280041
10 0.335040 0.563136 0.013699 0.030550
0 0.370126 0.637475 0.110116 0.040733
1 0.496048 0.538187 0.110116 0.017312
10 0.496048 0.403768 0.110116 0.280041
10 0.460962 0.563136 0.013699 0.030550
0 0.496048 0.637475 0.110116 0.040733
1 0.621970 0.538187 0.110116 0.017312
10 0.621970 0.403768 0.110116 0.280041
10 0.584299 0.567210 0.016860 0.038697
0 0.621970 0.643585 0.110116 0.040733
1 0.747893 0.538187 0.110116 0.017312
10 0.747893 0.403768 0.110116 0.280041
10 0.710221 0.567210 0.016860 0.038697
0 0.747893 0.643585 0.110116 0.040733
10 0.244204 0.897658 0.110116 0.204684
10 0.370126 0.897658 0.110116 0.204684
10 0.496048 0.897658 0.110116 0.204684
10 0.621970 0.897658 0.110116 0.204684
10 0.747893 0.897658 0.110116 0.204684
1 0.585090 0.887984 0.064690 0.014257
1 0.683614 0.877800 0.054795 0.031568
