0 0.196691 0.032487 0.065126 0.020305
2 0.377216 0.032487 0.274915 0.040609
1 0.495765 0.032487 0.037815 0.040609
0 0.557474 0.031980 0.022576 0.026586
0 0.600611 0.031980 0.030085 0.026586
0 0.645627 0.031980 0.026334 0.026586
1 0.690044 0.031980 0.028887 0.026586
0 0.212447 0.104061 0.096639 0.029442
0 0.212447 0.151269 0.096639 0.028426
0 0.212447 0.187817 0.096639 0.028426
0 0.212447 0.224365 0.096639 0.028426
0 0.212447 0.260914 0.096639 0.028426
0 0.212447 0.297462 0.096639 0.028426
0 0.212447 0.334010 0.096639 0.028426
0 0.212447 0.370558 0.096639 0.028426
0 0.212447 0.407107 0.096639 0.028426
0 0.212447 0.443655 0.096639 0.028426
0 0.212447 0.480203 0.096639 0.028426
0 0.212447 0.516751 0.096639 0.028426
0 0.325893 0.104061 0.096639 0.029442
0 0.325893 0.151269 0.096639 0.028426
0 0.325893 0.187817 0.096639 0.028426
0 0.325893 0.224365 0.096639 0.028426
0 0.325893 0.260914 0.096639 0.028426
0 0.325893 0.297462 0.096639 0.028426
0 0.325893 0.334010 0.096639 0.028426
0 0.325893 0.370558 0.096639 0.028426
0 0.325893 0.407107 0.096639 0.028426
0 0.325893 0.443655 0.096639 0.028426
0 0.439338 0.104061 0.096639 0.029442
0 0.439338 0.151269 0.096639 0.028426
0 0.439338 0.187817 0.096639 0.028426
0 0.439338 0.224365 0.096639 0.028426
0 0.439338 0.260914 0.096639 0.028426
0 0.439338 0.297462 0.096639 0.028426
0 0.439338 0.334010 0.096639 0.028426
0 0.439338 0.370558 0.096639 0.028426
0 0.552784 0.104061 0.096639 0.029442
0 0.552784 0.151269 0.096639 0.028426
0 0.552784 0.187817 0.096639 0.028426
0 0.552784 0.224365 0.096639 0.028426
0 0.552784 0.260914 0.096639 0.028426
0 0.552784 0.297462 0.096639 0.028426
0 0.552784 0.334010 0.096639 0.028426
0 0.552784 0.370558 0.096639 0.028426
0 0.552784 0.407107 0.096639 0.028426
0 0.552784 0.443655 0.096639 0.028426
0 0.666229 0.104061 0.096639 0.029442
0 0.666229 0.151269 0.096639 0.028426
0 0.666229 0.187817 0.096639 0.028426
0 0.666229 0.224365 0.096639 0.028426
0 0.666229 0.260914 0.096639 0.028426
0 0.666229 0.297462 0.096639 0.028426
0 0.666229 0.334010 0.096639 0.028426
0 0.666229 0.370558 0.096639 0.028426
0 0.666229 0.407107 0.096639 0.028426
0 0.666229 0.443655 0.096639 0.028426
0 0.666229 0.480203 0.096639 0.028426
0 0.779674 0.151269 0.096639 0.028426
0 0.779674 0.187817 0.096639 0.028426
0 0.779674 0.224365 0.096639 0.028426
0 0.779674 0.285787 0.096639 0.029442
1 0.779674 0.341117 0.096639 0.044670
0 0.758362 0.032487 0.026868 0.036548
0 0.807511 0.032487 0.040966 0.040609
0 0.186458 0.085787 0.057264 0.038579
0 0.230182 0.085787 0.021780 0.038579
0 0.263750 0.085787 0.036953 0.038579
0 0.302886 0.085787 0.032916 0.038579
0 0.345736 0.085787 0.044380 0.038579
0 0.404605 0.085787 0.064954 0.038579
0 0.458902 0.085787 0.035238 0.038579
0 0.499713 0.085787 0.037979 0.038579
0 0.555447 0.085787 0.065085 0.038579
0 0.617077 0.085787 0.049772 0.038579
1 0.651072 0.090355 0.018218 0.017259
0 0.554741 0.565371 0.158605 0.190482
0 0.210556 0.790268 0.092856 0.151507
0 0.309714 0.790268 0.092856 0.151507
0 0.408872 0.790268 0.092856 0.151507
0 0.508030 0.790268 0.092856 0.151507
0 0.607188 0.790268 0.092856 0.151507
0 0.234506 0.962857 0.140756 0.074286
0 0.471376 0.969908 0.311975 0.048604
0 0.798853 0.725278 0.035173 0.017148
1 0.823267 0.725270 0.009454 0.020305
0 0.724527 0.851396 0.108193 0.017544
