1 0.204044 0.152284 0.008403 0.018274
1 0.229254 0.152284 0.025210 0.050761
0 0.270331 0.152284 0.040138 0.017259
0 0.496053 0.152284 0.157858 0.071066
0 0.713166 0.152284 0.054925 0.017259
0 0.770651 0.152284 0.043240 0.017259
1 0.726095 0.392973 0.097016 0.041624
1 0.726095 0.392973 0.071806 0.019289
0 0.234391 0.223858 0.022847 0.017259
0 0.271517 0.223858 0.017791 0.017259
0 0.301778 0.223858 0.009117 0.017259
0 0.335609 0.223858 0.024931 0.017259
0 0.381110 0.223858 0.032456 0.017259
0 0.427960 0.223858 0.027631 0.017259
0 0.477921 0.223858 0.038677 0.017259
0 0.517853 0.223858 0.007575 0.017259
0 0.568179 0.223858 0.059464 0.017259
0 0.629764 0.223858 0.030093 0.017259
0 0.676618 0.223858 0.030003 0.017259
0 0.718926 0.223858 0.021000 0.017259
0 0.757689 0.223858 0.022912 0.017259
0 0.408876 0.800349 0.342125 0.111675
0 0.415261 0.929791 0.052226 0.019289
0 0.204073 0.995098 0.008461 0.009803
0 0.326521 0.995098 0.008461 0.009803
0 0.510188 0.995098 0.008461 0.009803
0 0.713457 0.378974 0.157481 0.082630
0 0.658700 0.326491 0.047966 0.014213
0 0.700733 0.486984 0.132033 0.042433
0 0.654888 0.454600 0.040343 0.014213
0 0.711274 0.574897 0.153115 0.042433
0 0.648487 0.542513 0.027541 0.014213
0 0.710946 0.959256 0.152459 0.042433
0 0.648487 0.926872 0.027541 0.014213
0 0.298377 0.361405 0.012605 0.032487
0 0.313009 0.361405 0.012605 0.032487
0 0.327641 0.361405 0.012605 0.032487
0 0.342273 0.361405 0.012605 0.032487
0 0.356905 0.361405 0.012605 0.032487
0 0.371537 0.361405 0.012605 0.032487
0 0.386169 0.361405 0.012605 0.032487
5 0.540720 0.294702 0.000525 0.001015
2 0.617988 0.323636 0.154010 0.056853
1 0.724597 0.323636 0.059209 0.056853
1 0.724597 0.323334 0.042403 0.019289
0 0.669963 0.370336 0.032563 0.012183
0 0.724749 0.370336 0.035173 0.012183
0 0.695534 0.406885 0.035173 0.012183
0 0.643546 0.416022 0.206178 0.030457
0 0.243246 0.488103 0.027459 0.014213
0 0.278095 0.488103 0.025432 0.014213
0 0.316336 0.488103 0.034245 0.014213
0 0.525957 0.504346 0.048762 0.020305
