1 0.206270 0.057026 0.063224 0.048880
18 0.576849 0.057026 0.012645 0.025299
18 0.576849 0.057456 0.012645 0.024440
18 0.576849 0.057456 0.012645 0.024440
17 0.610219 0.057026 0.041450 0.024440
1 0.613643 0.057026 0.034601 0.024440
19 0.602666 0.057026 0.012645 0.024440
17 0.663951 0.057026 0.053370 0.024440
0 0.667376 0.057026 0.046521 0.024440
17 0.719182 0.057019 0.044446 0.018537
0 0.722607 0.056915 0.037597 0.018330
17 0.772046 0.057019 0.048637 0.018537
1 0.775471 0.056915 0.041787 0.018330
1 0.208315 0.121181 0.067316 0.018330
1 0.271676 0.121181 0.025685 0.018330
1 0.337485 0.121181 0.072214 0.018330
1 0.409601 0.121181 0.038297 0.018330
1 0.460905 0.121181 0.030591 0.018330
1 0.508311 0.121181 0.030501 0.018330
1 0.591811 0.121181 0.102781 0.018330
1 0.713498 0.127800 0.044553 0.035642
1 0.783983 0.115071 0.066913 0.061100
1 0.487619 0.183299 0.260439 0.022817
20 0.630483 0.185336 0.008430 0.016293
20 0.630483 0.185336 0.008430 0.016293
10 0.496048 0.467795 0.992097 0.479379
1 0.431770 0.879201 0.246575 0.241599
10 0.431770 0.879201 0.246575 0.241599
1 0.696259 0.879201 0.240253 0.241599
1 0.192571 0.911636 0.046365 0.060034
10 0.192571 0.911660 0.046365 0.060081
1 0.230506 0.933554 0.122234 0.112016
1 0.179659 0.996818 0.020540 0.006365
