0 0.211134 0.027094 0.110819 0.020305
0 0.317645 0.028109 0.051438 0.018274
0 0.368919 0.028109 0.025899 0.018274
0 0.402631 0.028109 0.016314 0.018274
0 0.436741 0.028109 0.026695 0.018274
0 0.477010 0.028109 0.028632 0.018274
0 0.518099 0.028109 0.028337 0.018274
0 0.572705 0.028109 0.055664 0.018274
2 0.868697 0.025888 0.106618 0.027411
0 0.496061 0.575635 0.806723 0.454822
0 0.491859 0.814467 0.621849 0.107107
0 0.249212 0.972589 0.178571 0.054822
0 0.496061 0.972589 0.178571 0.054822
0 0.742910 0.972589 0.178571 0.054822
