0 0.010504 0.020305 0.010504 0.020305
1 0.170956 0.336183 0.023109 0.044670
1 0.170956 0.336183 0.009979 0.016244
1 0.194065 0.336183 0.023109 0.044670
1 0.194065 0.336183 0.008403 0.016244
1 0.217174 0.336183 0.023109 0.044670
1 0.217174 0.336183 0.008403 0.016244
0 0.496061 0.336191 0.210084 0.034819
1 0.698989 0.336183 0.023109 0.044670
1 0.698989 0.336183 0.008403 0.016244
1 0.722098 0.336183 0.023109 0.044670
1 0.722098 0.336183 0.008403 0.016244
1 0.783712 0.336183 0.085412 0.044670
1 0.783712 0.336183 0.085412 0.044670
1 0.783712 0.336183 0.060202 0.028426
0 0.283515 0.409407 0.023241 0.060850
0 0.321654 0.409407 0.027828 0.060850
0 0.364680 0.409407 0.033014 0.060850
0 0.411121 0.409407 0.034656 0.060850
0 0.447783 0.409407 0.013459 0.060850
0 0.482282 0.409407 0.030331 0.060850
0 0.521415 0.409407 0.022724 0.060850
0 0.558684 0.409407 0.026605 0.060850
0 0.616556 0.409407 0.063928 0.060850
0 0.674538 0.409407 0.026827 0.060850
0 0.710388 0.409407 0.019663 0.060850
0 0.449736 0.637595 0.232881 0.300095
0 0.239016 0.548461 0.138746 0.131980
1 0.290228 0.743639 0.023109 0.044670
1 0.290228 0.743639 0.008403 0.016244
1 0.313337 0.743639 0.023109 0.044670
1 0.313337 0.743639 0.008403 0.016244
0 0.449736 0.910065 0.232881 0.179870
0 0.237871 0.850587 0.136456 0.071066
0 0.674702 0.563658 0.166631 0.060850
0 0.796218 0.591101 0.052521 0.101523
1 0.787815 0.668258 0.023109 0.044670
1 0.787815 0.668258 0.008403 0.016244
1 0.810924 0.668258 0.023109 0.044670
1 0.810924 0.668258 0.008403 0.016244
0 0.676372 0.758550 0.169971 0.085152
0 0.796218 0.773842 0.052521 0.101523
1 0.787815 0.850999 0.023109 0.044670
1 0.787815 0.850999 0.008403 0.016244
1 0.810924 0.850999 0.023109 0.044670
1 0.810924 0.850999 0.008403 0.016244
0 0.664740 0.929140 0.146706 0.060850
0 0.796218 0.952911 0.052521 0.094178
