0 0.314535 0.324873 0.298713 0.050761
0 0.722258 0.324873 0.040991 0.044670
0 0.775395 0.324873 0.040072 0.044670
1 0.816439 0.324873 0.021008 0.040609
0 0.504776 0.406091 0.047138 0.060914
8 0.528505 0.644956 0.094595 0.416815
8 0.528505 0.462333 0.077789 0.017053
0 0.528505 0.462333 0.077789 0.017053
8 0.528505 0.495630 0.077789 0.017053
0 0.528505 0.495630 0.077789 0.017053
8 0.528505 0.528926 0.077789 0.017053
0 0.528505 0.528926 0.077789 0.017053
8 0.528505 0.562222 0.077789 0.017053
0 0.528505 0.562222 0.077789 0.017053
8 0.528505 0.595519 0.077789 0.017053
0 0.528505 0.595519 0.077789 0.017053
8 0.528505 0.628815 0.077789 0.017053
0 0.528505 0.628815 0.077789 0.017053
8 0.528505 0.662111 0.077789 0.017053
0 0.528505 0.662111 0.077789 0.017053
8 0.528505 0.695408 0.077789 0.017053
0 0.528505 0.695408 0.077789 0.017053
8 0.528505 0.728704 0.077789 0.017053
0 0.528505 0.728704 0.077789 0.017053
8 0.528505 0.762000 0.077789 0.017053
0 0.528505 0.762000 0.077789 0.017053
8 0.528505 0.795297 0.077789 0.017053
0 0.528505 0.795297 0.077789 0.017053
8 0.528505 0.828593 0.077789 0.017053
0 0.528505 0.828593 0.077789 0.017053
0 0.544105 0.406091 0.031521 0.060914
8 0.561400 0.545067 0.066111 0.217037
8 0.561400 0.462333 0.049304 0.017053
0 0.561400 0.462333 0.049304 0.017053
8 0.561400 0.495630 0.049304 0.017053
0 0.561400 0.495630 0.049304 0.017053
8 0.561400 0.528926 0.049304 0.017053
0 0.561400 0.528926 0.049304 0.017053
8 0.561400 0.562222 0.049304 0.017053
0 0.561400 0.562222 0.049304 0.017053
8 0.561400 0.595519 0.049304 0.017053
0 0.561400 0.595519 0.049304 0.017053
8 0.561400 0.628815 0.049304 0.017053
0 0.561400 0.628815 0.049304 0.017053
0 0.582261 0.406091 0.044791 0.060914
8 0.589778 0.545067 0.059825 0.217037
8 0.589778 0.462333 0.043018 0.017053
0 0.589778 0.462333 0.043018 0.017053
8 0.589778 0.495630 0.043018 0.017053
0 0.589778 0.495630 0.043018 0.017053
8 0.589778 0.528926 0.043018 0.017053
0 0.589778 0.528926 0.043018 0.017053
8 0.589778 0.562222 0.043018 0.017053
0 0.589778 0.562222 0.043018 0.017053
8 0.589778 0.595519 0.043018 0.017053
0 0.589778 0.595519 0.043018 0.017053
8 0.589778 0.628815 0.043018 0.017053
0 0.589778 0.628815 0.043018 0.017053
0 0.627519 0.406091 0.045726 0.060914
8 0.636764 0.561715 0.064215 0.250333
8 0.636764 0.462333 0.047408 0.017053
0 0.636764 0.462333 0.047408 0.017053
8 0.636764 0.495630 0.047408 0.017053
0 0.636764 0.495630 0.047408 0.017053
8 0.636764 0.528926 0.047408 0.017053
0 0.636764 0.528926 0.047408 0.017053
8 0.636764 0.562222 0.047408 0.017053
0 0.636764 0.562222 0.047408 0.017053
8 0.636764 0.595519 0.047408 0.017053
0 0.636764 0.595519 0.047408 0.017053
8 0.636764 0.628815 0.047408 0.017053
0 0.636764 0.628815 0.047408 0.017053
8 0.636764 0.662111 0.047408 0.017053
0 0.636764 0.662111 0.047408 0.017053
0 0.692005 0.406091 0.083246 0.060914
8 0.692005 0.461826 0.083246 0.050555
8 0.692005 0.462333 0.066439 0.017053
0 0.692005 0.462333 0.066439 0.017053
0 0.755695 0.406091 0.044134 0.060914
8 0.759002 0.595011 0.050748 0.316926
8 0.759002 0.462333 0.033942 0.017053
0 0.759002 0.462333 0.033942 0.017053
8 0.759002 0.495630 0.033942 0.017053
0 0.759002 0.495630 0.033942 0.017053
8 0.759002 0.528926 0.033942 0.017053
0 0.759002 0.528926 0.033942 0.017053
8 0.759002 0.562222 0.033942 0.017053
0 0.759002 0.562222 0.033942 0.017053
8 0.759002 0.595519 0.033942 0.017053
0 0.759002 0.595519 0.033942 0.017053
8 0.759002 0.628815 0.033942 0.017053
0 0.759002 0.628815 0.033942 0.017053
8 0.759002 0.662111 0.033942 0.017053
0 0.759002 0.662111 0.033942 0.017053
8 0.759002 0.695408 0.033942 0.017053
0 0.759002 0.695408 0.033942 0.017053
8 0.759002 0.728704 0.033942 0.017053
0 0.759002 0.728704 0.033942 0.017053
0 0.795000 0.406091 0.034475 0.060914
8 0.818355 0.611659 0.081186 0.350222
8 0.818355 0.462333 0.064379 0.017053
0 0.818355 0.462333 0.064379 0.017053
8 0.818355 0.495630 0.064379 0.017053
0 0.818355 0.495630 0.064379 0.017053
8 0.818355 0.528926 0.064379 0.017053
0 0.818355 0.528926 0.064379 0.017053
8 0.818355 0.562222 0.064379 0.017053
0 0.818355 0.562222 0.064379 0.017053
8 0.818355 0.595519 0.064379 0.017053
0 0.818355 0.595519 0.064379 0.017053
8 0.818355 0.628815 0.064379 0.017053
0 0.818355 0.628815 0.064379 0.017053
8 0.818355 0.662111 0.064379 0.017053
0 0.818355 0.662111 0.064379 0.017053
8 0.818355 0.695408 0.064379 0.017053
0 0.818355 0.695408 0.064379 0.017053
8 0.818355 0.728704 0.064379 0.017053
0 0.818355 0.728704 0.064379 0.017053
8 0.818355 0.762000 0.064379 0.017053
0 0.818355 0.762000 0.064379 0.017053
0 0.819590 0.406091 0.014706 0.044670
1 0.282756 0.479188 0.069746 0.034518
1 0.282756 0.479188 0.069746 0.034518
0 0.014583 0.519186 0.029166 0.029235
0 0.050075 0.519186 0.045496 0.029235
0 0.100606 0.519186 0.058717 0.029235
0 0.158199 0.519186 0.060145 0.029235
0 0.215640 0.519186 0.059464 0.029235
0 0.273450 0.519186 0.059308 0.029235
0 0.329032 0.519186 0.056058 0.029235
0 0.383588 0.519186 0.056206 0.029235
0 0.457109 0.519186 0.058274 0.029235
0 0.518686 0.519186 0.068556 0.029235
0 0.585925 0.519186 0.069599 0.029235
0 0.641372 0.519186 0.045496 0.029235
0 0.691640 0.519186 0.058717 0.029235
0 0.749495 0.519186 0.060145 0.029235
0 0.807199 0.519186 0.059464 0.029235
0 0.864483 0.519186 0.059308 0.029235
0 0.920065 0.519186 0.056058 0.029235
0 0.973128 0.519186 0.053744 0.029235
0 0.380162 0.778173 0.429967 0.443655
0 0.719448 0.712183 0.214991 0.311675
0 0.719386 0.918480 0.214868 0.074524
