0 0.270024 0.394924 0.014394 0.018274
0 0.299169 0.394924 0.010283 0.018274
0 0.347763 0.405076 0.053292 0.018274
0 0.401297 0.405076 0.020163 0.018274
0 0.437192 0.405076 0.018013 0.018274
0 0.492224 0.405076 0.058438 0.018274
0 0.549185 0.405076 0.021870 0.018274
0 0.602395 0.405076 0.050937 0.018274
0 0.654834 0.405076 0.020327 0.018274
0 0.705546 0.405076 0.047482 0.018274
1 0.208246 0.485184 0.012605 0.040609
1 0.233718 0.485184 0.013130 0.027411
0 0.275411 0.486405 0.036642 0.018274
0 0.327624 0.486405 0.042575 0.018274
0 0.384913 0.486405 0.046793 0.018274
0 0.496061 0.485184 0.151261 0.081853
1 0.208246 0.563674 0.012605 0.040609
1 0.237920 0.563674 0.013130 0.027411
0 0.276059 0.563666 0.029535 0.015974
0 0.505839 0.563674 0.396411 0.018274
0 0.244686 0.568750 0.056074 0.018274
0 0.407198 0.568750 0.081383 0.018274
0 0.560457 0.568750 0.088186 0.018274
0 0.386555 0.865593 0.335609 0.268813
0 0.386555 0.706821 0.327206 0.032487
2 0.528361 0.040657 0.116597 0.027411
1 0.623359 0.040657 0.039785 0.027411
1 0.623359 0.041878 0.039785 0.018274
0 0.440549 0.074667 0.042419 0.014213
0 0.513081 0.074667 0.044938 0.014213
0 0.600483 0.091101 0.045406 0.014213
0 0.666299 0.091101 0.053990 0.014213
0 0.206408 0.193829 0.021008 0.040609
0 0.235819 0.193829 0.021008 0.040609
0 0.265231 0.193829 0.021008 0.040609
0 0.294643 0.193829 0.021008 0.040609
0 0.324055 0.193829 0.021008 0.040609
0 0.674571 0.194337 0.040433 0.021320
0 0.756270 0.194337 0.055738 0.021320
0 0.219423 0.297890 0.038636 0.021320
0 0.267968 0.297890 0.024841 0.021320
0 0.319627 0.297890 0.044864 0.021320
0 0.725840 0.309359 0.116597 0.030457
