1 0.164910 0.377800 0.084299 0.081466
10 0.164910 0.377800 0.084299 0.081466
1 0.668253 0.377800 0.052901 0.032587
1 0.746123 0.377800 0.076495 0.024440
1 0.809857 0.377800 0.024631 0.028513
0 0.856292 0.377800 0.041894 0.032587
1 0.148306 0.460285 0.051090 0.020367
1 0.213959 0.460285 0.046496 0.020367
1 0.277825 0.460285 0.047517 0.020367
1 0.328405 0.460285 0.019922 0.020367
1 0.370970 0.460285 0.031489 0.020367
1 0.440377 0.460285 0.073605 0.020367
1 0.506384 0.460285 0.024689 0.020367
1 0.543121 0.460285 0.015065 0.020367
1 0.588107 0.460285 0.041186 0.020367
1 0.641913 0.460285 0.032707 0.020367
1 0.710913 0.460285 0.071572 0.020367
1 0.776286 0.460285 0.025454 0.020367
1 0.837419 0.460285 0.063093 0.020367
10 0.258924 0.654102 0.272326 0.295984
1 0.258924 0.873377 0.272326 0.081466
10 0.616191 0.584012 0.136163 0.147658
1 0.548110 0.571283 0.272326 0.085540
10 0.616191 0.822301 0.136163 0.147658
1 0.548110 0.809572 0.272326 0.085540
10 0.789449 0.601316 0.175580 0.190412
1 0.789449 0.763732 0.175580 0.073320
1 0.757113 0.925057 0.071868 0.040733
0 0.974710 0.878628 0.016860 0.032587
