1 0.848920 0.121780 0.024521 0.016244
0 0.778365 0.311675 0.027828 0.039594
1 0.210347 0.371574 0.021008 0.038579
1 0.233456 0.371574 0.021008 0.038579
0 0.496061 0.332995 0.193671 0.040609
0 0.330903 0.410660 0.028698 0.017259
0 0.374606 0.410660 0.033499 0.017259
0 0.421891 0.410660 0.035862 0.017259
0 0.465521 0.410660 0.026187 0.017259
0 0.513340 0.410660 0.044241 0.017259
0 0.567133 0.410660 0.038135 0.017259
0 0.619194 0.410660 0.040778 0.017259
0 0.663874 0.410660 0.023372 0.017259
0 0.215599 0.476142 0.031513 0.060914
0 0.294114 0.457868 0.117114 0.016244
0 0.385759 0.476142 0.031513 0.060914
0 0.464273 0.457868 0.117114 0.016244
0 0.555918 0.476142 0.031513 0.060914
0 0.634433 0.457868 0.117114 0.016244
0 0.746910 0.485787 0.082630 0.017259
0 0.245577 0.553299 0.029018 0.016244
0 0.291553 0.654822 0.183421 0.162437
0 0.291553 0.862349 0.183421 0.236374
0 0.439909 0.553299 0.061819 0.016244
0 0.500447 0.622335 0.182896 0.097462
0 0.548828 0.734684 0.086134 0.110993
0 0.463334 0.860914 0.054179 0.016244
0 0.500447 0.913706 0.182896 0.064975
0 0.704692 0.699675 0.175174 0.225746
0 0.672507 0.834883 0.054179 0.016244
0 0.704692 0.891735 0.175174 0.073096
0 0.636551 0.944527 0.038890 0.016244
0 0.754464 0.993076 0.075630 0.013848
0 0.654510 0.994091 0.012359 0.011818
