1 0.171329 0.020305 0.028058 0.040609
0 0.463194 0.020305 0.504202 0.040609
1 0.829832 0.018782 0.007878 0.015228
0 0.185662 0.068020 0.056723 0.028426
1 0.165704 0.108629 0.008403 0.023350
11 0.195916 0.104569 0.045718 0.035533
1 0.195916 0.104569 0.045718 0.035533
1 0.197754 0.107107 0.033638 0.030457
11 0.242368 0.104569 0.047187 0.035533
1 0.242368 0.104569 0.047187 0.035533
1 0.244206 0.107107 0.035107 0.030457
11 0.290991 0.104569 0.050059 0.035533
1 0.290991 0.104569 0.050059 0.035533
1 0.292829 0.107107 0.037979 0.030457
11 0.331555 0.104569 0.031069 0.035533
1 0.331555 0.104569 0.031069 0.035533
1 0.333394 0.107107 0.018990 0.030457
11 0.369038 0.104569 0.043896 0.035533
1 0.369038 0.104569 0.043896 0.035533
1 0.370876 0.107107 0.031816 0.030457
11 0.408142 0.104569 0.034311 0.035533
1 0.408142 0.104569 0.034311 0.035533
1 0.409980 0.107107 0.022231 0.030457
11 0.460736 0.104569 0.070879 0.035533
1 0.460736 0.104569 0.070879 0.035533
1 0.462575 0.107107 0.058799 0.030457
11 0.520713 0.104569 0.027015 0.035533
1 0.520713 0.104569 0.027015 0.035533
1 0.522551 0.107107 0.014936 0.030457
1 0.731503 0.110152 0.034959 0.023350
0 0.727038 0.106599 0.026031 0.016244
1 0.769498 0.107107 0.032629 0.017259
0 0.806714 0.105584 0.013155 0.016244
0 0.828621 0.106599 0.014279 0.018274
1 0.570370 0.065990 0.131303 0.030457
0 0.667924 0.065482 0.039645 0.018274
1 0.697200 0.068528 0.011555 0.025381
0 0.729968 0.064975 0.026671 0.012183
0 0.793264 0.064975 0.083114 0.020305
1 0.163603 0.171066 0.012605 0.017259
1 0.182863 0.170661 0.015412 0.020098
1 0.206662 0.170661 0.017480 0.020098
1 0.227900 0.170661 0.010291 0.020098
1 0.256836 0.170661 0.032875 0.020098
1 0.286765 0.170661 0.012277 0.020098
1 0.313682 0.170661 0.026851 0.020098
1 0.345006 0.170661 0.021090 0.020098
1 0.367721 0.170661 0.009634 0.020098
1 0.395024 0.170661 0.030265 0.020098
0 0.207195 0.228426 0.099790 0.067005
0 0.333246 0.228426 0.099790 0.067005
0 0.459296 0.228426 0.099790 0.067005
0 0.585347 0.228426 0.099790 0.067005
0 0.711397 0.228426 0.099790 0.067005
0 0.327953 0.282432 0.341304 0.020701
0 0.252581 0.462437 0.080136 0.022335
0 0.340443 0.462437 0.043067 0.022335
0 0.423894 0.462437 0.071314 0.022335
0 0.535673 0.462437 0.099724 0.022335
0 0.645504 0.462437 0.067416 0.022335
0 0.732328 0.462437 0.053711 0.022335
0 0.322216 0.713959 0.330882 0.426904
0 0.316907 0.845685 0.286650 0.121827
0 0.302697 0.941624 0.258231 0.039594
0 0.272797 0.991371 0.150686 0.017259
0 0.581145 0.586294 0.157563 0.171574
0 0.579824 0.712690 0.154921 0.067005
0 0.581145 0.859391 0.157563 0.171574
0 0.581051 0.976142 0.157374 0.047716
0 0.698074 0.572589 0.020623 0.020305
0 0.750090 0.592386 0.124655 0.061929
0 0.698074 0.675127 0.020623 0.020305
0 0.744231 0.704569 0.112937 0.081218
0 0.699412 0.796954 0.023298 0.020305
0 0.741937 0.816751 0.108349 0.061929
0 0.750648 0.918274 0.125771 0.061929
0 0.752244 0.994416 0.128964 0.011168
0 0.097390 0.893845 0.024217 0.019289
0 0.273236 0.893845 0.018998 0.019289
0 0.428227 0.893845 0.043658 0.019289
0 0.172384 0.913658 0.014099 0.019289
0 0.333082 0.966482 0.043658 0.019289
0 0.391729 0.966482 0.044027 0.019289
1 0.760512 0.930425 0.065651 0.042243
