1 0.397919 0.198877 0.153056 0.018330
1 0.461246 0.443276 0.070576 0.018330
1 0.447029 0.836765 0.026483 0.012220
1 0.486939 0.836765 0.046142 0.012220
1 0.539906 0.836765 0.052596 0.012220
0 0.489508 0.736555 0.079911 0.018330
0 0.500000 0.737780 0.357218 0.041147
0 0.330348 0.161198 0.017914 0.040733
0 0.375753 0.737780 0.108725 0.041147
20 0.625922 0.737780 0.105374 0.041147
1 0.305017 0.020367 0.039960 0.022403
1 0.354361 0.020367 0.058730 0.022403
1 0.403957 0.020367 0.040462 0.022403
1 0.454438 0.020367 0.060500 0.022403
1 0.511389 0.020367 0.053403 0.022403
0 0.657403 0.017821 0.072445 0.035642
18 0.704426 0.017821 0.021602 0.035642
19 0.726554 0.017821 0.022655 0.035642
18 0.423188 0.089104 0.367978 0.045825
18 0.640020 0.089613 0.061998 0.044807
18 0.722467 0.086558 0.076668 0.024440
17 0.249712 0.074330 0.011542 0.025220
1 0.499473 0.074338 0.178082 0.061100
0 0.731115 0.074338 0.049888 0.028513
1 0.275850 0.132892 0.049839 0.039715
1 0.334884 0.132892 0.068230 0.039715
1 0.390753 0.132892 0.043508 0.039715
1 0.432552 0.132892 0.040092 0.039715
1 0.475624 0.132892 0.046052 0.039715
1 0.522194 0.132892 0.047089 0.039715
1 0.569975 0.132892 0.048472 0.039715
1 0.617233 0.132892 0.046044 0.039715
1 0.652418 0.132892 0.024327 0.039715
1 0.686360 0.132892 0.043557 0.039715
1 0.728600 0.132892 0.040923 0.039715
1 0.370163 0.180754 0.164754 0.053971
1 0.331924 0.620163 0.152784 0.183299
1 0.335085 0.755601 0.146462 0.034623
10 0.331924 0.912790 0.152784 0.145335
1 0.502622 0.877769 0.152784 0.052953
10 0.502622 0.656807 0.152784 0.305467
1 0.673320 0.741074 0.136978 0.052953
10 0.673320 0.656807 0.152784 0.305467
10 0.673320 0.920061 0.152784 0.159878
