0 0.848442 0.122152 0.024598 0.016293
1 0.779245 0.312627 0.027916 0.039715
0 0.209431 0.372709 0.021075 0.038697
18 0.232613 0.372709 0.021075 0.038697
1 0.496048 0.334012 0.194283 0.040733
1 0.330368 0.411914 0.028789 0.017312
1 0.374210 0.411914 0.033604 0.017312
1 0.421644 0.411914 0.035975 0.017312
1 0.465412 0.411914 0.026269 0.017312
1 0.513382 0.411914 0.044381 0.017312
1 0.567345 0.411914 0.038256 0.017312
1 0.619571 0.411914 0.040907 0.017312
1 0.664392 0.411914 0.023446 0.017312
1 0.214700 0.481670 0.031612 0.061100
10 0.214700 0.481670 0.031612 0.061100
1 0.293463 0.455193 0.117484 0.016293
1 0.385397 0.477597 0.031612 0.061100
10 0.385397 0.477597 0.031612 0.061100
1 0.464160 0.459267 0.117484 0.016293
1 0.556095 0.477597 0.031612 0.061100
10 0.556095 0.477597 0.031612 0.061100
1 0.634858 0.459267 0.117484 0.016293
1 0.747691 0.491344 0.082892 0.017312
1 0.471780 0.708105 0.240813 0.310304
10 0.471780 0.708105 0.240813 0.310304
1 0.226069 0.563136 0.054350 0.016293
1 0.268811 0.685336 0.139835 0.203666
1 0.260056 0.920570 0.062014 0.016293
1 0.317555 0.965377 0.237322 0.048880
1 0.497222 0.920570 0.040972 0.016293
1 0.522894 0.961303 0.138583 0.040733
1 0.705340 0.709959 0.175728 0.226435
10 0.705340 0.709959 0.175728 0.226435
1 0.675168 0.845580 0.043302 0.016293
1 0.705340 0.890386 0.175728 0.048880
1 0.755269 0.988472 0.075869 0.023056
10 0.755269 0.988472 0.075869 0.023056
1 0.630952 0.987128 0.026953 0.016293
