1 0.157826 0.050254 0.018382 0.035533
0 0.038997 0.056853 0.052784 0.020305
0 0.077206 0.119289 0.129202 0.039594
0 0.077206 0.160914 0.129202 0.039594
0 0.077206 0.202538 0.129202 0.039594
0 0.077206 0.244162 0.129202 0.039594
0 0.077206 0.285787 0.129202 0.039594
0 0.077206 0.327411 0.129202 0.039594
0 0.077206 0.369036 0.129202 0.039594
0 0.077206 0.410660 0.129202 0.039594
0 0.077206 0.452284 0.129202 0.039594
0 0.077206 0.493909 0.129202 0.039594
0 0.077206 0.535533 0.129202 0.039594
0 0.077206 0.577157 0.129202 0.039594
0 0.077206 0.618782 0.129202 0.039594
0 0.077206 0.660406 0.129202 0.039594
0 0.077206 0.702030 0.129202 0.039594
0 0.077206 0.743655 0.129202 0.039594
0 0.077206 0.785279 0.129202 0.039594
0 0.077206 0.826904 0.129202 0.039594
0 0.077206 0.914721 0.129202 0.052792
2 0.080197 0.915736 0.087915 0.034518
1 0.147145 0.046701 0.032735 0.016244
5 0.154498 0.046701 0.018029 0.015070
0 0.196954 0.177157 0.132353 0.039594
0 0.196954 0.218782 0.132353 0.039594
0 0.196954 0.260406 0.132353 0.039594
0 0.196954 0.302030 0.132353 0.039594
0 0.196954 0.343655 0.132353 0.039594
0 0.196954 0.385279 0.132353 0.039594
1 0.147145 0.046701 0.032735 0.016244
5 0.154498 0.046701 0.018029 0.015070
0 0.196954 0.177157 0.132353 0.039594
0 0.196954 0.218782 0.132353 0.039594
0 0.196954 0.260406 0.132353 0.039594
0 0.196954 0.302030 0.132353 0.039594
0 0.196954 0.343655 0.132353 0.039594
0 0.196954 0.385279 0.132353 0.039594
1 0.147145 0.046701 0.032735 0.016244
5 0.154498 0.046701 0.018029 0.015070
0 0.196954 0.177157 0.132353 0.039594
0 0.196954 0.218782 0.132353 0.039594
0 0.196954 0.260406 0.132353 0.039594
1 0.147145 0.046701 0.032735 0.016244
5 0.154498 0.046701 0.018029 0.015070
0 0.196954 0.177157 0.132353 0.039594
0 0.196954 0.218782 0.132353 0.039594
0 0.196954 0.260406 0.132353 0.039594
0 0.196954 0.302030 0.132353 0.039594
1 0.147145 0.046701 0.032735 0.016244
5 0.154498 0.046701 0.018029 0.015070
0 0.196954 0.177157 0.132353 0.039594
0 0.196954 0.218782 0.132353 0.039594
0 0.196954 0.260406 0.132353 0.039594
0 0.196954 0.302030 0.132353 0.039594
0 0.196954 0.343655 0.132353 0.039594
0 0.196954 0.385279 0.132353 0.039594
0 0.196954 0.426904 0.132353 0.039594
0 0.196954 0.468528 0.132353 0.039594
0 0.196954 0.668195 0.120798 0.065990
0 0.196954 0.575016 0.120798 0.039594
8 0.078782 0.886802 0.132353 0.035533
1 0.078782 0.961421 0.132353 0.035533
1 0.044118 0.961421 0.063025 0.035533
1 0.113445 0.961421 0.063025 0.035533
0 0.574842 0.582741 0.630252 0.609137
0 0.335347 0.959898 0.151261 0.080203
0 0.496061 0.959898 0.144958 0.080203
0 0.653624 0.959898 0.144958 0.080203
0 0.814338 0.959898 0.151261 0.080203
