1 0.639575 0.332994 0.081377 0.065173
1 0.712469 0.332994 0.050711 0.065173
1 0.765250 0.332994 0.041154 0.065173
1 0.369600 0.433809 0.158061 0.120163
10 0.417545 0.433809 0.051633 0.099796
1 0.538198 0.433809 0.158061 0.120163
10 0.586143 0.433809 0.051633 0.099796
1 0.706797 0.433809 0.158061 0.120163
10 0.754742 0.433809 0.051633 0.099796
1 0.875395 0.433809 0.158061 0.120163
10 0.923340 0.433809 0.051633 0.099796
1 0.982482 0.433809 0.035037 0.120163
0 0.818493 0.433809 0.018967 0.036660
0 0.777620 0.524488 0.016415 0.028609
1 0.700474 0.566701 0.170706 0.113035
1 0.199947 0.604888 0.071654 0.052953
1 0.271602 0.604888 0.071654 0.052953
1 0.343256 0.604888 0.071654 0.052953
1 0.414910 0.604888 0.071654 0.052953
1 0.486565 0.604888 0.071654 0.052953
17 0.536091 0.596741 0.021075 0.040733
1 0.175086 0.654277 0.021931 0.017312
1 0.208739 0.654277 0.036947 0.017312
1 0.237326 0.654277 0.011797 0.017312
1 0.270190 0.654277 0.045500 0.017312
1 0.317497 0.654277 0.040684 0.017312
1 0.355670 0.654277 0.027233 0.017312
1 0.395770 0.654277 0.044537 0.017312
1 0.435652 0.654277 0.026796 0.017312
1 0.487882 0.654277 0.069234 0.017312
1 0.541475 0.654277 0.029521 0.017312
1 0.569139 0.654277 0.017378 0.017312
1 0.597282 0.654277 0.030476 0.017312
1 0.634640 0.654277 0.035811 0.017312
1 0.538198 0.842159 0.495258 0.315682
1 0.622497 0.901413 0.326660 0.197174
10 0.622497 0.901413 0.326660 0.197174
10 0.892914 0.901413 0.214173 0.197174
1 0.369600 0.954684 0.153846 0.055563
1 0.369600 0.995815 0.153846 0.008369
