1 0.481618 0.017560 0.963235 0.035121
1 0.967174 0.017560 0.007878 0.014213
1 0.025210 0.065990 0.008403 0.016244
0 0.496061 0.070051 0.353762 0.032487
0 0.339799 0.112690 0.041237 0.052792
1 0.353064 0.112690 0.006303 0.028426
0 0.366449 0.164927 0.086134 0.035438
0 0.366449 0.200365 0.086134 0.035438
0 0.366449 0.235803 0.086134 0.035438
0 0.366449 0.271240 0.086134 0.035438
0 0.366449 0.306678 0.086134 0.035438
0 0.366449 0.342116 0.086134 0.035438
0 0.366449 0.377554 0.086134 0.035438
0 0.366449 0.412992 0.086134 0.035438
0 0.387864 0.112690 0.038086 0.052792
1 0.399554 0.112690 0.006303 0.028426
0 0.416089 0.164927 0.086134 0.035438
0 0.416089 0.200365 0.086134 0.035438
0 0.416089 0.235803 0.086134 0.035438
0 0.416089 0.271240 0.086134 0.035438
0 0.416089 0.306678 0.086134 0.035438
0 0.438788 0.112690 0.046957 0.052792
1 0.454914 0.112690 0.006303 0.028426
0 0.462579 0.164927 0.086134 0.035438
0 0.462579 0.200365 0.086134 0.035438
0 0.462579 0.235803 0.086134 0.035438
0 0.462579 0.271240 0.086134 0.035438
0 0.462579 0.306678 0.086134 0.035438
0 0.462579 0.342116 0.086134 0.035438
0 0.462579 0.377554 0.086134 0.035438
0 0.493312 0.112690 0.045283 0.052792
1 0.508600 0.112690 0.006303 0.028426
0 0.517939 0.164927 0.086134 0.035438
0 0.517939 0.200365 0.086134 0.035438
0 0.549284 0.112690 0.049854 0.052792
1 0.566858 0.112690 0.006303 0.028426
0 0.576841 0.164927 0.096565 0.035438
0 0.576841 0.200365 0.096565 0.035438
0 0.576841 0.235803 0.096565 0.035438
0 0.576841 0.271240 0.096565 0.035438
0 0.576841 0.306678 0.096565 0.035438
0 0.576841 0.342116 0.096565 0.035438
0 0.576841 0.377554 0.096565 0.035438
0 0.605813 0.112690 0.046399 0.052792
1 0.621660 0.112690 0.006303 0.028426
0 0.629883 0.164927 0.086134 0.035438
0 0.629883 0.200365 0.086134 0.035438
0 0.629883 0.235803 0.086134 0.035438
0 0.629883 0.271240 0.086134 0.035438
0 0.629883 0.306678 0.086134 0.035438
0 0.629883 0.342116 0.086134 0.035438
0 0.629883 0.377554 0.086134 0.035438
0 0.629883 0.412992 0.086134 0.035438
0 0.629883 0.448430 0.086134 0.035438
0 0.629883 0.483867 0.086134 0.035438
0 0.655179 0.112690 0.035526 0.052792
1 0.665589 0.112690 0.006303 0.028426
0 0.684685 0.164927 0.086134 0.035438
0 0.684685 0.200365 0.086134 0.035438
0 0.684685 0.235803 0.086134 0.035438
0 0.684685 0.271240 0.086134 0.035438
0 0.684685 0.306678 0.086134 0.035438
0 0.684685 0.342116 0.086134 0.035438
0 0.684685 0.377554 0.086134 0.035438
0 0.684685 0.412992 0.086134 0.035438
1 0.897153 0.070051 0.038266 0.032487
1 0.939498 0.070051 0.029617 0.032487
1 0.939498 0.070051 0.029617 0.032487
1 0.966912 0.070051 0.008403 0.032487
1 0.333246 0.374952 0.304622 0.392544
1 0.520393 0.185684 0.044462 0.014007
1 0.566447 0.185684 0.029789 0.014007
1 0.574317 0.237770 0.152311 0.065799
1 0.510750 0.663103 0.043609 0.015228
1 0.559090 0.663103 0.040466 0.015228
1 0.618049 0.663103 0.064847 0.015228
1 0.295168 0.852443 0.228466 0.294416
1 0.536239 0.852443 0.228466 0.294416
1 0.737132 0.347208 0.148109 0.190863
1 0.677086 0.461826 0.028017 0.014007
1 0.737132 0.501618 0.148109 0.049334
1 0.677086 0.607606 0.028017 0.014007
1 0.737132 0.644654 0.148109 0.043845
1 0.672072 0.739776 0.017988 0.014007
1 0.737132 0.776824 0.148109 0.043845
1 0.677086 0.871946 0.028017 0.014007
1 0.737132 0.908994 0.148109 0.043845
