0 0.481560 0.017614 0.963119 0.035228
20 0.967071 0.017614 0.007903 0.014257
17 0.025290 0.066191 0.008430 0.016293
1 0.496048 0.070265 0.353003 0.032587
17 0.347080 0.113035 0.038173 0.052953
17 0.358791 0.113035 0.006322 0.028513
17 0.375412 0.165431 0.086407 0.035546
17 0.375412 0.200977 0.086407 0.035546
17 0.375412 0.236523 0.086407 0.035546
17 0.375412 0.272069 0.086407 0.035546
17 0.375412 0.307615 0.086407 0.035546
17 0.375412 0.343161 0.086407 0.035546
17 0.375412 0.378707 0.086407 0.035546
17 0.375412 0.414253 0.086407 0.035546
17 0.393070 0.113035 0.036947 0.052953
17 0.404167 0.113035 0.006322 0.028513
17 0.422015 0.165431 0.086407 0.035546
17 0.422015 0.200977 0.086407 0.035546
17 0.422015 0.236523 0.086407 0.035546
17 0.422015 0.272069 0.086407 0.035546
17 0.422015 0.307615 0.086407 0.035546
17 0.441925 0.113035 0.043903 0.052953
17 0.456500 0.113035 0.006322 0.028513
17 0.467392 0.165431 0.086407 0.035546
17 0.467392 0.200977 0.086407 0.035546
17 0.467392 0.236523 0.086407 0.035546
17 0.467392 0.272069 0.086407 0.035546
17 0.467392 0.307615 0.086407 0.035546
17 0.467392 0.343161 0.086407 0.035546
17 0.467392 0.378707 0.086407 0.035546
17 0.493653 0.113035 0.042693 0.052953
17 0.507623 0.113035 0.006322 0.028513
17 0.519725 0.165431 0.086407 0.035546
17 0.519725 0.200977 0.086407 0.035546
17 0.546826 0.113035 0.046793 0.052953
17 0.562846 0.113035 0.006322 0.028513
17 0.571506 0.165431 0.087724 0.035546
17 0.571506 0.200977 0.087724 0.035546
17 0.571506 0.236523 0.087724 0.035546
17 0.571506 0.272069 0.087724 0.035546
17 0.571506 0.307615 0.087724 0.035546
17 0.571506 0.343161 0.087724 0.035546
17 0.571506 0.378707 0.087724 0.035546
17 0.600196 0.113035 0.043088 0.052953
17 0.614364 0.113035 0.006322 0.028513
17 0.626070 0.165431 0.086407 0.035546
17 0.626070 0.200977 0.086407 0.035546
17 0.626070 0.236523 0.086407 0.035546
17 0.626070 0.272069 0.086407 0.035546
17 0.626070 0.307615 0.086407 0.035546
17 0.626070 0.343161 0.086407 0.035546
17 0.626070 0.378707 0.086407 0.035546
17 0.626070 0.414253 0.086407 0.035546
17 0.626070 0.449800 0.086407 0.035546
17 0.626070 0.485346 0.086407 0.035546
17 0.647133 0.113035 0.033926 0.052953
17 0.656719 0.113035 0.006322 0.028513
17 0.677588 0.165431 0.086407 0.035546
17 0.677588 0.200977 0.086407 0.035546
17 0.677588 0.236523 0.086407 0.035546
17 0.677588 0.272069 0.086407 0.035546
17 0.677588 0.307615 0.086407 0.035546
17 0.677588 0.343161 0.086407 0.035546
17 0.677588 0.378707 0.086407 0.035546
17 0.677588 0.414253 0.086407 0.035546
0 0.900224 0.070265 0.035136 0.032587
0 0.940192 0.070265 0.027941 0.032587
0 0.940192 0.070265 0.027941 0.032587
18 0.966807 0.070265 0.008430 0.032587
0 0.332719 0.376098 0.305585 0.393744
10 0.332719 0.376098 0.305585 0.393744
0 0.507467 0.186251 0.018622 0.014050
0 0.574552 0.254996 0.152792 0.099001
0 0.482436 0.665129 0.043623 0.015275
0 0.557194 0.665129 0.093248 0.015275
0 0.630544 0.665129 0.040808 0.015275
0 0.294521 0.853695 0.229189 0.292611
10 0.294521 0.853695 0.229189 0.292611
0 0.536354 0.853695 0.229189 0.292611
10 0.536354 0.853695 0.229189 0.292611
0 0.737882 0.348269 0.148577 0.191446
10 0.737882 0.348269 0.148577 0.191446
0 0.678704 0.463237 0.030221 0.014050
0 0.737882 0.503150 0.148577 0.049484
0 0.672904 0.609463 0.018622 0.014050
0 0.737882 0.646624 0.148577 0.043979
0 0.675888 0.742036 0.024590 0.014050
0 0.737882 0.790192 0.148577 0.065969
0 0.678704 0.896600 0.030221 0.014050
0 0.737882 0.933761 0.148577 0.043979
