0 0.168855 0.093401 0.183824 0.040609
0 0.168855 0.093401 0.183824 0.040609
0 0.168855 0.093401 0.183824 0.040609
0 0.119748 0.035533 0.033088 0.036548
1 0.897847 0.035533 0.021008 0.040609
0 0.229418 0.036747 0.013508 0.015625
0 0.257599 0.036747 0.027098 0.015625
0 0.307211 0.036747 0.056370 0.015625
1 0.147847 0.035533 0.021008 0.040609
1 0.674813 0.035533 0.021008 0.040609
0 0.774664 0.035533 0.066070 0.017862
0 0.694303 0.035533 0.070493 0.017862
1 0.833078 0.035533 0.040252 0.030044
1 0.868960 0.035533 0.021008 0.040609
1 0.869063 0.092180 0.078576 0.030044
0 0.160546 0.135628 0.167206 0.040609
0 0.496061 0.468623 0.840336 0.710660
0 0.436626 0.757868 0.464113 0.058883
0 0.164559 0.933138 0.175231 0.040609
