0 0.146271 0.025381 0.025210 0.048731
1 0.210088 0.025381 0.043863 0.048731
0 0.268308 0.025381 0.058922 0.034518
0 0.718208 0.024365 0.066094 0.048731
0 0.785649 0.024365 0.068786 0.048731
0 0.835835 0.024365 0.031586 0.048731
0 0.231880 0.090355 0.183824 0.040609
2 0.729258 0.108629 0.237387 0.044670
1 0.835347 0.107614 0.016807 0.024365
0 0.313813 0.475825 0.347689 0.580076
0 0.587185 0.328522 0.165441 0.285470
0 0.769433 0.328522 0.165441 0.285470
0 0.587185 0.635311 0.165441 0.261104
0 0.769433 0.635311 0.165441 0.261104
0 0.313813 0.899683 0.347689 0.200635
0 0.678309 0.899683 0.347689 0.200635
