0 0.284139 0.032487 0.070378 0.048731
0 0.657563 0.032487 0.014706 0.028426
0 0.676471 0.032487 0.014706 0.028426
0 0.695378 0.032487 0.014706 0.028426
0 0.714286 0.032487 0.014706 0.028426
0 0.733193 0.032487 0.014706 0.028426
0 0.256996 0.090982 0.020294 0.052015
0 0.288361 0.090982 0.030405 0.052015
0 0.334259 0.090982 0.049345 0.052015
0 0.368176 0.090982 0.018489 0.052015
0 0.395770 0.090982 0.024652 0.052015
0 0.433270 0.090982 0.038316 0.052015
0 0.480227 0.090982 0.043551 0.052015
0 0.525062 0.090982 0.034089 0.052015
0 0.557662 0.090982 0.019063 0.052015
0 0.591165 0.090982 0.035895 0.052015
0 0.620466 0.090982 0.022707 0.052015
0 0.646021 0.090982 0.016355 0.052015
0 0.678251 0.090982 0.036059 0.052015
0 0.716735 0.090982 0.028862 0.052015
0 0.708008 0.490847 0.048270 0.022303
0 0.322787 0.544162 0.135069 0.044670
0 0.494071 0.544162 0.137318 0.044670
0 0.649069 0.544162 0.123802 0.044670
