0 0.398241 0.199032 0.152574 0.018274
0 0.461368 0.442687 0.070354 0.018274
0 0.447196 0.836501 0.026400 0.012183
0 0.486981 0.836501 0.045997 0.012183
0 0.539781 0.836501 0.052431 0.012183
1 0.489541 0.735073 0.079660 0.018274
1 0.500000 0.737817 0.356092 0.041022
1 0.330882 0.161469 0.017857 0.040609
1 0.376145 0.737817 0.108382 0.041022
1 0.625525 0.737817 0.105042 0.041022
0 0.296633 0.020305 0.021837 0.022335
0 0.327468 0.020305 0.039834 0.022335
0 0.376658 0.020305 0.058545 0.022335
0 0.426097 0.020305 0.040334 0.022335
0 0.476419 0.020305 0.060309 0.022335
0 0.533191 0.020305 0.053235 0.022335
8 0.571630 0.018782 0.022067 0.022335
1 0.656907 0.017766 0.072216 0.035533
1 0.703782 0.017766 0.021534 0.035533
1 0.725840 0.017766 0.022584 0.035533
2 0.423430 0.088832 0.366818 0.045685
1 0.639579 0.089340 0.061802 0.044670
1 0.721766 0.086294 0.076426 0.024365
5 0.250501 0.074104 0.011505 0.025143
0 0.499475 0.074112 0.177521 0.060914
1 0.730387 0.074112 0.049731 0.028426
0 0.276556 0.132487 0.049682 0.039594
0 0.335404 0.132487 0.068015 0.039594
0 0.391097 0.132487 0.043371 0.039594
0 0.432765 0.132487 0.039965 0.039594
0 0.475701 0.132487 0.045907 0.039594
0 0.522124 0.132487 0.046941 0.039594
0 0.569754 0.132487 0.048319 0.039594
0 0.616863 0.132487 0.045898 0.039594
0 0.651938 0.132487 0.024250 0.039594
0 0.685773 0.132487 0.043420 0.039594
0 0.727880 0.132487 0.040794 0.039594
0 0.361365 0.180203 0.145820 0.053807
0 0.332454 0.636548 0.152303 0.219289
0 0.325934 0.901015 0.139263 0.084264
0 0.502614 0.901491 0.152303 0.105584
0 0.505765 0.996431 0.146000 0.007138
0 0.672774 0.734232 0.152303 0.105584
