1 0.042335 0.037678 0.048843 0.018330
0 0.924131 0.037678 0.016860 0.032587
1 0.959620 0.037678 0.038610 0.038697
2 0.481033 0.321792 0.397260 0.054990
18 0.689146 0.321792 0.018967 0.036660
18 0.708114 0.321792 0.018967 0.036660
18 0.983140 0.032587 0.012645 0.024440
18 0.500000 0.207739 0.364067 0.002037
1 0.345100 0.533605 0.133825 0.073320
10 0.297155 0.533605 0.037935 0.073320
1 0.500000 0.533605 0.133825 0.073320
10 0.452055 0.533605 0.037935 0.073320
1 0.654900 0.533605 0.133825 0.073320
10 0.606955 0.533605 0.037935 0.073320
1 0.345100 0.631365 0.133825 0.073320
10 0.297155 0.631365 0.037935 0.073320
1 0.500000 0.631365 0.133825 0.073320
10 0.452055 0.631365 0.037935 0.073320
1 0.654900 0.631365 0.133825 0.073320
10 0.606955 0.631365 0.037935 0.073320
1 0.500000 0.704684 0.100723 0.016293
1 0.453854 0.704684 0.008430 0.016293
1 0.362602 0.975051 0.014193 0.015275
1 0.389324 0.975051 0.022392 0.015275
1 0.418207 0.975051 0.018515 0.015275
1 0.472216 0.975051 0.072642 0.015275
1 0.532016 0.975051 0.030097 0.015275
1 0.571481 0.975051 0.031974 0.015275
1 0.620196 0.975051 0.048596 0.015275
