0 0.222689 0.028426 0.060399 0.032487
0 0.331961 0.028426 0.067826 0.019289
0 0.403550 0.028426 0.041738 0.019289
0 0.473194 0.028426 0.063936 0.019289
0 0.549013 0.028426 0.054088 0.019289
0 0.625086 0.028426 0.064445 0.019289
0 0.713239 0.028426 0.078248 0.019289
0 0.783876 0.028426 0.008403 0.016244
0 0.432892 0.151269 0.087489 0.022335
1 0.496057 0.220812 0.073849 0.045685
1 0.496057 0.220812 0.073849 0.045685
0 0.195903 0.092386 0.050945 0.038579
0 0.252683 0.092386 0.038488 0.038579
0 0.303690 0.092386 0.039399 0.038579
0 0.354422 0.092386 0.037955 0.038579
0 0.405163 0.092386 0.039399 0.038579
0 0.450684 0.092386 0.027516 0.038579
0 0.500989 0.092386 0.048968 0.038579
0 0.557305 0.092386 0.039555 0.038579
0 0.602141 0.092386 0.025990 0.038579
0 0.649447 0.092386 0.044495 0.038579
0 0.695694 0.092386 0.023872 0.038579
0 0.745384 0.092386 0.051397 0.038579
0 0.802418 0.092386 0.038545 0.038579
0 0.188661 0.152284 0.036461 0.038579
0 0.487941 0.152284 0.038070 0.038579
0 0.795336 0.152284 0.052710 0.038579
0 0.326943 0.551269 0.329832 0.158376
0 0.307703 0.650761 0.280848 0.024365
0 0.328937 0.687310 0.323316 0.024365
0 0.309361 0.723858 0.284163 0.024365
0 0.580620 0.609137 0.160714 0.014213
0 0.518965 0.628426 0.037405 0.016244
0 0.580620 0.683249 0.160714 0.085279
0 0.191439 0.848731 0.058824 0.113706
0 0.254144 0.800000 0.058183 0.016244
0 0.273897 0.851174 0.097689 0.077982
0 0.360557 0.848731 0.058824 0.113706
0 0.413907 0.800000 0.039473 0.016244
0 0.443015 0.851174 0.097689 0.077982
0 0.529674 0.848731 0.058824 0.113706
0 0.578330 0.800000 0.030085 0.016244
0 0.612132 0.851174 0.097689 0.077982
0 0.698792 0.848731 0.058824 0.113706
0 0.743382 0.800000 0.021952 0.016244
0 0.781250 0.851174 0.097689 0.077982
0 0.181817 0.941117 0.039580 0.022335
0 0.191439 0.980203 0.058824 0.039594
0 0.251276 0.968528 0.052447 0.016244
0 0.273897 0.990355 0.097689 0.019289
0 0.352818 0.941117 0.043346 0.022335
0 0.360557 0.980203 0.058824 0.039594
0 0.418584 0.968528 0.048828 0.016244
0 0.443015 0.990355 0.097689 0.019289
0 0.518903 0.941117 0.037282 0.022335
0 0.529674 0.980203 0.058824 0.039594
0 0.584674 0.968528 0.042772 0.016244
0 0.612132 0.990355 0.097689 0.019289
0 0.698776 0.941117 0.058791 0.022335
