0 0.054097 0.045685 0.066176 0.032487
2 0.400210 0.045685 0.285025 0.038579
1 0.522765 0.045685 0.039916 0.038579
0 0.661239 0.045685 0.034664 0.032487
13 0.652311 0.045685 0.016807 0.032487
0 0.715861 0.045685 0.049370 0.032487
13 0.699580 0.045685 0.016807 0.032487
0 0.771534 0.045685 0.036765 0.016339
0 0.866071 0.045685 0.043067 0.038579
1 0.866071 0.045685 0.043067 0.038579
1 0.935662 0.045685 0.070903 0.038579
0 0.127363 0.116751 0.018908 0.020305
0 0.164128 0.116751 0.018908 0.020305
0 0.200893 0.116751 0.018908 0.020305
0 0.237658 0.116751 0.018908 0.020305
0 0.274422 0.116751 0.018908 0.020305
0 0.311187 0.116751 0.018908 0.020305
0 0.347952 0.116751 0.018908 0.020305
0 0.384716 0.116751 0.018908 0.020305
0 0.426208 0.116751 0.028361 0.020305
0 0.467700 0.116751 0.018908 0.020305
0 0.504308 0.116751 0.018596 0.020305
0 0.540917 0.116751 0.018908 0.020305
0 0.577682 0.116751 0.018908 0.020305
0 0.614447 0.116751 0.018908 0.020305
0 0.651211 0.116751 0.018908 0.020305
0 0.687976 0.116751 0.018908 0.020305
0 0.734194 0.116751 0.037815 0.020305
0 0.789867 0.116751 0.037815 0.020305
0 0.841337 0.116751 0.029412 0.020305
8 0.852892 0.117766 0.006303 0.012183
0 0.306275 0.203553 0.376206 0.035533
0 0.254727 0.254315 0.273109 0.035533
0 0.441833 0.254315 0.081933 0.035533
0 0.172794 0.313198 0.109244 0.021320
0 0.193922 0.357868 0.151498 0.021320
0 0.219013 0.402538 0.201681 0.021320
0 0.224790 0.447208 0.213235 0.021320
0 0.475172 0.313198 0.197192 0.021320
0 0.481737 0.357868 0.210322 0.021320
0 0.481618 0.402538 0.210084 0.021320
0 0.452206 0.447208 0.151261 0.021320
0 0.077862 0.218274 0.155725 0.067005
0 0.275473 0.218274 0.239496 0.067005
0 0.514968 0.218274 0.239496 0.067005
0 0.754464 0.218274 0.239496 0.067005
0 0.937106 0.218274 0.125788 0.067005
12 0.751838 0.189848 0.234244 0.020305
0 0.675551 0.323858 0.029412 0.016339
0 0.731486 0.323858 0.029412 0.016339
0 0.787421 0.323858 0.029412 0.016339
0 0.843356 0.323858 0.029412 0.016339
0 0.653099 0.365530 0.014706 0.016339
0 0.674398 0.365530 0.011087 0.016339
0 0.704918 0.365530 0.033146 0.016339
0 0.735823 0.365530 0.011858 0.016339
0 0.763052 0.365530 0.025793 0.016339
0 0.802734 0.365530 0.036765 0.016339
0 0.840550 0.365530 0.022059 0.016339
0 0.653099 0.405124 0.014706 0.016339
0 0.683561 0.405124 0.029412 0.016339
0 0.721376 0.405124 0.029412 0.016339
0 0.759191 0.405124 0.029412 0.016339
0 0.800683 0.405124 0.036765 0.016339
0 0.842174 0.405124 0.029412 0.016339
0 0.660452 0.444718 0.029412 0.016339
0 0.698267 0.444718 0.029412 0.016339
0 0.728729 0.444718 0.014706 0.016339
0 0.755515 0.444718 0.022059 0.016339
0 0.789653 0.444718 0.029412 0.016339
0 0.831145 0.444718 0.036765 0.016339
0 0.603204 0.517402 0.025210 0.016244
0 0.237658 0.684565 0.239496 0.259898
0 0.237658 0.768932 0.239496 0.091164
0 0.202731 0.871367 0.169643 0.048731
0 0.130515 0.911977 0.025210 0.016244
0 0.325105 0.882535 0.064601 0.071066
0 0.202731 0.975785 0.169643 0.048430
0 0.325105 0.975785 0.064601 0.048430
0 0.496061 0.684565 0.239496 0.259898
0 0.496061 0.782130 0.239496 0.064768
0 0.461134 0.871367 0.169643 0.048731
0 0.388918 0.911977 0.025210 0.016244
0 0.583508 0.882535 0.064601 0.071066
0 0.461134 0.975785 0.169643 0.048430
0 0.583508 0.975785 0.064601 0.048430
0 0.754235 0.856647 0.223625 0.019289
0 0.749737 0.909438 0.230042 0.019289
0 0.749737 0.962230 0.230042 0.019289
