1 0.496061 0.036548 0.482143 0.050761
0 0.674107 0.036548 0.024160 0.046701
1 0.712447 0.036548 0.044118 0.040609
0 0.021008 0.036548 0.014706 0.028426
1 0.919388 0.036548 0.023109 0.044670
1 0.919388 0.036548 0.023109 0.044670
1 0.957331 0.036548 0.044372 0.036548
1 0.957331 0.036548 0.044372 0.036548
1 0.957331 0.036548 0.044372 0.036548
1 0.957331 0.036548 0.023364 0.020305
0 0.272104 0.090355 0.032128 0.024365
1 0.326053 0.090355 0.050560 0.020305
1 0.326053 0.090355 0.050560 0.020305
0 0.641967 0.090355 0.022724 0.020305
0 0.680857 0.090355 0.029847 0.020305
0 0.722234 0.090355 0.027697 0.020305
0 0.055672 0.294908 0.094538 0.040609
0 0.055672 0.335517 0.094538 0.040609
0 0.055672 0.376126 0.094538 0.040609
0 0.055672 0.416735 0.094538 0.040609
0 0.055672 0.457345 0.094538 0.040609
0 0.055672 0.497954 0.094538 0.040609
0 0.055672 0.538563 0.094538 0.040609
0 0.055672 0.604553 0.094538 0.040609
12 0.055672 0.604553 0.094538 0.040609
0 0.055672 0.645162 0.094538 0.040609
0 0.055672 0.685771 0.094538 0.040609
0 0.031800 0.743639 0.038390 0.016244
0 0.028168 0.772065 0.031127 0.016244
1 0.024656 0.828918 0.024102 0.016244
13 0.031455 0.828918 0.010504 0.016244
1 0.278177 0.295923 0.039021 0.032487
1 0.278177 0.295416 0.026416 0.016244
1 0.316525 0.295923 0.037676 0.032487
1 0.316525 0.295416 0.025071 0.016244
1 0.372710 0.295923 0.074695 0.032487
1 0.372710 0.295416 0.062090 0.016244
1 0.428608 0.295923 0.037101 0.032487
1 0.428608 0.295416 0.024496 0.016244
1 0.460429 0.295923 0.026540 0.032487
1 0.460429 0.295416 0.013934 0.016244
1 0.496061 0.295923 0.044725 0.032487
1 0.496061 0.295416 0.032120 0.016244
1 0.548931 0.295923 0.061015 0.032487
1 0.548931 0.295416 0.048410 0.016244
1 0.602354 0.295923 0.045833 0.032487
1 0.602354 0.295416 0.033228 0.016244
1 0.649919 0.295923 0.049296 0.032487
1 0.649919 0.295416 0.036691 0.016244
1 0.690787 0.295923 0.032440 0.032487
1 0.690787 0.295416 0.019835 0.016244
1 0.733218 0.295923 0.052423 0.032487
1 0.733218 0.295416 0.039817 0.016244
1 0.773446 0.295923 0.028033 0.032487
1 0.773446 0.295416 0.015428 0.016244
1 0.805295 0.295923 0.035665 0.032487
1 0.805295 0.295416 0.023060 0.016244
1 0.844472 0.295923 0.042690 0.032487
1 0.844472 0.295416 0.030085 0.016244
1 0.891175 0.295923 0.050716 0.032487
1 0.891175 0.295416 0.038111 0.016244
1 0.932748 0.295923 0.032432 0.032487
1 0.932748 0.295416 0.019827 0.016244
1 0.974482 0.295923 0.051036 0.032487
1 0.977633 0.295416 0.044733 0.016244
1 0.639443 0.295923 0.016807 0.032487
1 0.639443 0.295923 0.008403 0.016244
0 0.452731 0.339578 0.390231 0.024365
1 0.622087 0.339578 0.010504 0.020305
0 0.452731 0.396431 0.390231 0.024365
0 0.452731 0.376126 0.390231 0.024365
0 0.452731 0.412674 0.390231 0.024365
1 0.523897 0.412674 0.010504 0.020305
0 0.452731 0.469527 0.390231 0.024365
0 0.452731 0.449223 0.390231 0.024365
1 0.313739 0.522319 0.074432 0.020305
0 0.354078 0.739578 0.190824 0.357360
0 0.275473 0.792370 0.016807 0.032487
0 0.344324 0.784248 0.112493 0.016244
1 0.424279 0.792370 0.012605 0.032487
1 0.379111 0.791862 0.010504 0.020305
1 0.440036 0.792370 0.018908 0.040609
0 0.354078 0.837040 0.174017 0.040609
0 0.553305 0.739578 0.190824 0.357360
0 0.474700 0.792370 0.016807 0.032487
0 0.522211 0.784248 0.069812 0.016244
1 0.623506 0.792370 0.012605 0.032487
1 0.578338 0.791862 0.010504 0.020305
1 0.639263 0.792370 0.018908 0.040609
0 0.553305 0.837040 0.174017 0.040609
0 0.752536 0.739578 0.190832 0.357360
0 0.673927 0.792370 0.016807 0.032487
0 0.748400 0.784248 0.123736 0.016244
1 0.822742 0.792370 0.012605 0.032487
1 0.777574 0.791862 0.010504 0.020305
1 0.838498 0.792370 0.018908 0.040609
0 0.752536 0.837040 0.174025 0.040609
0 0.344394 0.956837 0.171456 0.024365
1 0.484137 0.956837 0.043034 0.032487
1 0.516019 0.956837 0.016807 0.032487
0 0.397847 0.986540 0.244748 0.026919
0 0.588761 0.970297 0.118172 0.059407
1 0.168465 0.947208 0.039120 0.040609
