17 0.149010 0.034114 0.034584 0.039715
1 0.149010 0.034114 0.034584 0.039715
10 0.135933 0.035132 0.008430 0.016293
17 0.196136 0.034114 0.021733 0.039715
1 0.196136 0.034114 0.021733 0.017312
17 0.236194 0.034114 0.020449 0.039715
1 0.236194 0.034114 0.020449 0.017312
17 0.279962 0.034114 0.029151 0.039715
1 0.279962 0.034114 0.029151 0.017312
17 0.321790 0.034114 0.016572 0.039715
1 0.321790 0.034114 0.016572 0.017312
17 0.357325 0.034114 0.016563 0.039715
1 0.357325 0.034114 0.016563 0.017312
17 0.389250 0.030041 0.009352 0.039715
0 0.389250 0.032014 0.009352 0.019857
0 0.821387 0.034114 0.049600 0.039715
0 0.876721 0.034114 0.061068 0.044807
0 0.932816 0.034114 0.038478 0.039715
0 0.965753 0.034114 0.010537 0.039715
18 0.253952 0.226467 0.012645 0.024440
18 0.486565 0.225449 0.444152 0.022403
18 0.719178 0.226467 0.008957 0.024440
18 0.738145 0.226467 0.012645 0.024440
10 0.738145 0.226467 0.012645 0.024440
0 0.736038 0.226467 0.012645 0.024440
1 0.770285 0.225449 0.023182 0.044807
1 0.284436 0.276365 0.017222 0.022403
1 0.303551 0.276365 0.021009 0.022403
1 0.322124 0.276365 0.016135 0.022403
1 0.341186 0.276365 0.021989 0.022403
1 0.362903 0.276365 0.021445 0.022403
1 0.387213 0.276365 0.027175 0.022403
1 0.413601 0.276365 0.025603 0.022403
1 0.438871 0.276365 0.024936 0.022403
1 0.465292 0.276365 0.027908 0.022403
1 0.498876 0.276365 0.039260 0.022403
1 0.528612 0.276365 0.020210 0.022403
0 0.496048 0.321172 0.513699 0.042770
1 0.277109 0.321172 0.075820 0.042770
1 0.362779 0.321172 0.074445 0.042770
10 0.738409 0.220978 0.016860 0.032587
1 0.766518 0.322301 0.064649 0.021385
1 0.760426 0.354888 0.052465 0.021385
1 0.766000 0.387475 0.063611 0.021385
1 0.820197 0.478615 0.082999 0.040733
0 0.874341 0.478615 0.021075 0.040733
0 0.897524 0.478615 0.021075 0.040733
0 0.974183 0.979633 0.023182 0.032587
0 0.104057 0.478615 0.021075 0.040733
0 0.066674 0.586558 0.021075 0.040733
0 0.935961 0.586558 0.021075 0.040733
1 0.142518 0.578411 0.097998 0.142566
10 0.142518 0.600815 0.097998 0.089613
1 0.244731 0.578411 0.097998 0.142566
10 0.244731 0.600815 0.097998 0.089613
1 0.346944 0.578411 0.097998 0.142566
10 0.346944 0.600815 0.097998 0.089613
1 0.449157 0.578411 0.097998 0.142566
10 0.449157 0.600815 0.097998 0.089613
1 0.551370 0.578411 0.097998 0.142566
10 0.551370 0.600815 0.097998 0.089613
1 0.653583 0.578411 0.097998 0.142566
10 0.653583 0.600815 0.097998 0.089613
1 0.755796 0.578411 0.097998 0.142566
10 0.755796 0.600815 0.097998 0.089613
1 0.858008 0.578411 0.097998 0.142566
10 0.858008 0.600815 0.097998 0.089613
1 0.955611 0.578411 0.088778 0.142566
10 0.955611 0.600815 0.088778 0.089613
