1 0.128365 0.042640 0.018809 0.034518
0 0.167444 0.040609 0.059349 0.036548
2 0.467773 0.040609 0.257878 0.048731
1 0.612731 0.040609 0.032038 0.048731
1 0.698714 0.040609 0.060096 0.040609
1 0.684648 0.040609 0.016208 0.014213
1 0.701566 0.040609 0.017627 0.014213
1 0.762129 0.040609 0.062533 0.040609
0 0.828027 0.040609 0.050355 0.032487
1 0.148372 0.327300 0.021008 0.081218
0 0.290806 0.327300 0.305877 0.443433
0 0.761395 0.327300 0.305877 0.443433
1 0.597952 0.327300 0.021008 0.081218
0 0.502577 0.231472 0.096639 0.121827
1 0.487871 0.512468 0.067227 0.032487
1 0.462661 0.512468 0.016807 0.032487
1 0.513081 0.512468 0.016807 0.032487
0 0.488610 0.620082 0.086988 0.028426
0 0.526786 0.714816 0.163340 0.104188
0 0.526786 0.879600 0.163340 0.111675
0 0.526786 0.996145 0.163340 0.007709
0 0.711134 0.875857 0.163340 0.104188
0 0.711134 0.996145 0.163340 0.007709
