0 0.706145 0.142322 0.057248 0.028426
0 0.746061 0.019289 0.008403 0.016244
0 0.301733 0.009645 0.120798 0.012183
0 0.596901 0.009645 0.070378 0.012183
0 0.653624 0.009645 0.025210 0.012183
0 0.685662 0.009645 0.021008 0.012183
0 0.715336 0.009645 0.020483 0.012183
0 0.742647 0.009645 0.016282 0.012183
0 0.496324 0.062944 0.111870 0.054822
0 0.601448 0.058883 0.037815 0.052792
0 0.649422 0.058883 0.037815 0.052792
0 0.697389 0.058883 0.037815 0.052792
0 0.294725 0.058883 0.037815 0.052792
0 0.342700 0.058883 0.037815 0.052792
0 0.390666 0.058883 0.037815 0.052792
0 0.363396 0.117259 0.018382 0.013198
0 0.398848 0.117259 0.039916 0.013198
0 0.431936 0.117259 0.013655 0.013198
0 0.451894 0.117259 0.013655 0.013198
0 0.475266 0.117259 0.020483 0.013198
0 0.498638 0.117259 0.013655 0.013198
0 0.529625 0.117259 0.035714 0.013198
0 0.563764 0.117259 0.019958 0.013198
2 0.456933 0.146193 0.210708 0.034518
1 0.604041 0.146193 0.073004 0.034518
1 0.654724 0.146193 0.017857 0.034518
0 0.362608 0.169543 0.022059 0.012183
0 0.369748 0.197406 0.144958 0.017148
0 0.508666 0.197406 0.111870 0.017148
0 0.634979 0.197406 0.119748 0.017148
0 0.280725 0.237452 0.088235 0.030457
0 0.280725 0.267909 0.088235 0.030457
0 0.280725 0.298366 0.088235 0.030457
0 0.280725 0.328823 0.088235 0.030457
0 0.280725 0.359280 0.088235 0.030457
0 0.280725 0.389737 0.088235 0.030457
0 0.280725 0.420194 0.088235 0.030457
0 0.280725 0.450650 0.088235 0.030457
0 0.280725 0.481107 0.088235 0.030457
0 0.280725 0.511564 0.088235 0.030457
0 0.280725 0.542021 0.088235 0.030457
0 0.280725 0.572478 0.088235 0.030457
0 0.280725 0.602935 0.088235 0.030457
0 0.280725 0.633391 0.088235 0.030457
0 0.280725 0.663848 0.088235 0.030457
0 0.280725 0.694305 0.088235 0.030457
0 0.280725 0.724762 0.088235 0.030457
0 0.280725 0.755219 0.088235 0.030457
0 0.280725 0.785676 0.088235 0.030457
0 0.280725 0.816133 0.088235 0.030457
0 0.280725 0.846589 0.088235 0.030457
0 0.280725 0.877046 0.088235 0.030457
0 0.280725 0.907503 0.088235 0.030457
0 0.280725 0.937960 0.088235 0.030457
0 0.280725 0.968417 0.088235 0.030457
0 0.280725 0.991823 0.088235 0.016355
0 0.343225 0.234914 0.025210 0.035533
0 0.367384 0.234914 0.024160 0.035533
0 0.397059 0.234914 0.035189 0.035533
0 0.432248 0.234914 0.035189 0.035533
0 0.461922 0.234914 0.024160 0.035533
0 0.486082 0.234914 0.024160 0.035533
0 0.508666 0.234914 0.021008 0.035533
0 0.531250 0.234914 0.024160 0.035533
0 0.555410 0.234914 0.024160 0.035533
0 0.396534 0.290244 0.120273 0.014213
0 0.408351 0.316640 0.143908 0.014213
0 0.404674 0.343036 0.136555 0.014213
0 0.409664 0.369432 0.146534 0.014213
0 0.408088 0.395828 0.143382 0.014213
0 0.404149 0.422224 0.135504 0.014213
0 0.399160 0.448620 0.125525 0.014213
0 0.401261 0.475016 0.129727 0.014213
0 0.537553 0.334208 0.047269 0.142751
0 0.355567 0.502427 0.030987 0.014213
0 0.400735 0.502427 0.043592 0.014213
0 0.448792 0.556234 0.236345 0.050761
0 0.387868 0.610041 0.113445 0.034518
0 0.372637 0.646026 0.072479 0.017148
0 0.354779 0.671923 0.036765 0.013198
0 0.402311 0.671923 0.047794 0.013198
0 0.446429 0.671923 0.029937 0.013198
1 0.539653 0.671923 0.043067 0.018274
0 0.448792 0.754156 0.224790 0.081218
0 0.448792 0.858217 0.224790 0.106599
0 0.456933 0.852919 0.020483 0.015228
0 0.448792 0.960834 0.224790 0.078331
0 0.711397 0.367402 0.278361 0.302538
0 0.839286 0.223747 0.022584 0.015228
0 0.590074 0.544051 0.025210 0.013198
0 0.624475 0.544051 0.030987 0.014213
0 0.740284 0.544051 0.025210 0.018274
0 0.605305 0.592782 0.058824 0.067005
0 0.664128 0.592782 0.058824 0.067005
0 0.722952 0.592782 0.058824 0.067005
0 0.617122 0.649128 0.071954 0.013198
0 0.737132 0.649128 0.019958 0.013198
0 0.619748 0.694813 0.082458 0.045685
0 0.619748 0.735422 0.082458 0.019289
0 0.708508 0.694813 0.082458 0.045685
0 0.708508 0.735422 0.082458 0.019289
0 0.598214 0.759787 0.038340 0.013198
0 0.664128 0.790244 0.176471 0.035533
0 0.664128 0.825777 0.176471 0.035533
0 0.664128 0.861310 0.176471 0.035533
0 0.731880 0.919178 0.036765 0.013198
0 0.618435 0.960803 0.092437 0.035533
0 0.709821 0.960803 0.091387 0.035533
0 0.773372 0.972589 0.023109 0.044670
0 0.186187 0.500000 0.089286 1.000000
0 0.805935 0.500000 0.089286 1.000000
0 0.783613 0.018782 0.034139 0.017259
