13 0.053046 0.034518 0.093824 0.028264
11 0.148540 0.034010 0.034475 0.039594
0 0.148540 0.034010 0.034475 0.039594
11 0.195518 0.034010 0.021665 0.039594
0 0.195518 0.034010 0.021665 0.017259
11 0.235450 0.034010 0.020385 0.039594
0 0.235450 0.034010 0.020385 0.017259
11 0.279079 0.034010 0.029059 0.039594
0 0.279079 0.034010 0.029059 0.017259
11 0.320776 0.034010 0.016519 0.039594
0 0.320776 0.034010 0.016519 0.017259
11 0.356199 0.034010 0.016511 0.039594
0 0.356199 0.034010 0.016511 0.017259
11 0.388024 0.029949 0.009322 0.039594
1 0.388024 0.031916 0.009322 0.019797
1 0.821950 0.034010 0.049444 0.039594
1 0.877109 0.034010 0.060875 0.044670
1 0.933028 0.034010 0.038357 0.039594
1 0.965861 0.034010 0.010504 0.039594
5 0.254727 0.226396 0.012605 0.024365
4 0.486607 0.225381 0.442752 0.022335
1 0.718487 0.226396 0.008929 0.024365
1 0.737395 0.226396 0.012605 0.024365
1 0.735294 0.226396 0.012605 0.024365
0 0.769433 0.225381 0.023109 0.044670
0 0.285115 0.276142 0.017168 0.022335
0 0.304170 0.276142 0.020943 0.022335
0 0.322684 0.276142 0.016085 0.022335
0 0.341686 0.276142 0.021919 0.022335
0 0.363335 0.276142 0.021378 0.022335
0 0.387568 0.276142 0.027089 0.022335
0 0.413874 0.276142 0.025522 0.022335
0 0.439063 0.276142 0.024857 0.022335
0 0.465402 0.276142 0.027820 0.022335
0 0.498880 0.276142 0.039136 0.022335
0 0.528521 0.276142 0.020147 0.022335
1 0.496061 0.320812 0.512080 0.042640
0 0.277812 0.320812 0.075581 0.042640
0 0.363211 0.320812 0.074211 0.042640
0 0.749249 0.324365 0.031586 0.021320
0 0.756943 0.356853 0.046973 0.021320
0 0.751338 0.389340 0.035764 0.021320
0 0.816455 0.480203 0.088202 0.040609
1 0.873162 0.480203 0.021008 0.040609
1 0.896271 0.480203 0.021008 0.040609
1 0.974265 0.979695 0.023109 0.032487
1 0.105305 0.480203 0.021008 0.040609
1 0.068039 0.587817 0.021008 0.040609
1 0.934587 0.587817 0.021008 0.040609
0 0.143645 0.579695 0.097689 0.142132
0 0.245536 0.579695 0.097689 0.142132
0 0.347426 0.579695 0.097689 0.142132
0 0.449317 0.579695 0.097689 0.142132
0 0.551208 0.579695 0.097689 0.142132
0 0.653099 0.579695 0.097689 0.142132
0 0.754989 0.579695 0.097689 0.142132
0 0.856880 0.579695 0.097689 0.142132
0 0.954963 0.579695 0.090074 0.142132
