1 0.035037 0.031568 0.048999 0.054990
10 0.035037 0.031568 0.048999 0.030550
1 0.100307 0.031568 0.039392 0.036660
1 0.143601 0.031568 0.045089 0.036660
1 0.205698 0.031568 0.076997 0.036660
1 0.273520 0.031568 0.056540 0.036660
1 0.327586 0.031568 0.049485 0.036660
1 0.384117 0.031568 0.061471 0.036660
1 0.442271 0.031568 0.052728 0.036660
1 0.488071 0.031568 0.036766 0.036660
1 0.536395 0.031568 0.057775 0.036660
0 0.606329 0.031568 0.079986 0.036660
1 0.881322 0.031568 0.065513 0.036660
0 0.938336 0.031568 0.044298 0.036660
0 0.189410 0.101833 0.136986 0.036660
0 0.189410 0.146640 0.136986 0.036660
1 0.189410 0.350305 0.158061 0.305499
10 0.189937 0.299389 0.105374 0.203666
1 0.118282 0.210794 0.005269 0.010183
10 0.118282 0.210794 0.005269 0.010183
20 0.261064 0.211813 0.010537 0.020367
20 0.261064 0.211813 0.002107 0.014257
1 0.189410 0.560081 0.158061 0.089613
1 0.184141 0.652749 0.126449 0.038697
1 0.177238 0.644094 0.062064 0.015275
0 0.252634 0.652749 0.010537 0.024440
1 0.130046 0.708758 0.018259 0.048880
1 0.149837 0.708758 0.018259 0.048880
1 0.169619 0.708758 0.018259 0.048880
1 0.189410 0.708758 0.018259 0.048880
1 0.209200 0.708758 0.018259 0.048880
1 0.228983 0.708758 0.018259 0.048880
1 0.248773 0.708758 0.018259 0.048880
3 0.189410 0.751527 0.010537 0.020367
1 0.189410 0.891039 0.158061 0.217923
10 0.189937 0.883910 0.105374 0.203666
1 0.118282 0.795316 0.005269 0.010183
10 0.118282 0.795316 0.005269 0.010183
20 0.261064 0.796334 0.010537 0.020367
20 0.261064 0.796334 0.002107 0.014257
18 0.859589 0.083503 0.044257 0.040733
18 0.859589 0.083503 0.044257 0.040733
1 0.301946 0.130346 0.037507 0.022403
1 0.347726 0.130346 0.037194 0.022403
1 0.392588 0.130346 0.035671 0.022403
1 0.457167 0.130346 0.076627 0.024440
1 0.300559 0.285132 0.043162 0.032587
1 0.335979 0.285132 0.027677 0.032587
1 0.383891 0.285132 0.068147 0.032587
1 0.440534 0.285132 0.045138 0.032587
1 0.480407 0.285132 0.034609 0.032587
1 0.512801 0.285132 0.030180 0.032587
1 0.544352 0.285132 0.032921 0.032587
1 0.575248 0.285132 0.028871 0.032587
1 0.604530 0.285132 0.029694 0.032587
1 0.638888 0.285132 0.039021 0.032587
1 0.673620 0.285132 0.030443 0.032587
1 0.717890 0.285132 0.058096 0.032587
1 0.770704 0.285132 0.047534 0.032587
1 0.817197 0.285132 0.045451 0.032587
0 0.289515 0.285132 0.021075 0.032587
0 0.850459 0.285132 0.021075 0.032587
1 0.484457 0.344196 0.410959 0.052953
10 0.297945 0.344196 0.033720 0.048880
1 0.415816 0.386965 0.273676 0.024440
1 0.416051 0.415479 0.274145 0.024440
1 0.403805 0.443992 0.249654 0.024440
1 0.409424 0.472505 0.260891 0.024440
1 0.398186 0.501018 0.238417 0.024440
1 0.384887 0.529532 0.211818 0.024440
1 0.411408 0.558045 0.264859 0.024440
1 0.398071 0.586558 0.238187 0.024440
1 0.358951 0.615071 0.159946 0.024440
1 0.401265 0.643585 0.244575 0.024440
1 0.365990 0.672098 0.174024 0.024440
1 0.400598 0.700611 0.243241 0.024440
1 0.405340 0.729124 0.252725 0.024440
1 0.358313 0.757637 0.158670 0.024440
0 0.713119 0.342159 0.025290 0.048880
1 0.790042 0.342159 0.128556 0.048880
0 0.549439 0.490835 0.063578 0.036660
0 0.630088 0.490835 0.089288 0.036660
20 0.692044 0.366090 0.010537 0.023422
1 0.866965 0.342159 0.025290 0.048880
1 0.790042 0.387984 0.179136 0.042770
10 0.721549 0.387984 0.021075 0.040733
1 0.790042 0.449084 0.179136 0.079430
10 0.717334 0.456212 0.012645 0.024440
10 0.780204 0.456212 0.012645 0.024440
10 0.843437 0.456212 0.012645 0.024440
1 0.790042 0.598269 0.179136 0.194501
0 0.712065 0.717923 0.014752 0.028513
0 0.729394 0.717923 0.014752 0.028513
0 0.746724 0.717923 0.014752 0.028513
0 0.764053 0.717923 0.014752 0.028513
0 0.781382 0.717923 0.014752 0.028513
0 0.798703 0.717923 0.014752 0.028513
0 0.816032 0.717923 0.014752 0.028513
0 0.833361 0.717923 0.014752 0.028513
0 0.850690 0.717923 0.014752 0.028513
0 0.868019 0.717923 0.014752 0.028513
1 0.301757 0.806517 0.045558 0.036660
0 0.363573 0.806517 0.061216 0.036660
0 0.437467 0.806517 0.069712 0.036660
