0 0.262342 0.030457 0.089286 0.036548
2 0.438813 0.030457 0.199580 0.032487
0 0.670628 0.030457 0.047269 0.032487
0 0.739594 0.030457 0.069656 0.032487
0 0.496057 0.323858 0.091231 0.032487
0 0.276786 0.453807 0.012605 0.024365
0 0.393620 0.450761 0.204257 0.020305
0 0.511538 0.451570 0.024028 0.019892
0 0.566702 0.473604 0.063025 0.063959
0 0.333952 0.496447 0.063912 0.016244
0 0.373958 0.539086 0.164932 0.020305
0 0.472213 0.539895 0.024028 0.019892
0 0.566702 0.561929 0.063025 0.063959
0 0.333952 0.584772 0.063912 0.016244
0 0.368771 0.627411 0.154559 0.020305
0 0.461840 0.628220 0.024028 0.019892
0 0.566702 0.650254 0.063025 0.063959
0 0.333952 0.673096 0.063912 0.016244
0 0.404765 0.725682 0.226546 0.040197
0 0.358751 0.736437 0.024028 0.019892
0 0.566702 0.738579 0.063025 0.063959
0 0.330070 0.762627 0.056148 0.016244
0 0.405319 0.815213 0.227654 0.040197
0 0.329340 0.825968 0.024028 0.019892
0 0.566702 0.828109 0.063025 0.063959
0 0.329545 0.852157 0.055098 0.016244
0 0.405282 0.914689 0.227580 0.060089
0 0.358571 0.935390 0.024028 0.019892
0 0.566702 0.917640 0.063025 0.063959
0 0.320645 0.961580 0.037298 0.016244
0 0.405462 0.997034 0.227941 0.005933
0 0.566702 0.997541 0.063025 0.004918
0 0.695903 0.528934 0.157563 0.253807
