1 0.261591 0.030550 0.089568 0.036660
18 0.438620 0.030550 0.200211 0.032587
1 0.671167 0.030550 0.047418 0.032587
1 0.740352 0.030550 0.069876 0.032587
1 0.496044 0.324847 0.091519 0.032587
1 0.276080 0.455193 0.012645 0.024440
1 0.419463 0.452138 0.257261 0.020367
1 0.562179 0.452950 0.020597 0.019953
10 0.295047 0.479220 0.008430 0.016293
1 0.336324 0.479220 0.069909 0.016293
1 0.276080 0.525045 0.012645 0.024440
1 0.404797 0.531966 0.227929 0.040320
1 0.336176 0.542754 0.024104 0.019953
1 0.566913 0.544902 0.063224 0.064155
10 0.295047 0.569024 0.008430 0.016293
1 0.324742 0.569024 0.046743 0.016293
1 0.379746 0.611794 0.177827 0.020367
1 0.484498 0.612605 0.024104 0.019953
1 0.566913 0.634706 0.063224 0.064155
10 0.295047 0.657618 0.008430 0.016293
1 0.316620 0.657618 0.030501 0.016293
1 0.405019 0.720341 0.228374 0.060272
1 0.439007 0.741106 0.024104 0.019953
1 0.566913 0.723301 0.063224 0.064155
10 0.295047 0.767375 0.008430 0.016293
1 0.317559 0.767375 0.032378 0.016293
1 0.405163 0.830098 0.228662 0.060272
1 0.431556 0.850862 0.024104 0.019953
1 0.566913 0.833058 0.063224 0.064155
10 0.295047 0.877132 0.008430 0.016293
1 0.320078 0.877132 0.037416 0.016293
1 0.407007 0.929878 0.232350 0.040320
1 0.363837 0.940666 0.024104 0.019953
1 0.566913 0.942814 0.063224 0.064155
10 0.295047 0.966936 0.008430 0.016293
1 0.317937 0.966936 0.033135 0.016293
1 0.407209 0.999761 0.232753 0.000477
1 0.696523 0.805499 0.158061 0.254582
