1 0.040569 0.040733 0.064278 0.021385
1 0.095886 0.040733 0.046356 0.048880
18 0.415297 0.040733 0.533456 0.048880
1 0.723813 0.040733 0.041425 0.048880
1 0.775100 0.040733 0.061150 0.048880
1 0.827351 0.040733 0.043352 0.048880
1 0.868612 0.040733 0.039170 0.048880
0 0.920924 0.040733 0.040166 0.048880
0 0.968396 0.040733 0.046348 0.048880
0 0.257113 0.475560 0.101159 0.048880
19 0.369484 0.475560 0.115154 0.048880
10 0.635150 0.387268 0.110643 0.285132
10 0.724763 0.458859 0.073762 0.192464
10 0.635150 0.387268 0.175828 0.432408
10 0.724793 0.463134 0.138602 0.318293
10 0.635150 0.387268 0.175828 0.432408
10 0.724793 0.463134 0.138602 0.318293
10 0.635150 0.387268 0.110643 0.285132
10 0.724763 0.458859 0.073762 0.192464
10 0.635150 0.387268 0.110643 0.285132
10 0.724763 0.458859 0.073762 0.192464
0 0.773446 0.653768 0.018967 0.036660
0 0.512381 0.190428 0.025290 0.048880
0 0.512381 0.190428 0.025290 0.048880
0 0.512381 0.190428 0.025290 0.048880
0 0.512381 0.190428 0.025290 0.048880
1 0.531435 0.493882 0.051098 0.022801
0 0.394338 0.576963 0.052111 0.048880
0 0.536807 0.576963 0.074206 0.048880
0 0.603868 0.576963 0.055700 0.048880
