2 0.485032 0.212183 0.289916 0.046701
1 0.657826 0.212183 0.046218 0.048731
1 0.657826 0.212183 0.022059 0.022335
1 0.657826 0.212183 0.021008 0.020305
0 0.249212 0.392893 0.090336 0.040609
0 0.249212 0.392893 0.090336 0.040609
0 0.249212 0.433503 0.090336 0.040609
0 0.249212 0.433503 0.090336 0.040609
0 0.249212 0.474112 0.090336 0.040609
0 0.249212 0.514721 0.090336 0.040609
0 0.249212 0.514721 0.090336 0.040609
0 0.249212 0.555330 0.090336 0.040609
0 0.249212 0.555330 0.090336 0.040609
0 0.249212 0.595939 0.090336 0.040609
0 0.249212 0.595939 0.090336 0.040609
0 0.249212 0.636548 0.090336 0.040609
0 0.249212 0.636548 0.090336 0.040609
0 0.249212 0.677157 0.090336 0.040609
0 0.249212 0.677157 0.090336 0.040609
0 0.327468 0.441624 0.032563 0.052792
0 0.355567 0.429949 0.023634 0.021320
0 0.359617 0.454822 0.031734 0.016244
1 0.611607 0.429442 0.033613 0.028426
1 0.611607 0.429442 0.018908 0.012183
1 0.611607 0.429442 0.018908 0.012183
1 0.575807 0.637563 0.033014 0.016244
0 0.327468 0.710660 0.032563 0.052792
0 0.359506 0.698985 0.031513 0.021320
0 0.356261 0.723858 0.025021 0.016244
1 0.611607 0.698477 0.033613 0.028426
1 0.611607 0.698477 0.018908 0.012183
1 0.611607 0.698477 0.018908 0.012183
0 0.413710 0.752284 0.139919 0.020305
0 0.372132 0.825381 0.041007 0.020305
0 0.380010 0.898477 0.041007 0.020305
1 0.716649 0.475635 0.084034 0.034518
1 0.716645 0.475635 0.032506 0.016244
1 0.716645 0.475635 0.031455 0.014213
0 0.716649 0.648731 0.132353 0.040609
0 0.716649 0.689340 0.132353 0.040609
0 0.716649 0.729949 0.132353 0.040609
0 0.716649 0.770558 0.132353 0.040609
0 0.716649 0.811168 0.132353 0.040609
0 0.716649 0.851777 0.132353 0.040609
0 0.716649 0.892386 0.132353 0.040609
0 0.716649 0.932995 0.132353 0.040609
0 0.716649 0.973604 0.132353 0.040609
0 0.716649 0.996954 0.132353 0.006091
