1 0.040569 0.040733 0.064278 0.021385
1 0.095886 0.040733 0.046356 0.048880
1 0.715910 0.040733 0.041425 0.048880
1 0.767197 0.040733 0.061150 0.048880
1 0.819448 0.040733 0.043352 0.048880
1 0.860709 0.040733 0.039170 0.048880
0 0.913021 0.040733 0.040166 0.048880
0 0.960493 0.040733 0.046348 0.048880
0 0.253161 0.475560 0.101159 0.048880
19 0.365533 0.475560 0.115154 0.048880
10 0.631199 0.387268 0.110643 0.285132
10 0.720811 0.458859 0.073762 0.192464
10 0.631199 0.387268 0.175828 0.432408
10 0.720841 0.463134 0.138602 0.318293
10 0.631199 0.387268 0.175828 0.432408
10 0.720841 0.463134 0.138602 0.318293
10 0.631199 0.387268 0.173768 0.427888
10 0.720841 0.463134 0.138602 0.318293
10 0.631199 0.387268 0.110643 0.285132
10 0.720811 0.458859 0.073762 0.192464
0 0.769494 0.653768 0.018967 0.036660
0 0.508430 0.190428 0.025290 0.048880
0 0.508430 0.190428 0.025290 0.048880
0 0.508430 0.190428 0.025290 0.048880
0 0.508430 0.190428 0.025290 0.048880
