2 0.821429 0.316751 0.271008 0.038579
5 0.739253 0.301624 0.104557 0.014958
2 0.821429 0.389848 0.271008 0.038579
5 0.821429 0.388325 0.268908 0.019289
1 0.821429 0.467005 0.286765 0.044670
0 0.821429 0.523858 0.286765 0.044670
0 0.821429 0.621320 0.286765 0.044670
0 0.281504 0.957360 0.016052 0.020305
0 0.312586 0.957360 0.012498 0.020305
0 0.347336 0.957360 0.023388 0.020305
0 0.384889 0.957360 0.018103 0.020305
0 0.420049 0.957360 0.018604 0.020305
0 0.458755 0.957360 0.025194 0.020305
0 0.519191 0.957360 0.062065 0.020305
0 0.228294 0.991363 0.026441 0.017275
0 0.258563 0.991363 0.021493 0.017275
0 0.294594 0.991363 0.037963 0.017275
0 0.343725 0.991363 0.047696 0.017275
0 0.383966 0.991363 0.020180 0.017275
0 0.416356 0.991363 0.031997 0.017275
0 0.457712 0.991363 0.038111 0.017275
0 0.503352 0.991363 0.040564 0.017275
0 0.554285 0.991363 0.048697 0.017275
0 0.598543 0.991363 0.027212 0.017275
0 0.635828 0.991363 0.034754 0.017275
0 0.673229 0.991363 0.027442 0.017275
0 0.716481 0.991363 0.046456 0.017275
