1 0.028686 0.028513 0.039985 0.022403
0 0.896499 0.028513 0.053947 0.040733
0 0.945008 0.028513 0.034642 0.040733
0 0.977081 0.028513 0.021075 0.040733
1 0.359062 0.180244 0.147524 0.213849
10 0.359062 0.180244 0.147524 0.213849
10 0.297945 0.266802 0.012645 0.024440
1 0.515016 0.180244 0.147524 0.213849
10 0.515016 0.180244 0.147524 0.213849
10 0.453899 0.266802 0.012645 0.024440
1 0.670969 0.180244 0.147524 0.213849
10 0.670969 0.180244 0.147524 0.213849
1 0.826923 0.180244 0.147524 0.213849
10 0.826923 0.180244 0.147524 0.213849
10 0.765806 0.266802 0.012645 0.024440
1 0.954557 0.180244 0.090885 0.213849
10 0.954557 0.180244 0.090885 0.213849
10 0.921760 0.266802 0.012645 0.024440
1 0.478135 0.424644 0.385669 0.167006
1 0.319160 0.357434 0.050859 0.032587
10 0.300053 0.357434 0.012645 0.024440
10 0.354073 0.357434 0.010537 0.020367
19 0.657798 0.357434 0.016860 0.032587
1 0.477081 0.390020 0.366702 0.024440
1 0.477081 0.432790 0.366702 0.044807
1 0.645601 0.420061 0.017362 0.019348
1 0.312228 0.440428 0.036996 0.019348
1 0.349961 0.440428 0.026829 0.019348
1 0.376264 0.440428 0.014135 0.019348
1 0.315649 0.537678 0.043837 0.024440
19 0.300053 0.537678 0.012645 0.024440
1 0.360342 0.537678 0.027768 0.032587
19 0.657798 0.537678 0.016860 0.032587
10 0.478135 0.765784 0.442571 0.468432
10 0.478135 0.793279 0.368809 0.413442
1 0.764226 0.370672 0.144362 0.057026
1 0.764226 0.427699 0.144362 0.057026
10 0.708904 0.427699 0.016860 0.032587
1 0.764226 0.484725 0.144362 0.057026
10 0.708904 0.484725 0.016860 0.032587
1 0.764226 0.541752 0.144362 0.057026
10 0.708904 0.541752 0.016860 0.032587
1 0.764226 0.598778 0.144362 0.057026
10 0.708904 0.598778 0.016860 0.032587
0 0.710773 0.643585 0.037457 0.032587
0 0.142782 0.093686 0.016860 0.032587
1 0.066649 0.322811 0.116438 0.040733
1 0.066649 0.363544 0.116438 0.040733
1 0.066649 0.404277 0.116438 0.040733
1 0.066649 0.445010 0.116438 0.040733
1 0.066649 0.485743 0.116438 0.040733
1 0.066649 0.526477 0.116438 0.040733
1 0.066649 0.567210 0.116438 0.040733
1 0.066649 0.607943 0.116438 0.040733
1 0.066649 0.674134 0.116438 0.040733
1 0.066649 0.714868 0.116438 0.040733
1 0.066649 0.755601 0.116438 0.040733
1 0.066649 0.821792 0.116438 0.040733
1 0.066649 0.862525 0.116438 0.040733
1 0.066649 0.903259 0.116438 0.040733
1 0.066649 0.943992 0.116438 0.040733
1 0.066649 0.998473 0.116438 0.003055
