0 0.069853 0.046193 0.038866 0.024365
1 0.339167 0.047208 0.032776 0.037563
0 0.368472 0.143147 0.074580 0.028426
0 0.368472 0.183756 0.074580 0.028426
0 0.368472 0.224365 0.074580 0.028426
0 0.508440 0.285279 0.166492 0.312690
0 0.508440 0.285279 0.166492 0.312690
0 0.508440 0.285279 0.166492 0.312690
1 0.491896 0.470463 0.021008 0.024365
1 0.508703 0.470463 0.012605 0.024365
1 0.521308 0.470463 0.012605 0.024365
1 0.412204 0.047208 0.066554 0.037563
0 0.364533 0.179695 0.074580 0.028426
0 0.364533 0.220305 0.074580 0.028426
0 0.364533 0.260914 0.074580 0.028426
0 0.364533 0.301523 0.074580 0.028426
0 0.364533 0.342132 0.074580 0.028426
0 0.364533 0.382741 0.074580 0.028426
0 0.364533 0.423350 0.074580 0.028426
0 0.439113 0.179695 0.074580 0.028426
0 0.439113 0.220305 0.074580 0.028426
0 0.439113 0.260914 0.074580 0.028426
0 0.439113 0.301523 0.074580 0.028426
0 0.439113 0.342132 0.074580 0.028426
0 0.439113 0.382741 0.074580 0.028426
0 0.579081 0.285279 0.166492 0.312690
1 0.502076 0.047208 0.058569 0.037563
0 0.401823 0.143147 0.074580 0.028426
0 0.401823 0.183756 0.074580 0.028426
0 0.401823 0.224365 0.074580 0.028426
0 0.401823 0.264975 0.074580 0.028426
0 0.401823 0.305584 0.074580 0.028426
0 0.541791 0.285279 0.166492 0.312690
0 0.541791 0.285279 0.166492 0.312690
0 0.541791 0.285279 0.166492 0.312690
0 0.541791 0.285279 0.166492 0.312690
1 0.522884 0.470463 0.021008 0.024365
1 0.539690 0.470463 0.012605 0.024365
1 0.552295 0.470463 0.012605 0.024365
1 0.564900 0.470463 0.012605 0.024365
1 0.575060 0.047208 0.032776 0.037563
0 0.364533 0.179695 0.074580 0.028426
0 0.364533 0.220305 0.074580 0.028426
0 0.439113 0.179695 0.074580 0.028426
0 0.439113 0.220305 0.074580 0.028426
0 0.579081 0.194924 0.166492 0.131980
0 0.579081 0.335025 0.166492 0.131980
0 0.579081 0.194924 0.166492 0.131980
0 0.579081 0.335025 0.166492 0.131980
0 0.579081 0.194924 0.166492 0.131980
0 0.579081 0.335025 0.166492 0.131980
0 0.579081 0.194924 0.166492 0.131980
0 0.579081 0.335025 0.166492 0.131980
1 0.560173 0.429854 0.021008 0.024365
1 0.576980 0.429854 0.012605 0.024365
1 0.589585 0.429854 0.012605 0.024365
1 0.602190 0.429854 0.012605 0.024365
0 0.646021 0.047208 0.054523 0.037563
13 0.662516 0.046193 0.004727 0.009137
1 0.884355 0.046193 0.018908 0.036548
1 0.910271 0.046193 0.018908 0.036548
1 0.936187 0.046193 0.018908 0.036548
1 0.365710 0.847716 0.074383 0.032487
1 0.427763 0.847716 0.042009 0.032487
2 0.496061 0.914213 0.294118 0.027411
1 0.653624 0.914721 0.014706 0.028426
1 0.110319 0.546193 0.141282 0.048731
1 0.881803 0.546193 0.141282 0.048731
0 0.496057 0.628426 0.068277 0.050761
1 0.939839 0.853807 0.025210 0.048731
