0 0.085047 0.077308 0.070091 0.055568
1 0.390527 0.077308 0.045152 0.038658
1 0.390527 0.077308 0.045152 0.038658
1 0.390527 0.077308 0.029116 0.019337
0 0.461541 0.077308 0.066890 0.038658
1 0.461541 0.077308 0.066890 0.038658
1 0.461541 0.077308 0.050855 0.019337
0 0.536457 0.077308 0.052956 0.038658
1 0.536457 0.077308 0.052956 0.038658
1 0.536457 0.077308 0.036921 0.019337
0 0.604985 0.077308 0.054113 0.038658
1 0.604985 0.077308 0.054113 0.038658
1 0.604985 0.077308 0.038078 0.019337
0 0.899570 0.077316 0.100857 0.048319
1 0.899570 0.077316 0.100857 0.048319
1 0.891450 0.077308 0.063575 0.019337
