1 0.110643 0.028513 0.072181 0.054990
10 0.108272 0.025967 0.056902 0.023422
1 0.198708 0.028513 0.070230 0.054990
17 0.257244 0.025967 0.044735 0.049898
1 0.257244 0.026477 0.040520 0.048880
17 0.305819 0.026477 0.048661 0.052953
0 0.307400 0.026986 0.051823 0.051935
17 0.357556 0.024949 0.051057 0.049898
1 0.357556 0.025458 0.046842 0.048880
17 0.421883 0.026477 0.073844 0.052953
0 0.423464 0.026986 0.077005 0.051935
17 0.486902 0.026477 0.052440 0.052953
0 0.488483 0.026986 0.055601 0.051935
17 0.533991 0.024949 0.037984 0.049898
1 0.533991 0.025458 0.033769 0.048880
18 0.809384 0.025967 0.040972 0.045825
17 0.859770 0.022912 0.045854 0.043788
1 0.859770 0.028004 0.035317 0.031568
17 0.899858 0.024949 0.034321 0.049898
1 0.899858 0.025458 0.030106 0.048880
10 0.496048 0.374236 0.992097 0.634420
0 0.319024 0.450102 0.311059 0.052953
0 0.319024 0.450102 0.311059 0.052953
0 0.184722 0.450102 0.042454 0.052953
0 0.184722 0.450102 0.023487 0.024440
0 0.237162 0.450102 0.053996 0.052953
0 0.237162 0.450102 0.035029 0.024440
19 0.207393 0.526986 0.087798 0.035642
0 0.172636 0.526986 0.018284 0.035642
17 0.163881 0.726069 0.031135 0.036660
17 0.226698 0.726069 0.043920 0.036660
17 0.304720 0.726069 0.061545 0.036660
17 0.390543 0.726069 0.059520 0.036660
17 0.464696 0.726069 0.038206 0.036660
17 0.541302 0.726069 0.064426 0.036660
17 0.622411 0.726069 0.047213 0.036660
17 0.678210 0.726069 0.013806 0.036660
0 0.799760 0.719959 0.092260 0.044807
0 0.799760 0.719959 0.073293 0.024440
10 0.496048 0.874236 0.992097 0.251527
0 0.179873 0.964358 0.067332 0.040733
0 0.270935 0.964358 0.106362 0.040733
0 0.372658 0.964358 0.088654 0.040733
0 0.036321 0.955193 0.051567 0.048880
