0 0.040441 0.040609 0.064076 0.021320
0 0.095584 0.040609 0.046210 0.048731
2 0.415564 0.040609 0.534926 0.048731
0 0.724683 0.040609 0.041295 0.048731
0 0.775809 0.040609 0.060957 0.048731
0 0.827895 0.040609 0.043215 0.048731
0 0.869026 0.040609 0.039046 0.048731
1 0.921173 0.040609 0.040039 0.048731
1 0.968496 0.040609 0.046202 0.048731
1 0.257878 0.474112 0.100840 0.048731
1 0.369896 0.474112 0.114791 0.048731
1 0.772584 0.651777 0.018908 0.036548
1 0.512342 0.189848 0.025210 0.048731
1 0.512342 0.189848 0.025210 0.048731
1 0.512342 0.189848 0.025210 0.048731
1 0.512342 0.189848 0.025210 0.048731
0 0.531336 0.493901 0.050937 0.022732
1 0.394671 0.576729 0.051947 0.048731
1 0.536691 0.576729 0.073973 0.048731
1 0.603540 0.576729 0.055525 0.048731
