0 0.830125 0.935336 0.062780 0.035642
20 0.962592 0.831466 0.016860 0.032587
20 0.963119 0.832485 0.008430 0.016293
1 0.225764 0.038697 0.053741 0.052953
1 0.416454 0.038697 0.034222 0.052953
1 0.458855 0.038697 0.033720 0.052953
1 0.501004 0.038697 0.033720 0.052953
1 0.543154 0.038697 0.033720 0.052953
1 0.585304 0.038697 0.033720 0.052953
1 0.635883 0.038697 0.050580 0.052953
0 0.703792 0.038697 0.051518 0.048880
0 0.763485 0.038697 0.059438 0.048880
0 0.304268 0.297352 0.210748 0.040733
0 0.304268 0.297352 0.210748 0.040733
0 0.304268 0.358452 0.210748 0.048880
0 0.304268 0.358452 0.210748 0.048880
0 0.304268 0.419552 0.210748 0.040733
1 0.318604 0.482688 0.157559 0.034623
1 0.294302 0.491853 0.038766 0.016293
1 0.348187 0.491853 0.038297 0.016293
1 0.345240 0.545316 0.034148 0.021385
10 0.710164 0.415479 0.368809 0.570265
0 0.487882 0.786151 0.050053 0.048880
0 0.552782 0.786151 0.071317 0.048880
0 0.619859 0.786151 0.054408 0.048880
0 0.542096 0.847251 0.158481 0.048880
0 0.678193 0.847251 0.105284 0.048880
0 0.494464 0.908350 0.063216 0.048880
0 0.564801 0.908350 0.069028 0.048880
0 0.636953 0.908350 0.066847 0.048880
0 0.709369 0.908350 0.069555 0.048880
0 0.491517 0.969450 0.057322 0.048880
