10 0.389143 0.458248 0.518869 0.916497
2 0.820864 0.317719 0.271865 0.038697
4 0.738429 0.302546 0.104887 0.015003
2 0.820864 0.391039 0.271865 0.038697
4 0.820864 0.389511 0.269758 0.019348
0 0.820864 0.468432 0.287671 0.044807
1 0.820864 0.525458 0.287671 0.044807
19 0.820864 0.623218 0.287671 0.044807
1 0.280814 0.960285 0.016102 0.020367
1 0.311994 0.960285 0.012538 0.020367
1 0.346854 0.960285 0.023462 0.020367
1 0.384525 0.960285 0.018161 0.020367
1 0.419796 0.960285 0.018663 0.020367
1 0.458624 0.960285 0.025273 0.020367
1 0.519251 0.960285 0.062261 0.020367
1 0.227435 0.992864 0.026525 0.014273
1 0.257800 0.992864 0.021561 0.014273
1 0.293944 0.992864 0.038083 0.014273
1 0.343231 0.992864 0.047846 0.014273
1 0.383599 0.992864 0.020243 0.014273
1 0.416092 0.992864 0.032098 0.014273
1 0.457579 0.992864 0.038231 0.014273
1 0.503363 0.992864 0.040693 0.014273
1 0.554457 0.992864 0.048851 0.014273
1 0.598854 0.992864 0.027298 0.014273
1 0.636258 0.992864 0.034864 0.014273
1 0.673777 0.992864 0.027529 0.014273
1 0.717165 0.992864 0.046603 0.014273
