0 0.111870 0.028426 0.071954 0.054822
0 0.199658 0.028426 0.070009 0.054822
11 0.258009 0.025888 0.044594 0.049746
0 0.258009 0.026396 0.040392 0.048731
11 0.306431 0.026396 0.048508 0.052792
1 0.308007 0.026904 0.051659 0.051777
11 0.358005 0.024873 0.050896 0.049746
0 0.358005 0.025381 0.046694 0.048731
11 0.422129 0.026396 0.073611 0.052792
1 0.423705 0.026904 0.076763 0.051777
11 0.486944 0.026396 0.052275 0.052792
1 0.488519 0.026904 0.055426 0.051777
11 0.533884 0.024873 0.037864 0.049746
0 0.533884 0.025381 0.033663 0.048731
1 0.808409 0.025888 0.040843 0.045685
11 0.858636 0.022843 0.045710 0.043655
0 0.858636 0.027919 0.035205 0.031472
11 0.898598 0.024873 0.034213 0.049746
0 0.898598 0.025381 0.030011 0.048731
0 0.607266 0.080711 0.037930 0.022335
1 0.830735 0.079188 0.028132 0.028426
1 0.319594 0.493401 0.310079 0.052792
1 0.319594 0.493401 0.310079 0.052792
1 0.185715 0.493401 0.042320 0.052792
1 0.185715 0.493401 0.023413 0.024365
1 0.237990 0.493401 0.053826 0.052792
1 0.237990 0.493401 0.034918 0.024365
0 0.208316 0.570051 0.087521 0.035533
1 0.173668 0.570051 0.018226 0.035533
8 0.450076 0.762437 0.605510 0.056853
8 0.450076 0.762437 0.605510 0.056853
0 0.164941 0.768528 0.031037 0.036548
0 0.227560 0.768528 0.043781 0.036548
0 0.305336 0.768528 0.061351 0.036548
0 0.390888 0.768528 0.059332 0.036548
0 0.464807 0.768528 0.038086 0.036548
0 0.541172 0.768528 0.064223 0.036548
0 0.622025 0.768528 0.047064 0.036548
0 0.677648 0.768528 0.013762 0.036548
1 0.798816 0.762437 0.091969 0.044670
1 0.798816 0.762437 0.073062 0.024365
1 0.180882 0.992893 0.067120 0.014213
1 0.271657 0.992893 0.106027 0.014213
1 0.373059 0.992893 0.088375 0.014213
1 0.036207 0.955330 0.051405 0.048731
