0 0.643655 0.461303 0.158061 0.040733
1 0.643655 0.538697 0.158061 0.040733
1 0.668557 0.580957 0.043944 0.013238
1 0.644264 0.587067 0.159280 0.025458
1 0.624568 0.593177 0.031752 0.013238
1 0.643655 0.721996 0.158061 0.040733
1 0.643655 0.779022 0.158061 0.040733
1 0.129038 0.973523 0.016325 0.012220
1 0.174077 0.973523 0.053831 0.012220
1 0.217371 0.973523 0.012834 0.012220
1 0.249609 0.973523 0.031719 0.012220
1 0.297402 0.973523 0.043944 0.012220
1 0.347578 0.973523 0.036486 0.012220
1 0.393720 0.973523 0.035877 0.012220
1 0.438418 0.973523 0.033596 0.012220
1 0.476081 0.973523 0.021807 0.012220
1 0.502824 0.973523 0.011756 0.012220
1 0.529015 0.973523 0.020704 0.012220
1 0.571934 0.973523 0.045212 0.012220
1 0.619509 0.973523 0.030015 0.012220
1 0.657773 0.973523 0.026590 0.012220
1 0.699960 0.973523 0.037861 0.012220
1 0.743892 0.973523 0.030081 0.012220
1 0.776335 0.973523 0.014884 0.012220
1 0.804766 0.973523 0.022054 0.012220
