1 0.055321 0.048148 0.068493 0.021385
10 0.055321 0.038593 0.068493 0.030311
0 0.314204 0.040733 0.047435 0.024440
1 0.373000 0.040733 0.028006 0.022403
1 0.430980 0.040733 0.045805 0.022403
1 0.483614 0.040733 0.017313 0.022403
1 0.538029 0.040733 0.049369 0.022403
1 0.593865 0.040733 0.020153 0.022403
1 0.845812 0.040733 0.069242 0.053971
1 0.928889 0.040733 0.084266 0.053971
10 0.496048 0.448105 0.958377 0.668104
1 0.253672 0.586081 0.084266 0.053971
10 0.665701 0.236268 0.229715 0.047448
10 0.665701 0.260708 0.229715 0.048880
10 0.665701 0.334028 0.229715 0.114308
10 0.665701 0.419584 0.229715 0.059063
10 0.665701 0.417515 0.229715 0.606925
19 0.496048 0.956252 0.716544 0.087497
