1 0.717951 0.024440 0.044241 0.048880
1 0.721714 0.057765 0.005172 0.005041
1 0.733762 0.057765 0.009510 0.005041
1 0.723277 0.063569 0.008297 0.005041
1 0.731824 0.063569 0.005632 0.005041
1 0.721850 0.069374 0.005442 0.005041
1 0.731843 0.069374 0.005672 0.005041
1 0.721758 0.075178 0.005259 0.005041
1 0.732619 0.075178 0.007224 0.005041
1 0.721685 0.080983 0.005112 0.005041
1 0.731257 0.080983 0.004499 0.005041
1 0.723937 0.086787 0.009617 0.005041
1 0.731501 0.086787 0.004988 0.005041
1 0.722768 0.092592 0.007278 0.005041
1 0.731798 0.092592 0.005582 0.005041
1 0.722685 0.098396 0.007113 0.005041
1 0.731948 0.098396 0.005882 0.005041
1 0.721029 0.104201 0.003801 0.005041
1 0.730880 0.104201 0.003744 0.005041
1 0.721460 0.110005 0.004663 0.005041
1 0.768218 0.024949 0.056293 0.049898
1 0.214860 0.024440 0.038256 0.048880
1 0.249807 0.024440 0.031637 0.048880
1 0.283246 0.024440 0.035243 0.048880
1 0.314822 0.024440 0.027908 0.048880
1 0.358498 0.024440 0.059446 0.048880
1 0.696523 0.102851 0.116438 0.018330
1 0.696523 0.154786 0.116438 0.054990
1 0.696523 0.229124 0.116438 0.073320
1 0.696523 0.312627 0.116438 0.073320
1 0.496048 0.177189 0.210748 0.193483
1 0.379610 0.535228 0.152792 0.305499
1 0.572441 0.535228 0.232868 0.305499
1 0.420809 0.880649 0.163009 0.238703
1 0.577549 0.880649 0.150471 0.238703
