0 0.000263 0.000508 0.000525 0.001015
0 0.252889 0.024365 0.036765 0.048731
0 0.307511 0.101824 0.126050 0.055425
5 0.496061 0.024365 0.216387 0.032487
2 0.496061 0.024365 0.216387 0.032487
1 0.593750 0.024365 0.016807 0.032487
1 0.740809 0.024365 0.033613 0.048731
0 0.477096 0.241624 0.021058 0.048731
0 0.510787 0.241624 0.029518 0.048731
2 0.496061 0.307614 0.163866 0.036548
2 0.486607 0.356345 0.144958 0.036548
1 0.568540 0.356345 0.018908 0.036548
1 0.496061 0.413198 0.163866 0.036548
1 0.496061 0.461929 0.163866 0.036548
1 0.496057 0.508629 0.041024 0.016244
1 0.496061 0.587817 0.163866 0.036548
1 0.437237 0.638579 0.016807 0.032487
1 0.466649 0.638579 0.016807 0.032487
1 0.496061 0.638579 0.016807 0.032487
1 0.525473 0.638579 0.016807 0.032487
1 0.554884 0.638579 0.016807 0.032487
0 0.331752 0.912690 0.032103 0.016244
1 0.331752 0.912690 0.032103 0.018274
0 0.369354 0.912690 0.026293 0.016244
0 0.401515 0.912690 0.021222 0.016244
0 0.438304 0.912690 0.035550 0.016244
0 0.474519 0.912690 0.020073 0.016244
0 0.502991 0.912690 0.020065 0.016244
0 0.528394 0.912690 0.013934 0.016244
0 0.553777 0.912690 0.020024 0.016244
0 0.594333 0.912690 0.044282 0.016244
0 0.631569 0.912690 0.013385 0.016244
1 0.661543 0.912690 0.029756 0.020305
1 0.661543 0.912690 0.023454 0.018274
0 0.636296 0.721827 0.079200 0.028426
0 0.636296 0.750254 0.079200 0.028426
0 0.636296 0.778680 0.079200 0.028426
0 0.636296 0.807107 0.079200 0.028426
0 0.636296 0.835533 0.079200 0.028426
0 0.636296 0.870051 0.079200 0.040609
0 0.496061 0.971574 0.128430 0.016244
1 0.670168 0.077157 0.012605 0.024365
