1 0.168862 0.046334 0.038988 0.024440
17 0.347352 0.047352 0.032880 0.037678
17 0.376749 0.143585 0.074816 0.028513
17 0.376749 0.184318 0.074816 0.028513
17 0.376749 0.225051 0.074816 0.028513
1 0.504779 0.272403 0.142255 0.286151
10 0.504779 0.206212 0.142255 0.153768
10 0.450511 0.317719 0.012645 0.024440
1 0.504779 0.272403 0.142255 0.286151
10 0.504779 0.206212 0.142255 0.153768
10 0.450511 0.317719 0.012645 0.024440
1 0.504779 0.272403 0.142255 0.286151
10 0.504779 0.206212 0.142255 0.153768
10 0.450511 0.317719 0.012645 0.024440
0 0.492134 0.444406 0.021075 0.024440
0 0.508994 0.444406 0.012645 0.024440
0 0.521639 0.444406 0.012645 0.024440
17 0.418249 0.047352 0.066764 0.037678
17 0.376749 0.180244 0.074816 0.028513
17 0.376749 0.220978 0.074816 0.028513
17 0.376749 0.261711 0.074816 0.028513
17 0.376749 0.302444 0.074816 0.028513
17 0.376749 0.343177 0.074816 0.028513
17 0.376749 0.383910 0.074816 0.028513
17 0.376749 0.424644 0.074816 0.028513
17 0.451565 0.180244 0.074816 0.028513
17 0.451565 0.220978 0.074816 0.028513
17 0.451565 0.261711 0.074816 0.028513
17 0.451565 0.302444 0.074816 0.028513
17 0.451565 0.343177 0.074816 0.028513
17 0.451565 0.383910 0.074816 0.028513
1 0.579594 0.272403 0.142255 0.286151
10 0.579594 0.206212 0.142255 0.153768
10 0.525327 0.317719 0.012645 0.024440
17 0.502083 0.047352 0.058754 0.037678
17 0.414157 0.143585 0.074816 0.028513
17 0.414157 0.184318 0.074816 0.028513
17 0.414157 0.225051 0.074816 0.028513
17 0.414157 0.265784 0.074816 0.028513
17 0.414157 0.306517 0.074816 0.028513
1 0.542187 0.272403 0.142255 0.286151
10 0.542187 0.206212 0.142255 0.153768
10 0.487919 0.317719 0.012645 0.024440
1 0.542187 0.272403 0.142255 0.286151
10 0.542187 0.206212 0.142255 0.153768
10 0.487919 0.317719 0.012645 0.024440
1 0.542187 0.272403 0.142255 0.286151
10 0.542187 0.206212 0.142255 0.153768
10 0.487919 0.317719 0.012645 0.024440
1 0.542187 0.272403 0.142255 0.286151
10 0.542187 0.206212 0.142255 0.153768
10 0.487919 0.317719 0.012645 0.024440
0 0.523219 0.444406 0.021075 0.024440
0 0.540079 0.444406 0.012645 0.024440
0 0.552724 0.444406 0.012645 0.024440
0 0.565369 0.444406 0.012645 0.024440
17 0.568975 0.047352 0.032880 0.037678
17 0.376749 0.180244 0.074816 0.028513
17 0.376749 0.220978 0.074816 0.028513
17 0.451565 0.180244 0.074816 0.028513
17 0.451565 0.220978 0.074816 0.028513
1 0.579594 0.195519 0.142255 0.132383
10 0.525327 0.163951 0.012645 0.024440
1 0.579594 0.336049 0.142255 0.132383
10 0.525327 0.304481 0.012645 0.024440
1 0.579594 0.195519 0.142255 0.132383
10 0.525327 0.163951 0.012645 0.024440
1 0.579594 0.336049 0.142255 0.132383
10 0.525327 0.304481 0.012645 0.024440
1 0.579594 0.195519 0.142255 0.132383
10 0.525327 0.163951 0.012645 0.024440
1 0.579594 0.336049 0.142255 0.132383
10 0.525327 0.304481 0.012645 0.024440
1 0.579594 0.195519 0.142255 0.132383
10 0.525327 0.163951 0.012645 0.024440
1 0.579594 0.336049 0.142255 0.132383
10 0.525327 0.304481 0.012645 0.024440
0 0.560627 0.431167 0.021075 0.024440
0 0.577487 0.431167 0.012645 0.024440
0 0.590132 0.431167 0.012645 0.024440
0 0.602777 0.431167 0.012645 0.024440
17 0.633837 0.047352 0.054696 0.037678
18 0.781250 0.046334 0.018967 0.036660
0 0.807248 0.046334 0.018967 0.036660
0 0.833246 0.046334 0.018967 0.036660
0 0.365286 0.847251 0.074618 0.032587
0 0.427535 0.847251 0.042141 0.032587
2 0.496048 0.913951 0.295047 0.027495
20 0.654110 0.914460 0.014752 0.028513
10 0.003952 0.546334 0.007903 0.907332
10 0.500000 0.546334 1.000000 0.907332
10 0.996048 0.546334 0.007903 0.907332
0 0.110544 0.546334 0.141728 0.048880
0 0.881553 0.546334 0.141728 0.048880
1 0.496048 0.628819 0.068493 0.050916
0 0.939772 0.853360 0.025290 0.048880
