1 0.027134 0.038697 0.022655 0.016293
10 0.027134 0.038697 0.022655 0.016293
10 0.027134 0.038697 0.022655 0.016293
1 0.409728 0.037169 0.049172 0.017312
1 0.511097 0.037169 0.063406 0.017312
1 0.605226 0.037169 0.034691 0.017312
10 0.952582 0.036660 0.010537 0.020367
10 0.952582 0.036660 0.010537 0.020367
10 0.085616 0.689218 0.013172 0.024440
10 0.085616 0.689218 0.013172 0.024440
1 0.094837 0.744208 0.030558 0.059063
10 0.142255 0.795125 0.114858 0.144603
10 0.142255 0.795125 0.114858 0.144603
1 0.131487 0.744208 0.030558 0.059063
10 0.156250 0.795125 0.114858 0.144603
10 0.156250 0.795125 0.114858 0.144603
1 0.168138 0.744208 0.030558 0.059063
10 0.167611 0.795125 0.114858 0.144603
10 0.500000 0.500000 1.000000 1.000000
10 0.500000 0.500000 1.000000 1.000000
10 0.500000 0.500000 1.000000 1.000000
10 0.500000 0.500000 1.000000 1.000000
