1 0.655509 0.024949 0.088745 0.019348
20 0.952960 0.024440 0.015806 0.030550
1 0.863759 0.065269 0.054276 0.025458
1 0.924563 0.065269 0.056795 0.025458
1 0.074165 0.125859 0.070074 0.050916
10 0.074165 0.115676 0.070074 0.030550
0 0.327936 0.117713 0.075112 0.079430
0 0.423546 0.117713 0.068592 0.079430
0 0.496884 0.117713 0.030567 0.079430
0 0.579088 0.117713 0.086324 0.079430
0 0.673859 0.117713 0.055700 0.079430
18 0.942950 0.117713 0.012645 0.020367
18 0.942950 0.119749 0.012645 0.024440
10 0.496048 0.480509 0.992097 0.646162
0 0.181951 0.488957 0.094837 0.042770
0 0.466017 0.779961 0.052687 0.003055
0 0.526080 0.779961 0.052687 0.003055
0 0.030377 0.478472 0.021075 0.040733
0 0.961720 0.478472 0.021075 0.040733
10 0.981560 0.913728 0.021075 0.040733
