0 0.004989 0.009645 0.009979 0.019289
1 0.570768 0.028426 0.053596 0.032487
0 0.623646 0.028426 0.043757 0.032487
0 0.682945 0.028426 0.066439 0.032487
1 0.743406 0.028426 0.046079 0.032487
1 0.799058 0.028426 0.056821 0.032487
1 0.846376 0.024365 0.016807 0.032487
0 0.153361 0.098620 0.028887 0.016244
1 0.211442 0.087310 0.062065 0.036548
1 0.265563 0.087310 0.046177 0.036548
1 0.312676 0.087310 0.048049 0.036548
1 0.356548 0.087310 0.039694 0.036548
1 0.401306 0.087310 0.049821 0.036548
1 0.650058 0.087310 0.051758 0.036548
1 0.854779 0.131980 0.023109 0.044670
5 0.446088 0.160406 0.530306 0.052792
2 0.454491 0.160406 0.512449 0.024365
1 0.765678 0.156345 0.075261 0.044670
0 0.722250 0.087310 0.075819 0.036548
1 0.810883 0.087310 0.084641 0.044670
1 0.980567 0.500000 0.018908 0.036548
1 0.232746 0.600000 0.103622 0.044670
0 0.280372 0.958368 0.198874 0.083265
0 0.496057 0.958368 0.198882 0.083265
0 0.711742 0.958368 0.198874 0.083265
1 0.859244 0.853807 0.248950 0.081218
1 0.970063 0.853807 0.027311 0.081218
1 0.965861 0.941117 0.031513 0.060914
