1 0.146207 0.032587 0.042150 0.065173
10 0.146207 0.032587 0.042150 0.040733
1 0.209328 0.032587 0.058804 0.065173
1 0.276525 0.032587 0.075589 0.065173
1 0.346500 0.032587 0.064361 0.065173
1 0.395992 0.032587 0.034625 0.065173
1 0.442081 0.032587 0.057552 0.065173
10 0.442081 0.032587 0.040693 0.022403
18 0.787935 0.032587 0.158061 0.040733
10 0.496048 0.187373 0.126449 0.122200
0 0.444415 0.385947 0.115895 0.059063
0 0.556103 0.385947 0.099052 0.059063
1 0.254746 0.464358 0.019338 0.024440
1 0.289042 0.465886 0.034683 0.017312
1 0.330809 0.465886 0.034280 0.017312
1 0.385015 0.464358 0.022499 0.024440
1 0.420891 0.465886 0.034683 0.017312
1 0.462658 0.465886 0.034280 0.017312
1 0.517757 0.464358 0.024285 0.024440
1 0.554527 0.465886 0.034683 0.017312
1 0.596294 0.465886 0.034280 0.017312
1 0.651368 0.464358 0.024236 0.024440
1 0.688113 0.465886 0.034683 0.017312
1 0.729880 0.465886 0.034280 0.017312
1 0.190015 0.599796 0.121337 0.028513
1 0.354028 0.768234 0.062245 0.020367
1 0.583863 0.768234 0.020301 0.020367
1 0.219569 0.795936 0.041417 0.020367
1 0.192122 0.881683 0.125552 0.028513
1 0.780558 0.589104 0.164384 0.025458
0 0.718754 0.744908 0.040775 0.041752
1 0.780558 0.819246 0.164384 0.025458
1 0.755174 0.866599 0.088325 0.018330
1 0.747279 0.894301 0.072535 0.018330
1 0.779912 0.922002 0.137801 0.018330
1 0.741031 0.949704 0.060039 0.018330
1 0.780558 0.991758 0.164384 0.016484
18 0.371707 0.062118 0.012645 0.024440
18 0.495522 0.062118 0.234984 0.054990
18 0.627766 0.062118 0.021075 0.040733
