0 0.589474 0.014515 0.078486 0.017259
0 0.718750 0.087373 0.088235 0.067544
0 0.689712 0.174857 0.030159 0.017259
0 0.684443 0.220352 0.019622 0.017259
0 0.685149 0.243100 0.021033 0.017259
0 0.692621 0.265847 0.035977 0.017259
0 0.689108 0.288595 0.028952 0.017259
0 0.702198 0.311342 0.055131 0.017259
0 0.680475 0.334089 0.011686 0.017259
0 0.685846 0.356837 0.022428 0.017259
0 0.694947 0.379584 0.040630 0.017259
0 0.693318 0.402332 0.037372 0.017259
0 0.718528 0.447827 0.087792 0.017259
0 0.685838 0.470574 0.022412 0.017259
0 0.682576 0.493322 0.015888 0.017259
0 0.680003 0.538817 0.010742 0.017259
0 0.706625 0.561564 0.063985 0.017259
0 0.701726 0.584312 0.054187 0.017259
0 0.456260 0.131678 0.046136 0.017259
0 0.435141 0.143052 0.407571 0.040006
0 0.532858 0.154426 0.082671 0.017259
0 0.240928 0.193417 0.019146 0.017259
0 0.268161 0.193417 0.020089 0.017259
0 0.296797 0.193417 0.021952 0.017259
0 0.347492 0.193417 0.064207 0.017259
0 0.304294 0.293734 0.046251 0.017259
0 0.394441 0.293734 0.046251 0.017259
0 0.459255 0.305108 0.356175 0.040006
0 0.607163 0.316482 0.060358 0.017259
0 0.459259 0.350603 0.356183 0.040006
0 0.597599 0.361977 0.079487 0.017259
0 0.509905 0.384724 0.046251 0.017259
0 0.350270 0.407471 0.052989 0.017259
0 0.459255 0.418845 0.356175 0.040006
0 0.304294 0.468195 0.046251 0.017259
0 0.459255 0.479569 0.356175 0.040006
0 0.297285 0.528918 0.032235 0.017259
0 0.399956 0.528918 0.032235 0.017259
0 0.304294 0.590657 0.046251 0.017259
0 0.397067 0.590657 0.046251 0.017259
0 0.324219 0.613404 0.086102 0.017259
0 0.252606 0.655441 0.042501 0.017259
0 0.256565 0.787849 0.026261 0.017259
0 0.291873 0.790086 0.019146 0.017259
0 0.319106 0.790086 0.020089 0.017259
0 0.256565 0.900365 0.026261 0.017259
0 0.291873 0.913975 0.019146 0.017259
0 0.319106 0.913975 0.020089 0.017259
