0 0.000263 0.000508 0.000525 0.001015
0 0.103827 0.883296 0.052603 0.016244
0 0.137946 0.929949 0.051840 0.042640
1 0.159664 0.819829 0.016807 0.032487
0 0.162553 0.070051 0.072479 0.043655
0 0.231302 0.072081 0.031406 0.046701
1 0.243853 0.072081 0.006303 0.046701
0 0.166229 0.219289 0.063025 0.168528
0 0.237658 0.219289 0.063025 0.168528
0 0.309086 0.219289 0.063025 0.168528
0 0.380515 0.219289 0.063025 0.168528
0 0.451943 0.219289 0.063025 0.168528
0 0.523372 0.219289 0.063025 0.168528
0 0.594800 0.219289 0.063025 0.168528
0 0.166229 0.404061 0.063025 0.168528
0 0.237658 0.404061 0.063025 0.168528
0 0.309086 0.404061 0.063025 0.168528
0 0.380515 0.404061 0.063025 0.168528
0 0.451943 0.404061 0.063025 0.168528
0 0.523372 0.404061 0.063025 0.168528
0 0.594800 0.404061 0.063025 0.168528
0 0.773634 0.180203 0.167542 0.035533
0 0.773634 0.215736 0.167542 0.035533
0 0.773634 0.251269 0.167542 0.035533
0 0.773634 0.286802 0.167542 0.035533
0 0.773634 0.322335 0.167542 0.035533
0 0.773634 0.357868 0.167542 0.035533
0 0.773634 0.393401 0.167542 0.035533
0 0.773634 0.428934 0.167542 0.035533
0 0.266126 0.072081 0.038242 0.046701
1 0.282095 0.072081 0.006303 0.046701
0 0.166229 0.219289 0.063025 0.168528
0 0.237658 0.219289 0.063025 0.168528
0 0.309086 0.219289 0.063025 0.168528
0 0.380515 0.219289 0.063025 0.168528
0 0.451943 0.219289 0.063025 0.168528
0 0.523372 0.219289 0.063025 0.168528
0 0.594800 0.219289 0.063025 0.168528
0 0.773634 0.180203 0.167542 0.035533
0 0.773634 0.215736 0.167542 0.035533
0 0.773634 0.251269 0.167542 0.035533
0 0.773634 0.286802 0.167542 0.035533
0 0.773634 0.322335 0.167542 0.035533
0 0.773634 0.357868 0.167542 0.035533
0 0.773634 0.393401 0.167542 0.035533
0 0.773634 0.428934 0.167542 0.035533
0 0.773634 0.464467 0.167542 0.035533
0 0.773634 0.500000 0.167542 0.035533
0 0.305619 0.072081 0.040745 0.046701
1 0.322840 0.072081 0.006303 0.046701
0 0.166229 0.219289 0.063025 0.168528
0 0.237658 0.219289 0.063025 0.168528
0 0.309086 0.219289 0.063025 0.168528
0 0.380515 0.219289 0.063025 0.168528
0 0.451943 0.219289 0.063025 0.168528
0 0.523372 0.219289 0.063025 0.168528
0 0.594800 0.219289 0.063025 0.168528
0 0.166229 0.404061 0.063025 0.168528
0 0.237658 0.404061 0.063025 0.168528
0 0.309086 0.404061 0.063025 0.168528
0 0.773634 0.180203 0.167542 0.035533
0 0.773634 0.215736 0.167542 0.035533
0 0.773634 0.251269 0.167542 0.035533
0 0.773634 0.286802 0.167542 0.035533
0 0.773634 0.322335 0.167542 0.035533
0 0.773634 0.357868 0.167542 0.035533
0 0.773634 0.393401 0.167542 0.035533
0 0.352982 0.072081 0.053982 0.046701
1 0.376822 0.072081 0.006303 0.046701
0 0.166229 0.219289 0.063025 0.168528
0 0.237658 0.219289 0.063025 0.168528
0 0.309086 0.219289 0.063025 0.168528
0 0.166229 0.404061 0.063025 0.168528
0 0.237658 0.404061 0.063025 0.168528
0 0.309086 0.404061 0.063025 0.168528
0 0.380515 0.404061 0.063025 0.168528
0 0.451943 0.404061 0.063025 0.168528
0 0.773634 0.180203 0.167542 0.035533
0 0.773634 0.215736 0.167542 0.035533
0 0.773634 0.251269 0.167542 0.035533
0 0.773634 0.286802 0.167542 0.035533
0 0.773634 0.322335 0.167542 0.035533
0 0.773634 0.357868 0.167542 0.035533
0 0.773634 0.393401 0.167542 0.035533
0 0.428026 0.072081 0.096105 0.046701
1 0.472927 0.072081 0.006303 0.046701
0 0.166229 0.219289 0.063025 0.168528
0 0.237658 0.219289 0.063025 0.168528
0 0.309086 0.219289 0.063025 0.168528
0 0.380515 0.219289 0.063025 0.168528
0 0.773634 0.180203 0.167542 0.035533
0 0.773634 0.215736 0.167542 0.035533
0 0.773634 0.251269 0.167542 0.035533
0 0.773634 0.286802 0.167542 0.035533
0 0.773634 0.322335 0.167542 0.035533
0 0.501953 0.072081 0.051750 0.046701
1 0.524677 0.072081 0.006303 0.046701
0 0.166229 0.219289 0.063025 0.168528
0 0.237658 0.219289 0.063025 0.168528
0 0.309086 0.219289 0.063025 0.168528
0 0.380515 0.219289 0.063025 0.168528
0 0.773634 0.180203 0.167542 0.035533
0 0.773634 0.215736 0.167542 0.035533
0 0.773634 0.251269 0.167542 0.035533
0 0.773634 0.286802 0.167542 0.035533
0 0.773634 0.322335 0.167542 0.035533
0 0.773634 0.357868 0.167542 0.035533
0 0.773634 0.393401 0.167542 0.035533
0 0.773634 0.428934 0.167542 0.035533
0 0.773634 0.464467 0.167542 0.035533
0 0.556021 0.072081 0.056386 0.046701
1 0.581063 0.072081 0.006303 0.046701
0 0.317489 0.228339 0.063025 0.186628
0 0.388918 0.228339 0.063025 0.186628
0 0.460347 0.228339 0.063025 0.186628
0 0.531775 0.228339 0.063025 0.186628
0 0.603204 0.228339 0.063025 0.186628
0 0.674632 0.228339 0.063025 0.186628
0 0.317489 0.422161 0.063025 0.168528
0 0.388918 0.422161 0.063025 0.168528
0 0.460347 0.422161 0.063025 0.168528
0 0.531775 0.422161 0.063025 0.168528
1 0.787754 0.025381 0.036839 0.030457
1 0.150071 0.039951 0.030708 0.018893
0 0.201943 0.073057 0.134454 0.031076
0 0.201943 0.104132 0.134454 0.031076
0 0.201943 0.135208 0.134454 0.031076
0 0.201943 0.166283 0.134454 0.031076
0 0.365809 0.006424 0.134454 0.012849
0 0.365809 0.028387 0.134454 0.031076
0 0.365809 0.059462 0.134454 0.031076
1 0.335470 0.133177 0.073776 0.018893
0 0.365809 0.166283 0.134454 0.031076
0 0.365809 0.197359 0.134454 0.031076
0 0.365809 0.228434 0.134454 0.031076
0 0.365809 0.259510 0.134454 0.031076
0 0.683036 0.088856 0.063025 0.148842
0 0.754464 0.088856 0.063025 0.148842
0 0.837041 0.025381 0.059636 0.030457
1 0.768120 0.070558 0.092437 0.043655
1 0.831670 0.070051 0.022059 0.042640
1 0.854779 0.070051 0.022059 0.042640
1 0.791754 0.139396 0.113445 0.041228
0 0.791754 0.190070 0.113445 0.060121
0 0.791754 0.249881 0.113445 0.041228
0 0.791754 0.291109 0.113445 0.041228
0 0.791754 0.332337 0.113445 0.041228
0 0.791754 0.373564 0.113445 0.041228
0 0.167985 0.645067 0.037126 0.040609
0 0.218553 0.645067 0.037749 0.040609
1 0.496061 0.499492 0.992122 0.998985
1 0.962710 0.951269 0.025210 0.048731
