0 0.556883 0.023858 0.038086 0.019289
0 0.496061 0.116561 0.100036 0.024365
8 0.256598 0.210152 0.055787 0.040609
1 0.256598 0.210152 0.055787 0.040609
8 0.330168 0.210152 0.043084 0.040609
1 0.330168 0.210152 0.043084 0.040609
8 0.404633 0.210152 0.057576 0.040609
1 0.404633 0.210152 0.057576 0.040609
8 0.473600 0.210152 0.032087 0.040609
1 0.473600 0.210152 0.032087 0.040609
8 0.556288 0.210152 0.085018 0.040609
1 0.556288 0.210152 0.085018 0.040609
8 0.639751 0.210152 0.033638 0.040609
1 0.639751 0.210152 0.033638 0.040609
1 0.706211 0.208122 0.051011 0.036548
8 0.759634 0.210152 0.007566 0.040609
1 0.759634 0.210152 0.007566 0.040609
0 0.453740 0.477364 0.026736 0.089340
1 0.235233 0.679013 0.077083 0.043496
0 0.569960 0.899239 0.017381 0.057868
0 0.263655 0.989713 0.133929 0.020574
0 0.418592 0.989713 0.133929 0.020574
0 0.573529 0.989713 0.133929 0.020574
0 0.728466 0.989713 0.133929 0.020574
