17 0.179926 0.040733 0.042150 0.081466
1 0.242360 0.040733 0.074289 0.081466
17 0.589428 0.040733 0.047781 0.081466
17 0.640847 0.040733 0.055058 0.081466
17 0.693333 0.040733 0.049913 0.081466
17 0.754429 0.040733 0.072280 0.081466
19 0.812171 0.040733 0.042150 0.081466
18 0.479189 0.423625 0.480506 0.065173
0 0.736301 0.423625 0.033720 0.065173
1 0.247893 0.712004 0.152792 0.077393
1 0.413330 0.712004 0.152792 0.077393
1 0.578767 0.712004 0.152792 0.077393
1 0.744204 0.712004 0.152792 0.077393
0 0.196531 0.873091 0.050069 0.046843
0 0.243612 0.873091 0.044092 0.046843
0 0.281509 0.873091 0.031703 0.046843
0 0.317695 0.873091 0.040668 0.046843
1 0.220318 0.960985 0.097644 0.078030
10 0.220318 0.971678 0.075515 0.056645
1 0.330607 0.960985 0.097644 0.078030
10 0.330607 0.971678 0.075515 0.056645
1 0.440896 0.960985 0.097644 0.078030
10 0.440896 0.971678 0.075515 0.056645
1 0.551185 0.960985 0.097644 0.078030
10 0.551185 0.971678 0.075515 0.056645
1 0.661473 0.960985 0.097644 0.078030
10 0.661473 0.971678 0.075515 0.056645
1 0.771762 0.960985 0.097644 0.078030
10 0.771762 0.971678 0.075515 0.056645
