0 0.143489 0.031980 0.043281 0.063959
1 0.208225 0.031980 0.086192 0.063959
1 0.293880 0.031980 0.085117 0.063959
1 0.385931 0.031980 0.098986 0.063959
1 0.473986 0.031980 0.077124 0.063959
1 0.815126 0.031980 0.016807 0.032487
1 0.847985 0.031980 0.040507 0.032487
1 0.500000 0.287310 0.082425 0.050761
0 0.340336 0.639594 0.621849 0.507614
1 0.069324 0.512690 0.054614 0.040609
0 0.819328 0.639594 0.302521 0.507614
1 0.714105 0.576650 0.066866 0.040609
1 0.500000 0.951269 0.144958 0.048731
1 0.500000 0.951269 0.144958 0.048731
0 0.180672 0.979188 0.302521 0.041624
0 0.500000 0.979188 0.302521 0.041624
1 0.679622 0.341117 0.013655 0.026396
1 0.356109 0.411168 0.029445 0.058883
1 0.393973 0.411168 0.021074 0.058883
1 0.372591 0.614499 0.064511 0.041624
0 0.443963 0.612183 0.053022 0.020305
