0 0.198792 0.043147 0.068803 0.076142
8 0.267291 0.043147 0.044561 0.040609
1 0.267291 0.047208 0.044561 0.048731
8 0.330004 0.043147 0.080866 0.040609
1 0.330004 0.047208 0.080866 0.048731
8 0.399656 0.043147 0.058438 0.040609
1 0.399656 0.047208 0.058438 0.048731
8 0.456067 0.043147 0.054384 0.040609
1 0.456067 0.047208 0.054384 0.048731
8 0.517332 0.043147 0.068146 0.040609
1 0.517332 0.047208 0.068146 0.048731
8 0.585605 0.043147 0.068400 0.040609
1 0.585605 0.047208 0.068400 0.048731
1 0.648950 0.043147 0.058290 0.040609
1 0.701500 0.043147 0.046809 0.040609
1 0.186659 0.303950 0.051364 0.038579
0 0.326689 0.532979 0.095079 0.022335
0 0.345465 0.694400 0.132632 0.022335
1 0.187040 0.853791 0.052127 0.038579
0 0.659844 0.545162 0.297105 0.046701
0 0.584017 0.743131 0.145450 0.022335
1 0.525727 0.926888 0.046727 0.038579
