0 0.508933 0.568825 0.026259 0.008528
0 0.466334 0.579599 0.022650 0.008528
1 0.496057 0.611931 0.130250 0.024841
1 0.496057 0.644082 0.130250 0.024841
5 0.496057 0.711748 0.130250 0.011945
2 0.496057 0.730084 0.130250 0.019854
5 0.496057 0.755730 0.130250 0.011945
2 0.496057 0.774066 0.130250 0.019854
1 0.555825 0.774494 0.005672 0.010964
1 0.496057 0.811337 0.130250 0.023014
0 0.483730 0.842641 0.011177 0.009137
1 0.561812 0.519180 0.013866 0.028629
0 0.214286 0.029442 0.100315 0.052792
0 0.280745 0.029442 0.032604 0.029442
1 0.319631 0.029442 0.040966 0.029442
0 0.364689 0.029442 0.044946 0.029442
1 0.425670 0.029442 0.072815 0.038357
2 0.608095 0.029442 0.283630 0.033090
1 0.769408 0.029442 0.030593 0.033503
1 0.804248 0.029442 0.034885 0.033503
1 0.447318 0.573411 0.020168 0.018274
1 0.475687 0.573411 0.026485 0.018274
1 0.498807 0.573411 0.009670 0.018274
1 0.518512 0.573411 0.019656 0.018274
1 0.540189 0.573411 0.013614 0.018274
1 0.448106 0.601431 0.021744 0.018274
1 0.471216 0.601431 0.014392 0.018274
1 0.492357 0.601431 0.017805 0.018274
1 0.512584 0.601431 0.012566 0.018274
1 0.534389 0.601431 0.020961 0.018274
1 0.450738 0.629451 0.027007 0.018274
1 0.475433 0.629451 0.012300 0.018274
1 0.489752 0.629451 0.006253 0.018274
1 0.504459 0.629451 0.013078 0.018274
1 0.526784 0.629451 0.021488 0.018274
1 0.446929 0.657471 0.019390 0.018274
1 0.477002 0.657471 0.030671 0.018274
1 0.519155 0.657471 0.043551 0.018274
1 0.442857 0.685492 0.011246 0.018274
1 0.461644 0.685492 0.016244 0.018274
1 0.480431 0.685492 0.011246 0.018274
1 0.499476 0.685492 0.016761 0.018274
1 0.522857 0.685492 0.019917 0.018274
8 0.494796 0.736726 0.115124 0.021320
2 0.498735 0.736726 0.100885 0.015228
1 0.494796 0.773512 0.115124 0.023014
1 0.552989 0.519188 0.013865 0.028629
0 0.207195 0.097970 0.086134 0.033503
0 0.207195 0.131472 0.086134 0.033503
0 0.207195 0.164467 0.086134 0.032487
0 0.207195 0.197462 0.086134 0.033503
0 0.207195 0.254822 0.086134 0.032487
0 0.207195 0.287817 0.086134 0.033503
0 0.207195 0.320812 0.086134 0.032487
0 0.207195 0.353807 0.086134 0.033503
0 0.207195 0.411675 0.086134 0.033503
1 0.209296 0.468211 0.081933 0.014594
0 0.200269 0.512119 0.063879 0.027792
1 0.207195 0.726063 0.077731 0.029124
1 0.207195 0.755790 0.077731 0.028299
1 0.619297 0.100397 0.051848 0.038357
1 0.504752 0.162135 0.191997 0.036072
1 0.427119 0.162135 0.032530 0.027951
1 0.427119 0.162135 0.022026 0.014055
1 0.457868 0.162135 0.028969 0.027951
1 0.457868 0.162135 0.018464 0.014055
1 0.495285 0.162135 0.045866 0.027951
1 0.491145 0.162135 0.027081 0.014055
1 0.509692 0.161199 0.006549 0.016244
1 0.509692 0.161199 0.003397 0.014213
1 0.541746 0.162135 0.047056 0.027951
1 0.541746 0.162135 0.036551 0.014055
1 0.581961 0.162135 0.033375 0.027951
1 0.578416 0.162135 0.015781 0.014055
1 0.627187 0.162135 0.036067 0.036390
6 0.273634 0.243687 0.006828 0.013198
5 0.300387 0.243694 0.042476 0.019908
6 0.273634 0.271716 0.006828 0.013198
5 0.337489 0.271724 0.116679 0.019908
6 0.273634 0.299746 0.006828 0.013198
5 0.313899 0.299754 0.069500 0.019908
6 0.273634 0.327776 0.006828 0.013198
5 0.300075 0.327784 0.041853 0.019908
2 0.287027 0.362405 0.033613 0.033090
5 0.321991 0.362397 0.032112 0.019908
7 0.416048 0.243687 0.006828 0.013198
5 0.435535 0.243694 0.027943 0.019908
7 0.416048 0.271716 0.006828 0.013198
5 0.447635 0.271724 0.052144 0.019908
7 0.416048 0.299746 0.006828 0.013198
5 0.446289 0.299754 0.049452 0.019908
7 0.416048 0.327776 0.006828 0.013198
5 0.447381 0.327784 0.051635 0.019908
7 0.416048 0.355806 0.006828 0.013198
5 0.457667 0.355814 0.072208 0.019908
7 0.416048 0.383836 0.006828 0.013198
5 0.437816 0.383844 0.032506 0.019908
7 0.416048 0.411865 0.006828 0.013198
5 0.444742 0.411873 0.046358 0.019908
7 0.513992 0.243687 0.006828 0.013198
5 0.550104 0.243694 0.061195 0.019908
7 0.513992 0.271716 0.006828 0.013198
5 0.553362 0.271724 0.067711 0.019908
2 0.578502 0.307567 0.107488 0.029442
1 0.290999 0.469051 0.041557 0.035565
1 0.623621 0.469051 0.029543 0.035565
0 0.414612 0.218972 0.180590 0.020305
0 0.346499 0.288285 0.044364 0.024508
0 0.567309 0.289293 0.008403 0.016244
0 0.578433 0.289293 0.009643 0.012183
0 0.386780 0.351967 0.124926 0.020305
0 0.337558 0.421280 0.026482 0.024508
0 0.371570 0.421280 0.035238 0.024508
0 0.522223 0.422287 0.008403 0.016244
0 0.554552 0.422287 0.052053 0.012183
0 0.467486 0.496240 0.286338 0.042862
0 0.330620 0.576904 0.012605 0.024365
0 0.353085 0.576832 0.026482 0.024508
0 0.376863 0.576832 0.014772 0.024508
0 0.423135 0.576832 0.071470 0.024508
0 0.529387 0.577839 0.008403 0.016244
0 0.558134 0.577839 0.044889 0.012183
0 0.451348 0.633820 0.254062 0.020305
0 0.346040 0.703133 0.043445 0.024508
0 0.404194 0.703133 0.066562 0.024508
0 0.464581 0.703133 0.047909 0.024508
0 0.519351 0.703133 0.055328 0.024508
0 0.548131 0.733661 0.008403 0.016244
0 0.559513 0.733661 0.010160 0.012183
0 0.466879 0.795765 0.285123 0.042862
0 0.345162 0.876356 0.041689 0.024508
0 0.381450 0.876356 0.024586 0.024508
0 0.545677 0.877364 0.008403 0.016244
0 0.558286 0.877364 0.012613 0.012183
0 0.381175 0.933344 0.113716 0.020305
0 0.344119 0.995201 0.039604 0.009597
0 0.518005 0.997771 0.008403 0.004457
0 0.548931 0.998786 0.049247 0.002427
0 0.722061 0.134518 0.087341 0.015228
0 0.738597 0.172589 0.120413 0.032487
0 0.734441 0.272589 0.112100 0.049746
0 0.735093 0.327919 0.113404 0.032487
0 0.725282 0.374619 0.093783 0.032487
0 0.797113 0.446193 0.018694 0.013198
0 0.697910 0.479188 0.016093 0.018274
1 0.795377 0.487833 0.022166 0.035565
0 0.717462 0.591053 0.055196 0.018274
1 0.795377 0.599699 0.022166 0.035565
0 0.697073 0.702919 0.014419 0.018274
1 0.795377 0.711564 0.022166 0.035565
0 0.109412 0.805996 0.041237 0.015228
1 0.119046 0.904505 0.187672 0.093528
1 0.119046 0.885184 0.187672 0.038642
1 0.119046 0.931948 0.187672 0.038642
1 0.199752 0.654918 0.023109 0.044670
0 0.982139 0.976142 0.019966 0.039594
