10 0.435771 0.539096 0.015174 0.029328
1 0.508961 0.569035 0.026342 0.008554
1 0.466228 0.579842 0.022721 0.008554
0 0.496044 0.612272 0.130662 0.024917
0 0.496044 0.644522 0.130662 0.024917
4 0.496044 0.712395 0.130662 0.011981
2 0.496044 0.730787 0.130662 0.019915
4 0.496044 0.756511 0.130662 0.011981
2 0.496044 0.774903 0.130662 0.019915
0 0.556001 0.775333 0.005690 0.010998
0 0.496044 0.812288 0.130662 0.023084
1 0.483679 0.843688 0.011212 0.009165
20 0.562008 0.519238 0.013909 0.028717
20 0.562008 0.518322 0.005690 0.010998
1 0.213383 0.029532 0.100632 0.052953
1 0.280052 0.029532 0.032707 0.029532
0 0.319061 0.029532 0.041096 0.029532
1 0.364261 0.029532 0.045089 0.029532
0 0.425435 0.029532 0.073046 0.038474
18 0.608437 0.029532 0.284526 0.033191
18 0.475706 0.029532 0.009484 0.018330
0 0.770260 0.029532 0.030690 0.033605
0 0.805210 0.029532 0.034996 0.033605
0 0.447152 0.573635 0.020232 0.018330
0 0.475610 0.573635 0.026569 0.018330
0 0.498803 0.573635 0.009701 0.018330
0 0.518571 0.573635 0.019718 0.018330
0 0.540316 0.573635 0.013657 0.018330
0 0.447942 0.601741 0.021812 0.018330
0 0.471125 0.601741 0.014438 0.018330
0 0.492332 0.601741 0.017861 0.018330
0 0.512623 0.601741 0.012605 0.018330
0 0.534498 0.601741 0.021027 0.018330
0 0.450582 0.629847 0.027093 0.018330
0 0.475356 0.629847 0.012339 0.018330
0 0.489719 0.629847 0.006273 0.018330
0 0.504473 0.629847 0.013119 0.018330
0 0.526869 0.629847 0.021556 0.018330
0 0.446761 0.657953 0.019451 0.018330
0 0.476929 0.657953 0.030768 0.018330
0 0.519215 0.657953 0.043689 0.018330
0 0.442677 0.686058 0.011282 0.018330
0 0.461523 0.686058 0.016295 0.018330
0 0.480369 0.686058 0.011282 0.018330
0 0.499475 0.686058 0.016814 0.018330
0 0.522930 0.686058 0.019980 0.018330
3 0.494780 0.737449 0.115488 0.021385
18 0.443072 0.737449 0.005690 0.010998
18 0.443072 0.737449 0.005690 0.010998
18 0.498731 0.737449 0.101204 0.015275
0 0.494780 0.774348 0.115488 0.023084
20 0.553156 0.519246 0.013909 0.028717
20 0.553156 0.518330 0.005690 0.010998
1 0.206270 0.098269 0.086407 0.033605
1 0.206270 0.131874 0.086407 0.033605
1 0.206270 0.164969 0.086407 0.032587
1 0.206270 0.198065 0.086407 0.033605
1 0.206270 0.255601 0.086407 0.032587
1 0.206270 0.288697 0.086407 0.033605
1 0.206270 0.321792 0.086407 0.032587
1 0.206270 0.354888 0.086407 0.033605
1 0.206270 0.412933 0.086407 0.033605
0 0.208377 0.469641 0.082192 0.014638
1 0.199322 0.513684 0.064081 0.027877
0 0.206270 0.728281 0.077977 0.029213
0 0.206270 0.758099 0.077977 0.028386
0 0.619674 0.100703 0.052012 0.038474
0 0.504767 0.162630 0.192604 0.036183
0 0.426889 0.162630 0.032633 0.028036
0 0.426889 0.162630 0.022096 0.014098
0 0.457735 0.162630 0.029060 0.028036
0 0.457735 0.162630 0.018523 0.014098
0 0.495271 0.162630 0.046011 0.028036
0 0.491117 0.162630 0.027167 0.014098
0 0.509722 0.161692 0.006569 0.016293
0 0.509722 0.161692 0.003408 0.014257
0 0.541878 0.162630 0.047204 0.028036
0 0.541878 0.162630 0.036667 0.014098
0 0.582221 0.162630 0.033481 0.028036
0 0.578664 0.162630 0.015831 0.014098
0 0.627589 0.162630 0.036181 0.036501
5 0.272919 0.244431 0.006849 0.013238
4 0.299756 0.244439 0.042611 0.019969
5 0.272919 0.272546 0.006849 0.013238
4 0.336975 0.272554 0.117048 0.019969
5 0.272919 0.300662 0.006849 0.013238
4 0.313311 0.300670 0.069720 0.019969
5 0.272919 0.328777 0.006849 0.013238
4 0.299443 0.328785 0.041985 0.019969
2 0.286354 0.363512 0.033720 0.033191
4 0.321428 0.363504 0.032213 0.019969
6 0.415783 0.244431 0.006849 0.013238
4 0.435331 0.244439 0.028031 0.019969
6 0.415783 0.272546 0.006849 0.013238
4 0.447469 0.272554 0.052308 0.019969
6 0.415783 0.300662 0.006849 0.013238
4 0.446119 0.300670 0.049608 0.019969
6 0.415783 0.328777 0.006849 0.013238
4 0.447214 0.328785 0.051798 0.019969
6 0.415783 0.356893 0.006849 0.013238
4 0.457533 0.356901 0.072436 0.019969
6 0.415783 0.385008 0.006849 0.013238
4 0.437619 0.385016 0.032608 0.019969
6 0.415783 0.413124 0.006849 0.013238
4 0.444567 0.413132 0.046505 0.019969
6 0.514036 0.244431 0.006849 0.013238
4 0.550263 0.244439 0.061389 0.019969
6 0.514036 0.272546 0.006849 0.013238
4 0.553531 0.272554 0.067925 0.019969
2 0.578751 0.308506 0.107827 0.029532
0 0.290339 0.470484 0.041689 0.035673
0 0.624012 0.470484 0.029636 0.035673
1 0.463597 0.230954 0.279669 0.042993
1 0.342622 0.311792 0.037721 0.024583
1 0.376502 0.311792 0.023717 0.024583
1 0.424011 0.311792 0.064978 0.024583
19 0.536461 0.312802 0.008430 0.016293
19 0.536461 0.312802 0.008430 0.016293
1 0.561808 0.312802 0.038050 0.012220
1 0.466289 0.380267 0.285053 0.042993
1 0.348541 0.461105 0.049559 0.024583
1 0.392276 0.461105 0.031588 0.024583
1 0.456624 0.461105 0.090786 0.024583
19 0.500864 0.491726 0.008430 0.016293
19 0.500864 0.491726 0.008430 0.016293
1 0.535992 0.491726 0.057610 0.012220
1 0.473595 0.542706 0.299666 0.020367
1 0.354975 0.612231 0.062426 0.024583
1 0.404562 0.612231 0.030427 0.024583
1 0.436092 0.612231 0.026311 0.024583
1 0.471561 0.612231 0.038305 0.024583
19 0.536478 0.613241 0.008430 0.016293
19 0.536478 0.613241 0.008430 0.016293
1 0.558293 0.613241 0.030987 0.012220
1 0.421406 0.676107 0.195288 0.020367
1 0.337045 0.745632 0.026566 0.024583
1 0.363397 0.745632 0.019815 0.024583
1 0.390539 0.745632 0.028146 0.024583
19 0.543845 0.746643 0.008430 0.016293
19 0.543845 0.746643 0.008430 0.016293
1 0.561977 0.746643 0.023619 0.012220
1 0.461608 0.814107 0.275693 0.042993
1 0.340630 0.894945 0.033736 0.024583
1 0.379334 0.894945 0.037350 0.024583
1 0.426535 0.894945 0.050728 0.024583
19 0.524269 0.895955 0.008430 0.016293
19 0.524269 0.895955 0.008430 0.016293
1 0.548147 0.895955 0.035111 0.012220
1 0.381606 0.952107 0.115689 0.020367
1 0.727699 0.143585 0.097487 0.032587
1 0.736799 0.190428 0.115689 0.032587
1 0.710304 0.273422 0.062698 0.015275
1 0.735836 0.314664 0.113763 0.032587
1 0.798052 0.386456 0.018753 0.013238
1 0.714523 0.419552 0.048118 0.018330
0 0.796311 0.428224 0.022236 0.035673
1 0.718149 0.531759 0.055371 0.018330
0 0.796311 0.540431 0.022236 0.035673
1 0.700721 0.643966 0.020515 0.018330
0 0.796311 0.652638 0.022236 0.035673
1 0.109758 0.805404 0.041368 0.015275
0 0.119423 0.904213 0.188266 0.093814
0 0.119423 0.884833 0.188266 0.038760
0 0.119423 0.931740 0.188266 0.038760
20 0.200384 0.653863 0.023182 0.044807
