0 0.211922 0.035025 0.056723 0.068020
0 0.301947 0.035533 0.089712 0.054822
0 0.384757 0.035533 0.075909 0.054822
0 0.448985 0.035533 0.052546 0.054822
0 0.504682 0.035533 0.058848 0.054822
0 0.552681 0.035533 0.037150 0.054822
0 0.612949 0.035533 0.083385 0.054822
0 0.691698 0.035533 0.074112 0.054822
0 0.770668 0.036041 0.028517 0.011168
1 0.803834 0.035176 0.009454 0.070352
0 0.148897 0.541624 0.297794 0.039594
0 0.148897 0.279188 0.297794 0.395939
1 0.148897 0.279188 0.297794 0.395939
0 0.496061 0.541624 0.365021 0.039594
0 0.496061 0.279188 0.365021 0.395939
1 0.496061 0.279188 0.365021 0.395939
0 0.847164 0.541624 0.305672 0.039594
0 0.847164 0.279188 0.305672 0.395939
1 0.847164 0.279188 0.305672 0.395939
1 0.528017 0.579695 0.023634 0.020305
0 0.439781 0.579695 0.002626 0.005076
0 0.463678 0.579695 0.036765 0.005076
0 0.487575 0.579695 0.002626 0.005076
0 0.494403 0.579695 0.002626 0.005076
0 0.501231 0.579695 0.002626 0.005076
0 0.508059 0.579695 0.002626 0.005076
0 0.294905 0.531980 0.014855 0.028715
0 0.699842 0.531980 0.014855 0.028715
0 0.796260 0.625888 0.026704 0.017259
0 0.227030 0.672073 0.049124 0.037421
13 0.227030 0.685271 0.011752 0.013055
0 0.339146 0.676142 0.132041 0.020812
1 0.963235 0.786294 0.036765 0.063959
0 0.654937 0.959391 0.307248 0.081218
0 0.337185 0.959391 0.307248 0.081218
0 0.972164 0.970558 0.018908 0.028426
0 0.080365 0.976126 0.047958 0.018274
1 0.763926 0.914673 0.436532 0.071685
1 0.654789 0.913150 0.076402 0.042243
1 0.750964 0.913150 0.097599 0.042243
1 0.856687 0.913150 0.095498 0.042243
