0 0.050519 0.050254 0.044315 0.050254
1 0.117032 0.050254 0.050896 0.050254
1 0.170919 0.050254 0.047425 0.050254
1 0.225479 0.050254 0.052242 0.050254
1 0.286162 0.050254 0.059669 0.050254
1 0.345055 0.050254 0.048664 0.050254
1 0.398138 0.050254 0.048049 0.050254
1 0.859876 0.050254 0.025998 0.050254
1 0.859876 0.050254 0.011817 0.022843
1 0.890600 0.050254 0.025998 0.050254
1 0.890600 0.050254 0.011817 0.022843
1 0.913578 0.050254 0.010504 0.023096
2 0.943659 0.050254 0.040203 0.023985
5 0.908064 0.050254 0.000525 0.001015
1 0.052447 0.562817 0.008863 0.017132
1 0.052447 0.442322 0.005909 0.027411
1 0.052447 0.477728 0.005909 0.011421
1 0.052447 0.505140 0.005909 0.011421
1 0.052447 0.532551 0.005909 0.011421
0 0.496057 0.823899 0.113966 0.057983
0 0.496053 0.844761 0.096422 0.003541
0 0.496053 0.267616 0.075525 0.049972
0 0.496052 0.164273 0.111021 0.004513
