3 0.592433 0.035642 0.183878 0.042770
0 0.714815 0.035642 0.047188 0.036660
20 0.750527 0.035642 0.009484 0.018330
1 0.241570 0.093686 0.015806 0.044807
17 0.271684 0.093686 0.024236 0.044807
17 0.281695 0.093686 0.011591 0.044807
17 0.281695 0.094705 0.005269 0.010183
17 0.282534 0.197556 0.100896 0.044807
17 0.250049 0.236253 0.035926 0.044807
17 0.250152 0.274949 0.036132 0.044807
17 0.257537 0.313646 0.050901 0.044807
17 0.274108 0.352342 0.084044 0.044807
17 0.284308 0.391039 0.104444 0.044807
17 0.260163 0.429735 0.056153 0.044807
17 0.272721 0.468432 0.081270 0.044807
17 0.395280 0.194501 0.047953 0.030550
17 0.396577 0.218941 0.050547 0.030550
17 0.399076 0.243381 0.055544 0.030550
17 0.391839 0.267821 0.041071 0.030550
17 0.400125 0.292261 0.057643 0.030550
17 0.479016 0.194501 0.076956 0.030550
17 0.461547 0.218941 0.042018 0.030550
17 0.460015 0.243381 0.038955 0.030550
17 0.478588 0.267821 0.076100 0.030550
17 0.465050 0.292261 0.049024 0.030550
17 0.304169 0.093686 0.020548 0.044807
17 0.312335 0.093686 0.011591 0.044807
17 0.312335 0.094705 0.005269 0.010183
17 0.281254 0.197556 0.098335 0.044807
17 0.277484 0.236253 0.090795 0.044807
17 0.273927 0.274949 0.083682 0.044807
17 0.275454 0.313646 0.086736 0.044807
17 0.251552 0.352342 0.038931 0.044807
17 0.263332 0.391039 0.062492 0.044807
17 0.269902 0.429735 0.075631 0.044807
17 0.262155 0.468432 0.060137 0.044807
17 0.258924 0.514257 0.053675 0.030550
17 0.272474 0.538697 0.080776 0.030550
17 0.386023 0.194501 0.041656 0.030550
17 0.395828 0.218941 0.061265 0.030550
17 0.396659 0.243381 0.062928 0.030550
17 0.392967 0.267821 0.055544 0.030550
17 0.385731 0.292261 0.041071 0.030550
17 0.394017 0.316701 0.057643 0.030550
17 0.465029 0.194501 0.050629 0.030550
17 0.461501 0.218941 0.043574 0.030550
17 0.466396 0.243381 0.053362 0.030550
17 0.472879 0.267821 0.066328 0.030550
17 0.467560 0.292261 0.055692 0.030550
17 0.477382 0.316701 0.075334 0.030550
17 0.473578 0.341141 0.067728 0.030550
17 0.457299 0.365580 0.035169 0.030550
17 0.471508 0.390020 0.063587 0.030550
17 0.460723 0.414460 0.042018 0.030550
17 0.335073 0.093686 0.021075 0.044807
17 0.343503 0.093686 0.011591 0.044807
17 0.343503 0.094705 0.005269 0.010183
17 0.281353 0.197556 0.098533 0.044807
17 0.261031 0.236253 0.057890 0.044807
17 0.259504 0.274949 0.054836 0.044807
17 0.250152 0.313646 0.036132 0.044807
17 0.263431 0.352342 0.062689 0.044807
17 0.273092 0.391039 0.082011 0.044807
17 0.268185 0.429735 0.072198 0.044807
17 0.259142 0.475560 0.054111 0.030550
17 0.386435 0.194501 0.042084 0.030550
17 0.397075 0.218941 0.063364 0.030550
17 0.393165 0.243381 0.055544 0.030550
17 0.385928 0.267821 0.041071 0.030550
17 0.394214 0.292261 0.057643 0.030550
17 0.465881 0.194501 0.051065 0.030550
17 0.462135 0.218941 0.043574 0.030550
17 0.462078 0.243381 0.043459 0.030550
17 0.473512 0.267821 0.066328 0.030550
17 0.468194 0.292261 0.055692 0.030550
17 0.478016 0.316701 0.075334 0.030550
17 0.457933 0.341141 0.035169 0.030550
17 0.461357 0.365580 0.042018 0.030550
17 0.369921 0.093686 0.028451 0.044807
17 0.382039 0.093686 0.011591 0.044807
17 0.382039 0.094705 0.005269 0.010183
17 0.288737 0.197556 0.113302 0.044807
17 0.276364 0.236253 0.088555 0.044807
17 0.266889 0.274949 0.069605 0.044807
17 0.265481 0.313646 0.066789 0.044807
17 0.268815 0.352342 0.073457 0.044807
17 0.265963 0.391039 0.067752 0.044807
17 0.262978 0.436864 0.061784 0.030550
17 0.269099 0.461303 0.074025 0.030550
17 0.405040 0.194501 0.049756 0.030550
17 0.415676 0.218941 0.071029 0.030550
17 0.407934 0.243381 0.055544 0.030550
17 0.419327 0.267821 0.078331 0.030550
17 0.400697 0.292261 0.041071 0.030550
17 0.408983 0.316701 0.057643 0.030550
17 0.499448 0.194501 0.058730 0.030550
17 0.491871 0.218941 0.043574 0.030550
17 0.486046 0.243381 0.031925 0.030550
17 0.503248 0.267821 0.066328 0.030550
17 0.497930 0.292261 0.055692 0.030550
17 0.498366 0.316701 0.056564 0.030550
17 0.499893 0.341141 0.059619 0.030550
17 0.487668 0.365580 0.035169 0.030550
17 0.501589 0.390020 0.063010 0.030550
17 0.480880 0.414460 0.021593 0.030550
17 0.407674 0.093686 0.026870 0.044807
17 0.419002 0.093686 0.011591 0.044807
17 0.419002 0.094705 0.005269 0.010183
17 0.305309 0.197556 0.146445 0.044807
17 0.300592 0.236253 0.137011 0.044807
17 0.288293 0.274949 0.112413 0.044807
17 0.294459 0.313646 0.124745 0.044807
17 0.288116 0.352342 0.112059 0.044807
17 0.297768 0.391039 0.131364 0.044807
17 0.262180 0.436864 0.060187 0.030550
17 0.264748 0.461303 0.065324 0.030550
17 0.447037 0.194501 0.067464 0.030550
17 0.448700 0.218941 0.070790 0.030550
17 0.457677 0.243381 0.088745 0.030550
17 0.441077 0.267821 0.055544 0.030550
17 0.433841 0.292261 0.041071 0.030550
17 0.442127 0.316701 0.057643 0.030550
17 0.551864 0.194501 0.076446 0.030550
17 0.535428 0.218941 0.043574 0.030550
17 0.537988 0.243381 0.048694 0.030550
17 0.559771 0.267821 0.092260 0.030550
17 0.541487 0.292261 0.055692 0.030550
17 0.542133 0.316701 0.056984 0.030550
17 0.444374 0.093686 0.026344 0.044807
17 0.455438 0.093686 0.011591 0.044807
17 0.455438 0.094705 0.005269 0.010183
17 0.306881 0.197556 0.149590 0.044807
17 0.255326 0.243381 0.046480 0.030550
17 0.455912 0.194501 0.078924 0.030550
17 0.466548 0.218941 0.100196 0.030550
17 0.442246 0.243381 0.051592 0.030550
17 0.436985 0.267821 0.041071 0.030550
17 0.445271 0.292261 0.057643 0.030550
17 0.572189 0.194501 0.087905 0.030550
17 0.550024 0.218941 0.043574 0.030550
17 0.552300 0.243381 0.048126 0.030550
17 0.580755 0.267821 0.105037 0.030550
17 0.483181 0.093686 0.031085 0.044807
17 0.496617 0.093686 0.011591 0.044807
17 0.496617 0.094705 0.005269 0.010183
17 0.291368 0.197556 0.118562 0.044807
17 0.265539 0.236253 0.066904 0.044807
17 0.276319 0.274949 0.088465 0.044807
17 0.278616 0.313646 0.093058 0.044807
17 0.264472 0.359470 0.064772 0.030550
17 0.411794 0.194501 0.052745 0.030550
17 0.422431 0.218941 0.074017 0.030550
17 0.501893 0.194501 0.061726 0.030550
17 0.492817 0.218941 0.043574 0.030550
17 0.499638 0.243381 0.057215 0.030550
17 0.495513 0.267821 0.048966 0.030550
17 0.499523 0.292261 0.056984 0.030550
17 0.530155 0.093686 0.042677 0.044807
17 0.549386 0.093686 0.011591 0.044807
17 0.549386 0.094705 0.005269 0.010183
17 0.292598 0.197556 0.121024 0.044807
17 0.273380 0.236253 0.082587 0.044807
17 0.265963 0.274949 0.067752 0.044807
17 0.279241 0.313646 0.094310 0.044807
17 0.421258 0.194501 0.066748 0.030550
17 0.417187 0.218941 0.058606 0.030550
17 0.424402 0.243381 0.073037 0.030550
17 0.419813 0.267821 0.063858 0.030550
17 0.430058 0.292261 0.084349 0.030550
17 0.516633 0.194501 0.065620 0.030550
17 0.517617 0.218941 0.067588 0.030550
17 0.525421 0.243381 0.083196 0.030550
17 0.526405 0.267821 0.085164 0.030550
17 0.510035 0.292261 0.052424 0.030550
17 0.503495 0.316701 0.039342 0.030550
17 0.505133 0.341141 0.042619 0.030550
17 0.508306 0.365580 0.048966 0.030550
17 0.494620 0.390020 0.021593 0.030550
17 0.500387 0.414460 0.033127 0.030550
17 0.586086 0.093686 0.048999 0.044807
17 0.608478 0.093686 0.011591 0.044807
17 0.608478 0.094705 0.005269 0.010183
17 0.300864 0.197556 0.137554 0.044807
17 0.267708 0.236253 0.071243 0.044807
17 0.263941 0.274949 0.063710 0.044807
17 0.273001 0.313646 0.081830 0.044807
17 0.276302 0.352342 0.088432 0.044807
17 0.280538 0.391039 0.096903 0.044807
17 0.276002 0.429735 0.087831 0.044807
17 0.282328 0.468432 0.100484 0.044807
17 0.273524 0.507128 0.082875 0.044807
17 0.266152 0.545825 0.068131 0.044807
17 0.437224 0.194501 0.065620 0.030550
17 0.442036 0.218941 0.075244 0.030550
17 0.642535 0.093686 0.043730 0.044807
17 0.662293 0.093686 0.011591 0.044807
17 0.662293 0.094705 0.005269 0.010183
17 0.297567 0.197556 0.130960 0.044807
17 0.250049 0.236253 0.035926 0.044807
17 0.250152 0.274949 0.036132 0.044807
17 0.257537 0.313646 0.050901 0.044807
17 0.274108 0.352342 0.084044 0.044807
17 0.284308 0.391039 0.104444 0.044807
17 0.260163 0.429735 0.056153 0.044807
17 0.270025 0.468432 0.075878 0.044807
17 0.426197 0.194501 0.056754 0.030550
17 0.412260 0.218941 0.028879 0.030550
17 0.413289 0.243381 0.030937 0.030550
17 0.438245 0.267821 0.080850 0.030550
17 0.690299 0.093686 0.031612 0.044807
17 0.703998 0.093686 0.011591 0.044807
17 0.703998 0.094705 0.005269 0.010183
17 0.257537 0.197556 0.050901 0.044807
17 0.250049 0.236253 0.035926 0.044807
17 0.250152 0.274949 0.036132 0.044807
17 0.256100 0.313646 0.048028 0.044807
17 0.284308 0.352342 0.104444 0.044807
17 0.260163 0.391039 0.056153 0.044807
17 0.254997 0.429735 0.045821 0.044807
17 0.245933 0.468432 0.027694 0.044807
17 0.262460 0.514257 0.060747 0.030550
17 0.394609 0.194501 0.046612 0.030550
17 0.402027 0.218941 0.061446 0.030550
17 0.393630 0.243381 0.044652 0.030550
17 0.386871 0.267821 0.031135 0.030550
17 0.472343 0.194501 0.056005 0.030550
17 0.494447 0.218941 0.100212 0.030550
17 0.484474 0.243381 0.080265 0.030550
17 0.469404 0.267821 0.050127 0.030550
18 0.724364 0.093686 0.016333 0.044807
18 0.496839 0.169043 0.524236 0.040733
18 0.750527 0.169043 0.015806 0.036660
18 0.242624 0.169043 0.015806 0.035642
18 0.496048 0.258656 0.524763 0.024440
18 0.240253 0.258656 0.004742 0.016293
18 0.496048 0.287169 0.524763 0.024440
18 0.240253 0.287169 0.004742 0.016293
18 0.496048 0.315682 0.524763 0.024440
18 0.240253 0.315682 0.004742 0.016293
18 0.496048 0.344196 0.524763 0.024440
18 0.240253 0.344196 0.004742 0.016293
18 0.496048 0.372709 0.524763 0.024440
18 0.240253 0.372709 0.004742 0.016293
0 0.750527 0.093686 0.015806 0.044807
1 0.496048 0.468432 0.992097 0.704684
0 0.454524 0.311609 0.068872 0.044807
0 0.534959 0.311609 0.074083 0.044807
19 0.500000 0.468432 1.000000 0.704684
1 0.496048 0.916497 0.992097 0.167006
10 0.500000 0.916497 1.000000 0.167006
