1 0.589757 0.014559 0.078734 0.017312
1 0.719442 0.087640 0.088514 0.067751
10 0.719442 0.087640 0.088514 0.067751
1 0.690311 0.175391 0.030254 0.017312
1 0.685026 0.221025 0.019684 0.017312
1 0.685734 0.243842 0.021100 0.017312
1 0.693230 0.266659 0.036091 0.017312
1 0.689706 0.289476 0.029044 0.017312
1 0.702837 0.312293 0.055305 0.017312
1 0.681046 0.335110 0.011723 0.017312
1 0.686434 0.357927 0.022499 0.017312
1 0.695564 0.380744 0.040758 0.017312
1 0.693929 0.403561 0.037490 0.017312
1 0.719219 0.449195 0.088070 0.017312
1 0.686426 0.472012 0.022483 0.017312
1 0.683153 0.494829 0.015938 0.017312
1 0.680572 0.540463 0.010776 0.017312
1 0.707278 0.563280 0.064188 0.017312
1 0.702364 0.586097 0.054358 0.017312
1 0.456122 0.132081 0.046282 0.017312
1 0.434936 0.143489 0.408860 0.040129
1 0.532962 0.154898 0.082933 0.017312
1 0.240109 0.194008 0.019206 0.017312
1 0.267428 0.194008 0.020153 0.017312
1 0.296155 0.194008 0.022022 0.017312
1 0.347010 0.194008 0.064410 0.017312
1 0.303675 0.294631 0.046398 0.017312
1 0.394107 0.294631 0.046398 0.017312
1 0.459126 0.306040 0.357300 0.040129
1 0.607502 0.317448 0.060549 0.017312
1 0.459130 0.351674 0.357309 0.040129
1 0.597907 0.363082 0.079739 0.017312
1 0.509936 0.385899 0.046398 0.017312
1 0.349797 0.408716 0.053156 0.017312
1 0.459126 0.420125 0.357300 0.040129
1 0.303675 0.469625 0.046398 0.017312
1 0.459126 0.481034 0.357300 0.040129
1 0.296644 0.530534 0.032337 0.017312
1 0.399639 0.530534 0.032337 0.017312
1 0.303675 0.592461 0.046398 0.017312
1 0.396742 0.592461 0.046398 0.017312
1 0.323663 0.615278 0.086374 0.017312
1 0.251823 0.657443 0.042635 0.017312
1 0.255796 0.790256 0.026344 0.017312
10 0.255796 0.770398 0.026344 0.050916
1 0.291215 0.792499 0.019206 0.017312
1 0.318534 0.792499 0.020153 0.017312
1 0.255796 0.903115 0.026344 0.017312
10 0.255796 0.883258 0.026344 0.050916
1 0.291215 0.916767 0.019206 0.017312
1 0.318534 0.916767 0.020153 0.017312
10 0.255796 0.985330 0.026344 0.029341
