1 0.231880 0.023858 0.013866 0.038173
2 0.474790 0.026904 0.173319 0.031472
2 0.552258 0.026904 0.019433 0.031472
0 0.600840 0.026396 0.021008 0.028426
0 0.627626 0.026396 0.021008 0.028426
0 0.648634 0.026396 0.021008 0.028426
0 0.669643 0.026396 0.021008 0.028426
0 0.690651 0.026396 0.021008 0.028426
0 0.711660 0.026396 0.021008 0.028426
0 0.737920 0.026396 0.019958 0.028426
0 0.757878 0.024365 0.019958 0.028426
0 0.243784 0.075635 0.046391 0.045685
0 0.290076 0.075635 0.046194 0.045685
0 0.340591 0.075635 0.054835 0.045685
0 0.393247 0.075635 0.050478 0.045685
0 0.447438 0.075635 0.057904 0.045685
0 0.511711 0.075635 0.070641 0.045685
0 0.570669 0.075635 0.047277 0.045685
0 0.619362 0.075635 0.050108 0.045685
0 0.674210 0.075635 0.059587 0.045685
0 0.731913 0.075635 0.055820 0.045685
0 0.594013 0.252792 0.021008 0.024365
0 0.757353 0.252792 0.021008 0.024365
0 0.757353 0.390863 0.021008 0.024365
0 0.648372 0.527411 0.081408 0.043655
0 0.729779 0.527411 0.081408 0.043655
0 0.593619 0.582741 0.021008 0.024365
0 0.497965 0.692893 0.218619 0.264975
0 0.757878 0.582741 0.021008 0.024365
0 0.689666 0.626650 0.163734 0.132487
0 0.757878 0.716244 0.021008 0.024365
0 0.689666 0.760152 0.163734 0.132487
0 0.579832 0.873096 0.371849 0.054822
0 0.579832 0.960914 0.360294 0.078173
0 0.301733 0.254315 0.162290 0.045685
0 0.241334 0.293195 0.040441 0.025984
0 0.241334 0.317560 0.040441 0.025984
0 0.241334 0.341926 0.040441 0.025984
0 0.241334 0.366291 0.040441 0.025984
0 0.241334 0.390657 0.040441 0.025984
0 0.241334 0.415022 0.040441 0.025984
0 0.241334 0.439388 0.040441 0.025984
0 0.241334 0.463753 0.040441 0.025984
0 0.241334 0.488119 0.040441 0.025984
0 0.282038 0.293195 0.039916 0.025984
0 0.282038 0.317560 0.039916 0.025984
0 0.282038 0.341926 0.039916 0.025984
0 0.282038 0.366291 0.039916 0.025984
0 0.282038 0.390657 0.039916 0.025984
0 0.282038 0.415022 0.039916 0.025984
0 0.282038 0.439388 0.039916 0.025984
0 0.282038 0.463753 0.039916 0.025984
0 0.282038 0.488119 0.039916 0.025984
0 0.322479 0.293195 0.039916 0.025984
0 0.322479 0.317560 0.039916 0.025984
0 0.322479 0.341926 0.039916 0.025984
0 0.322479 0.366291 0.039916 0.025984
0 0.322479 0.390657 0.039916 0.025984
0 0.322479 0.415022 0.039916 0.025984
0 0.322479 0.439388 0.039916 0.025984
0 0.322479 0.463753 0.039916 0.025984
0 0.322479 0.488119 0.039916 0.025984
0 0.362920 0.293195 0.039916 0.025984
0 0.362920 0.317560 0.039916 0.025984
0 0.362920 0.341926 0.039916 0.025984
0 0.362920 0.366291 0.039916 0.025984
0 0.362920 0.390657 0.039916 0.025984
0 0.362920 0.415022 0.039916 0.025984
0 0.362920 0.439388 0.039916 0.025984
0 0.362920 0.463753 0.039916 0.025984
0 0.362658 0.488119 0.039391 0.025984
0 0.261161 0.527411 0.081145 0.045685
0 0.342306 0.527411 0.081145 0.045685
0 0.251132 0.938071 0.042017 0.123858
0 0.301725 0.938071 0.042017 0.123858
0 0.352326 0.938071 0.042017 0.123858
