1 0.792870 0.038071 0.063025 0.034518
1 0.873195 0.038071 0.085018 0.034518
0 0.111870 0.114721 0.071954 0.054822
11 0.176512 0.111168 0.055229 0.049746
0 0.176512 0.111675 0.051027 0.048731
11 0.221479 0.111168 0.030963 0.049746
0 0.221479 0.111675 0.026761 0.048731
11 0.256594 0.111168 0.035526 0.049746
0 0.256594 0.111675 0.031324 0.048731
11 0.296932 0.111168 0.041410 0.049746
0 0.296932 0.111675 0.037208 0.048731
11 0.337439 0.111168 0.035862 0.049746
0 0.337439 0.111675 0.031660 0.048731
11 0.371660 0.111168 0.028837 0.049746
0 0.371660 0.111675 0.024636 0.048731
11 0.406882 0.111168 0.037864 0.049746
0 0.406882 0.111675 0.033663 0.048731
1 0.748872 0.114467 0.059784 0.054315
1 0.800236 0.112183 0.040843 0.045685
0 0.847985 0.112183 0.023946 0.047716
0 0.889144 0.113706 0.054170 0.048731
1 0.495798 0.142640 0.991597 0.001015
1 0.450893 0.776650 0.023109 0.044670
1 0.474002 0.776650 0.023109 0.044670
1 0.541229 0.776650 0.023109 0.044670
1 0.145832 0.512024 0.089458 0.040609
0 0.362896 0.932995 0.102990 0.024365
0 0.460211 0.932995 0.041221 0.024365
0 0.536043 0.932995 0.060022 0.024365
0 0.635988 0.932995 0.089450 0.024365
