1 0.557063 0.023931 0.038206 0.019348
1 0.496048 0.116917 0.100352 0.024440
10 0.496048 0.119145 0.100352 0.101833
0 0.255829 0.210794 0.055964 0.040733
0 0.329632 0.210794 0.043220 0.040733
0 0.404332 0.210794 0.057758 0.040733
0 0.473517 0.210794 0.032188 0.040733
0 0.556466 0.210794 0.085287 0.040733
0 0.640193 0.210794 0.033744 0.040733
0 0.706862 0.208758 0.051172 0.036660
0 0.760455 0.210794 0.007590 0.040733
18 0.760455 0.209983 0.010247 0.019805
1 0.453594 0.478822 0.026821 0.089613
0 0.234396 0.681088 0.077326 0.043629
10 0.636147 0.545093 0.064262 0.124204
10 0.725970 0.332294 0.023709 0.045825
10 0.752256 0.749475 0.036239 0.070042
10 0.679087 0.299898 0.065859 0.127291
10 0.719219 0.589422 0.066056 0.127673
10 0.651154 0.786230 0.090078 0.174103
10 0.650154 0.880688 0.052251 0.100990
10 0.717219 0.797671 0.042034 0.081244
1 0.570181 0.901986 0.017436 0.058045
1 0.262908 0.991209 0.134352 0.017582
1 0.418335 0.991209 0.134352 0.017582
1 0.573762 0.991209 0.134352 0.017582
1 0.729189 0.991209 0.134352 0.017582
