0 0.493849 0.018274 0.108661 0.018274
1 0.982668 0.018782 0.010504 0.020305
0 0.201213 0.076039 0.064076 0.050555
1 0.288755 0.075008 0.010923 0.021114
0 0.292166 0.248570 0.072990 0.019847
0 0.473133 0.156956 0.052802 0.019847
0 0.476110 0.188254 0.058758 0.019847
0 0.467363 0.219553 0.041262 0.019847
0 0.464235 0.250851 0.035006 0.019847
0 0.548487 0.156956 0.028249 0.019847
0 0.557999 0.188254 0.047272 0.019847
0 0.549278 0.219553 0.029830 0.019847
0 0.559125 0.250851 0.049524 0.019847
1 0.342285 0.075008 0.010923 0.021114
0 0.326025 0.156956 0.038933 0.019847
0 0.338236 0.188254 0.063355 0.019847
0 0.336747 0.219553 0.060378 0.019847
0 0.413868 0.156956 0.039527 0.019847
0 0.417139 0.188254 0.046068 0.019847
0 0.420144 0.219553 0.052077 0.019847
0 0.415488 0.250851 0.042767 0.019847
0 0.421228 0.282150 0.054245 0.019847
0 0.412464 0.313448 0.036719 0.019847
0 0.439884 0.404489 0.091558 0.019086
1 0.403004 0.075008 0.010923 0.021114
0 0.369091 0.156956 0.018005 0.019847
0 0.390995 0.188254 0.061812 0.019847
0 0.378394 0.219553 0.036611 0.019847
0 0.381623 0.250851 0.043067 0.019847
0 0.382448 0.282150 0.044718 0.019847
0 0.485156 0.156956 0.019486 0.019847
0 0.560430 0.156956 0.032584 0.019847
0 0.487852 0.188254 0.024878 0.019847
0 0.552874 0.188254 0.017472 0.019847
0 0.488192 0.219553 0.025557 0.019847
0 0.563357 0.219553 0.038439 0.019847
0 0.485766 0.250851 0.020704 0.019847
0 0.551254 0.250851 0.014232 0.019847
0 0.486599 0.282150 0.022371 0.019847
0 0.559142 0.282150 0.030008 0.019847
0 0.492404 0.313448 0.033980 0.019847
0 0.543949 0.313448 0.023320 0.019847
1 0.460556 0.075008 0.010923 0.021114
0 0.428746 0.121467 0.015875 0.019847
0 0.440151 0.152766 0.038686 0.019847
0 0.432923 0.184064 0.024230 0.019847
0 0.440275 0.215363 0.038933 0.019847
0 0.450997 0.246661 0.060378 0.019847
0 0.443696 0.277960 0.045775 0.019847
0 0.485590 0.075016 0.039145 0.040609
1 0.668970 0.075016 0.018908 0.040609
0 0.700339 0.075016 0.043830 0.040609
0 0.740165 0.075016 0.035821 0.040609
1 0.786732 0.075016 0.048910 0.040609
1 0.196166 0.574984 0.072479 0.040609
1 0.272010 0.574984 0.066603 0.040609
1 0.944496 0.963452 0.078445 0.040609
1 0.944496 0.963452 0.078445 0.040609
0 0.111345 0.874754 0.147059 0.019813
1 0.100840 0.926087 0.168067 0.082852
1 0.057158 0.917965 0.080702 0.034121
1 0.143292 0.917965 0.083164 0.034121
1 0.100840 0.959193 0.168067 0.015847
