1 0.024763 0.029532 0.033720 0.032587
1 0.114833 0.032077 0.114808 0.043788
1 0.239673 0.032077 0.113796 0.043788
1 0.368377 0.032077 0.122539 0.043788
10 0.636986 0.247963 0.257113 0.280041
1 0.312101 0.627689 0.128943 0.044807
1 0.270955 0.677078 0.046653 0.021385
1 0.281954 0.710062 0.068650 0.021385
1 0.562611 0.622486 0.082019 0.021385
1 0.561026 0.655470 0.078849 0.021385
1 0.561101 0.688455 0.078998 0.021385
1 0.563805 0.721439 0.084406 0.021385
1 0.207155 0.919902 0.046554 0.024440
1 0.256619 0.919894 0.052374 0.015959
1 0.297731 0.919894 0.029851 0.015959
1 0.326425 0.919894 0.027537 0.015959
1 0.369867 0.919894 0.059347 0.015959
1 0.421101 0.919894 0.043121 0.015959
1 0.462551 0.919894 0.039779 0.015959
