1 0.000263 0.000509 0.000527 0.001018
1 0.025290 0.036660 0.016860 0.034623
17 0.068637 0.036660 0.052975 0.040733
0 0.068637 0.036660 0.052975 0.040733
0 0.086695 0.036660 0.008430 0.016293
1 0.127126 0.143021 0.130873 0.045367
1 0.127126 0.208551 0.130873 0.045367
1 0.127126 0.274080 0.130873 0.045367
1 0.127126 0.339610 0.130873 0.045367
1 0.266838 0.143021 0.106822 0.045367
1 0.266838 0.208551 0.106822 0.045367
1 0.266838 0.274080 0.106822 0.045367
1 0.266838 0.339610 0.106822 0.045367
1 0.404125 0.143021 0.126024 0.045367
1 0.404125 0.208551 0.126024 0.045367
1 0.404125 0.274080 0.126024 0.045367
1 0.550854 0.132436 0.082935 0.024196
1 0.550854 0.176794 0.082935 0.024196
1 0.550854 0.221153 0.082935 0.024196
1 0.550854 0.265511 0.082935 0.024196
1 0.550854 0.309870 0.082935 0.024196
1 0.327005 0.422782 0.530632 0.024196
17 0.123053 0.036660 0.055856 0.040733
0 0.123053 0.036660 0.055856 0.040733
0 0.142551 0.036660 0.008430 0.016293
1 0.165936 0.132436 0.104320 0.024196
1 0.165936 0.176794 0.104320 0.024196
1 0.165936 0.221153 0.104320 0.024196
1 0.165936 0.265511 0.104320 0.024196
1 0.291121 0.132436 0.104320 0.024196
1 0.291121 0.176794 0.104320 0.024196
1 0.291121 0.221153 0.104320 0.024196
1 0.291121 0.265511 0.104320 0.024196
1 0.291121 0.309870 0.104320 0.024196
1 0.416305 0.132436 0.104320 0.024196
1 0.416305 0.176794 0.104320 0.024196
1 0.416305 0.221153 0.104320 0.024196
1 0.416305 0.265511 0.104320 0.024196
1 0.416305 0.309870 0.104320 0.024196
1 0.291121 0.382456 0.354689 0.024196
17 0.181289 0.036660 0.060615 0.040733
0 0.181289 0.036660 0.060615 0.040733
0 0.203166 0.036660 0.008430 0.016293
1 0.221793 0.132436 0.104320 0.024196
1 0.221793 0.176794 0.104320 0.024196
1 0.221793 0.221153 0.104320 0.024196
1 0.221793 0.265511 0.104320 0.024196
1 0.221793 0.309870 0.104320 0.024196
1 0.346977 0.132436 0.104320 0.024196
1 0.346977 0.176794 0.104320 0.024196
1 0.346977 0.221153 0.104320 0.024196
1 0.346977 0.265511 0.104320 0.024196
1 0.346977 0.309870 0.104320 0.024196
1 0.472161 0.132436 0.104320 0.024196
1 0.472161 0.176794 0.104320 0.024196
1 0.472161 0.221153 0.104320 0.024196
1 0.472161 0.265511 0.104320 0.024196
1 0.472161 0.309870 0.104320 0.024196
1 0.346977 0.382456 0.354689 0.024196
17 0.246818 0.036660 0.070444 0.040733
0 0.246818 0.036660 0.070444 0.040733
0 0.273610 0.036660 0.008430 0.016293
1 0.290866 0.143021 0.121069 0.045367
1 0.424425 0.132436 0.104320 0.024196
1 0.424425 0.176794 0.104320 0.024196
1 0.424425 0.221153 0.104320 0.024196
1 0.424425 0.265511 0.104320 0.024196
1 0.424425 0.309870 0.104320 0.024196
1 0.549609 0.132436 0.104320 0.024196
1 0.549609 0.176794 0.104320 0.024196
1 0.549609 0.221153 0.104320 0.024196
17 0.311516 0.036660 0.058952 0.040733
0 0.311516 0.036660 0.058952 0.040733
0 0.332562 0.036660 0.008430 0.016293
1 0.363459 0.143021 0.126252 0.045367
1 0.515763 0.143021 0.136627 0.045367
1 0.515763 0.208551 0.136627 0.045367
1 0.515763 0.274080 0.136627 0.045367
1 0.358943 0.036660 0.035901 0.040733
18 0.804984 0.036660 0.167545 0.030550
18 0.729641 0.036660 0.008430 0.016293
17 0.913033 0.036660 0.034856 0.032587
17 0.956010 0.036660 0.038453 0.032587
4 0.347487 0.444215 0.065167 0.024440
2 0.374440 0.444215 0.136986 0.046843
0 0.498852 0.444215 0.106568 0.048880
0 0.625729 0.444215 0.126111 0.057026
1 0.969968 0.957230 0.018967 0.036660
