1 0.050995 0.001015 0.091485 0.002030
0 0.023634 0.069036 0.026261 0.058883
1 0.069738 0.069036 0.040737 0.064975
0 0.290179 0.121827 0.094538 0.129949
0 0.393120 0.121827 0.094538 0.129949
0 0.496061 0.121827 0.094538 0.129949
0 0.599002 0.121827 0.094538 0.129949
0 0.701943 0.121827 0.094538 0.129949
0 0.374298 0.213452 0.075967 0.028934
0 0.462443 0.213452 0.079315 0.028934
0 0.541163 0.213452 0.057117 0.028934
0 0.612764 0.213452 0.065077 0.028934
1 0.120745 0.069036 0.027664 0.064975
0 0.290179 0.121827 0.094538 0.129949
0 0.393120 0.121827 0.094538 0.129949
0 0.496061 0.121827 0.094538 0.129949
0 0.599002 0.121827 0.094538 0.129949
0 0.701943 0.121827 0.094538 0.129949
0 0.394987 0.213452 0.116605 0.028934
0 0.500037 0.213452 0.072487 0.028934
0 0.595859 0.213452 0.098149 0.028934
1 0.165367 0.069036 0.027967 0.064975
0 0.341649 0.121827 0.094538 0.129949
0 0.444590 0.121827 0.094538 0.129949
0 0.547532 0.121827 0.094538 0.129949
0 0.650473 0.121827 0.094538 0.129949
1 0.217072 0.069036 0.041828 0.064975
0 0.393120 0.121827 0.094538 0.129949
0 0.496061 0.121827 0.094538 0.129949
0 0.599002 0.121827 0.094538 0.129949
0 0.444340 0.213452 0.082154 0.028934
0 0.537138 0.213452 0.082433 0.028934
1 0.284557 0.069036 0.059529 0.064975
0 0.290179 0.121827 0.094538 0.129949
0 0.393120 0.121827 0.094538 0.129949
0 0.496061 0.121827 0.094538 0.129949
0 0.599002 0.121827 0.094538 0.129949
0 0.701943 0.121827 0.094538 0.129949
0 0.270048 0.213452 0.125033 0.028934
0 0.417423 0.213452 0.148708 0.028934
0 0.564543 0.213452 0.124524 0.028934
0 0.705694 0.213452 0.136768 0.028934
1 0.348674 0.069036 0.035091 0.064975
0 0.444590 0.121827 0.094538 0.129949
0 0.547532 0.121827 0.094538 0.129949
0 0.375213 0.213452 0.097197 0.028934
0 0.468377 0.213452 0.068121 0.028934
0 0.542398 0.213452 0.058914 0.028934
0 0.618681 0.213452 0.072643 0.028934
1 0.400042 0.069036 0.034032 0.064975
0 0.444590 0.121827 0.094538 0.129949
0 0.547532 0.121827 0.094538 0.129949
0 0.381151 0.213452 0.063017 0.028934
0 0.459858 0.213452 0.073390 0.028934
0 0.534139 0.213452 0.054162 0.028934
0 0.601846 0.213452 0.060243 0.028934
1 0.456305 0.069036 0.044881 0.064975
0 0.444590 0.121827 0.094538 0.129949
0 0.547532 0.121827 0.094538 0.129949
0 0.339335 0.213452 0.044347 0.028934
0 0.388852 0.213452 0.033679 0.028934
0 0.447926 0.213452 0.063460 0.028934
0 0.510143 0.213452 0.039965 0.028934
0 0.565783 0.213452 0.050305 0.028934
0 0.632944 0.213452 0.063009 0.028934
1 0.879382 0.069036 0.042017 0.024365
1 0.945206 0.069036 0.072824 0.038579
1 0.496061 0.131980 0.992122 0.060914
0 0.496061 0.522018 0.992122 0.719162
1 0.286670 0.656456 0.276597 0.052792
1 0.177390 0.656456 0.058036 0.052792
0 0.177390 0.656456 0.053834 0.044670
1 0.204569 0.961104 0.110294 0.077792
1 0.321166 0.961104 0.110294 0.077792
1 0.437763 0.961104 0.110294 0.077792
1 0.554359 0.961104 0.110294 0.077792
1 0.670956 0.961104 0.110294 0.077792
1 0.787553 0.961104 0.110294 0.077792
0 0.117479 0.152958 0.143029 0.305917
0 0.268912 0.152958 0.143029 0.305917
0 0.420345 0.152958 0.143029 0.305917
0 0.571777 0.152958 0.143029 0.305917
0 0.723210 0.152958 0.143029 0.305917
0 0.874643 0.152958 0.143029 0.305917
0 0.117479 0.491363 0.143029 0.305917
0 0.268912 0.491363 0.143029 0.305917
0 0.420345 0.491363 0.143029 0.305917
0 0.571777 0.491363 0.143029 0.305917
0 0.723210 0.491363 0.143029 0.305917
0 0.874643 0.491363 0.143029 0.305917
0 0.302345 0.956345 0.078084 0.014213
1 0.731092 0.935533 0.213761 0.063959
1 0.657038 0.935533 0.065651 0.042640
1 0.731092 0.935533 0.065651 0.042640
1 0.805147 0.935533 0.065651 0.042640
