1 0.142362 0.032077 0.043417 0.064155
10 0.142362 0.032077 0.034987 0.036660
0 0.207303 0.032077 0.086464 0.064155
0 0.293228 0.032077 0.085386 0.064155
0 0.385570 0.032077 0.099299 0.064155
0 0.473903 0.032077 0.077368 0.064155
0 0.816122 0.032077 0.016860 0.032587
19 0.849085 0.032077 0.040635 0.032587
10 0.500000 0.496945 1.000000 0.863544
0 0.500000 0.288187 0.082686 0.050916
10 0.340358 0.641548 0.621707 0.509165
1 0.340358 0.641548 0.621707 0.509165
0 0.069543 0.514257 0.054786 0.040733
10 0.819283 0.641548 0.302424 0.509165
1 0.819283 0.641548 0.302424 0.509165
0 0.714255 0.578411 0.067077 0.040733
10 0.180717 0.980652 0.302424 0.038697
1 0.180717 0.980652 0.302424 0.038697
10 0.500000 0.980652 0.302424 0.038697
1 0.500000 0.980652 0.302424 0.038697
20 0.680190 0.340631 0.013699 0.026477
0 0.355654 0.410896 0.029538 0.059063
0 0.393638 0.410896 0.021141 0.059063
0 0.372189 0.614849 0.064715 0.041752
10 0.354847 0.612812 0.008957 0.017312
10 0.389530 0.614849 0.008957 0.017312
1 0.443785 0.612525 0.053189 0.020367
