0 0.051156 0.001018 0.091774 0.002037
1 0.023709 0.069246 0.026344 0.054990
0 0.069959 0.069246 0.040865 0.065173
1 0.289515 0.122200 0.094837 0.130346
1 0.392782 0.122200 0.094837 0.130346
1 0.496048 0.122200 0.094837 0.130346
1 0.599315 0.122200 0.094837 0.130346
1 0.702582 0.122200 0.094837 0.130346
1 0.371440 0.211303 0.077886 0.023422
1 0.461699 0.211303 0.081558 0.023422
1 0.542343 0.211303 0.058655 0.023422
1 0.615636 0.211303 0.066855 0.023422
0 0.121127 0.069246 0.027751 0.065173
1 0.289515 0.122200 0.094837 0.130346
1 0.392782 0.122200 0.094837 0.130346
1 0.496048 0.122200 0.094837 0.130346
1 0.599315 0.122200 0.094837 0.130346
1 0.702582 0.122200 0.094837 0.130346
1 0.392601 0.211303 0.119912 0.023422
1 0.500292 0.211303 0.074396 0.023422
1 0.598467 0.211303 0.100879 0.023422
0 0.165890 0.069246 0.028056 0.065173
1 0.341149 0.122200 0.094837 0.130346
1 0.444415 0.122200 0.094837 0.130346
1 0.547682 0.122200 0.094837 0.130346
1 0.650948 0.122200 0.094837 0.130346
0 0.217758 0.069246 0.041960 0.065173
1 0.392782 0.122200 0.094837 0.130346
1 0.496048 0.122200 0.094837 0.130346
1 0.599315 0.122200 0.094837 0.130346
1 0.443213 0.211303 0.084299 0.023422
1 0.538194 0.211303 0.084587 0.023422
0 0.285457 0.069246 0.059717 0.065173
1 0.289515 0.122200 0.094837 0.130346
1 0.392782 0.122200 0.094837 0.130346
1 0.496048 0.122200 0.094837 0.130346
1 0.599315 0.122200 0.094837 0.130346
1 0.702582 0.122200 0.094837 0.130346
1 0.264168 0.211303 0.128688 0.023422
1 0.415532 0.211303 0.152965 0.023422
1 0.566587 0.211303 0.128071 0.023422
1 0.711444 0.211303 0.140567 0.023422
0 0.349776 0.069246 0.035202 0.065173
1 0.444415 0.122200 0.094837 0.130346
1 0.547682 0.122200 0.094837 0.130346
1 0.372407 0.211303 0.100023 0.023422
1 0.467910 0.211303 0.069909 0.023422
1 0.543689 0.211303 0.060574 0.023422
1 0.621839 0.211303 0.074651 0.023422
0 0.401306 0.069246 0.034140 0.065173
1 0.444415 0.122200 0.094837 0.130346
1 0.547682 0.122200 0.094837 0.130346
1 0.378515 0.211303 0.064575 0.023422
1 0.459044 0.211303 0.075408 0.023422
1 0.535082 0.211303 0.055593 0.023422
1 0.604370 0.211303 0.061907 0.023422
0 0.457747 0.069246 0.045023 0.065173
1 0.444415 0.122200 0.094837 0.130346
1 0.547682 0.122200 0.094837 0.130346
1 0.336259 0.211303 0.045327 0.023422
1 0.386665 0.211303 0.034411 0.023422
1 0.446975 0.211303 0.065134 0.023422
1 0.510439 0.211303 0.040717 0.023422
1 0.567036 0.211303 0.051403 0.023422
1 0.635616 0.211303 0.064682 0.023422
0 0.879001 0.069246 0.042150 0.024440
18 0.945033 0.069246 0.073054 0.038697
1 0.496048 0.461367 0.992097 0.719068
1 0.496048 0.461367 0.992097 0.719068
0 0.285996 0.673240 0.277471 0.052953
0 0.179329 0.667974 0.064138 0.052953
1 0.179329 0.663027 0.059923 0.044807
0 0.184141 0.900586 0.071654 0.077902
10 0.184141 0.900586 0.071654 0.077902
0 0.262118 0.900586 0.071654 0.077902
10 0.262118 0.900586 0.071654 0.077902
0 0.340095 0.900586 0.071654 0.077902
10 0.340095 0.900586 0.071654 0.077902
0 0.418072 0.900586 0.071654 0.077902
10 0.418072 0.900586 0.071654 0.077902
0 0.496048 0.900586 0.071654 0.077902
10 0.496048 0.900586 0.071654 0.077902
0 0.574025 0.900586 0.071654 0.077902
10 0.574025 0.900586 0.071654 0.077902
0 0.652002 0.900586 0.071654 0.077902
10 0.652002 0.900586 0.071654 0.077902
0 0.729979 0.900586 0.071654 0.077902
10 0.729979 0.900586 0.071654 0.077902
0 0.807956 0.900586 0.071654 0.077902
10 0.807956 0.900586 0.071654 0.077902
1 0.114294 0.154189 0.144272 0.308379
10 0.114294 0.139424 0.144272 0.278847
1 0.266996 0.154189 0.144272 0.308379
10 0.266996 0.139424 0.144272 0.278847
1 0.419698 0.154189 0.144272 0.308379
10 0.419698 0.139424 0.144272 0.278847
1 0.572399 0.154189 0.144272 0.308379
10 0.572399 0.139424 0.144272 0.278847
1 0.725101 0.154189 0.144272 0.308379
10 0.725101 0.139424 0.144272 0.278847
1 0.877803 0.154189 0.144272 0.308379
10 0.877803 0.139424 0.144272 0.278847
1 0.114294 0.495155 0.144272 0.308379
10 0.114294 0.480389 0.144272 0.278847
1 0.266996 0.495155 0.144272 0.308379
10 0.266996 0.480389 0.144272 0.278847
1 0.419698 0.495155 0.144272 0.308379
10 0.419698 0.480389 0.144272 0.278847
1 0.572399 0.495155 0.144272 0.308379
10 0.572399 0.480389 0.144272 0.278847
1 0.725101 0.495155 0.144272 0.308379
10 0.725101 0.480389 0.144272 0.278847
1 0.877803 0.495155 0.144272 0.308379
10 0.877803 0.480389 0.144272 0.278847
10 0.169916 0.930244 0.033720 0.065173
1 0.301720 0.956212 0.078331 0.014257
0 0.731823 0.935336 0.214436 0.064155
0 0.657534 0.935336 0.065859 0.042770
0 0.731823 0.935336 0.065859 0.042770
0 0.806112 0.935336 0.065859 0.042770
