1 0.197840 0.043279 0.069020 0.076375
10 0.197840 0.043279 0.069020 0.076375
17 0.266555 0.047352 0.044702 0.048880
17 0.329467 0.047352 0.081122 0.048880
17 0.399339 0.047352 0.058623 0.048880
17 0.455928 0.047352 0.054556 0.048880
17 0.517387 0.047352 0.068361 0.048880
17 0.585876 0.047352 0.068617 0.048880
0 0.649421 0.043279 0.058474 0.040733
18 0.702137 0.043279 0.046957 0.040733
18 0.687088 0.043279 0.008430 0.020367
0 0.185668 0.304878 0.051526 0.038697
10 0.215227 0.581960 0.109589 0.151731
1 0.326141 0.534607 0.095380 0.022403
10 0.215227 0.743874 0.109589 0.151731
1 0.344977 0.696522 0.133051 0.022403
0 0.186051 0.856400 0.052292 0.038697
1 0.638155 0.534607 0.253655 0.022403
1 0.660350 0.757622 0.298044 0.046843
0 0.525808 0.954159 0.046875 0.038697
