0 0.695815 0.026986 0.011064 0.021385
18 0.695815 0.026986 0.011064 0.021385
1 0.727069 0.026477 0.026154 0.020367
1 0.791701 0.026477 0.077820 0.020367
0 0.853003 0.026986 0.019494 0.021385
1 0.185458 0.091650 0.112223 0.033605
10 0.185458 0.091650 0.112223 0.033605
0 0.336259 0.091650 0.031678 0.024440
10 0.161749 0.188654 0.044784 0.053478
1 0.268066 0.190428 0.153097 0.057026
1 0.408967 0.190428 0.093931 0.057026
1 0.505586 0.182281 0.064533 0.040733
1 0.624527 0.182281 0.079763 0.040733
1 0.222817 0.315682 0.177457 0.032587
1 0.177992 0.360489 0.087806 0.032587
1 0.175473 0.401222 0.082768 0.032587
1 0.180441 0.441955 0.092704 0.032587
1 0.410811 0.315682 0.177457 0.032587
1 0.355703 0.360489 0.067242 0.032587
1 0.359099 0.401222 0.074034 0.032587
1 0.369949 0.441955 0.095734 0.032587
1 0.598809 0.315682 0.177465 0.032587
1 0.554317 0.360489 0.088481 0.032587
1 0.548431 0.401222 0.076709 0.032587
1 0.547122 0.441955 0.074091 0.032587
1 0.212621 0.567210 0.098056 0.057026
1 0.351772 0.567210 0.098056 0.057026
1 0.490924 0.567210 0.098056 0.057026
1 0.630079 0.567210 0.098064 0.057026
1 0.741344 0.198574 0.043327 0.028513
1 0.803934 0.198574 0.063941 0.028513
1 0.732836 0.235234 0.026311 0.028513
1 0.771898 0.235234 0.033901 0.028513
1 0.822733 0.235234 0.049855 0.028513
1 0.740615 0.279532 0.041870 0.027495
1 0.748444 0.312627 0.057528 0.028513
1 0.761785 0.345214 0.084209 0.028513
1 0.748378 0.377800 0.057396 0.028513
1 0.751218 0.485743 0.029357 0.028513
1 0.798390 0.485743 0.031266 0.028513
1 0.754804 0.522403 0.038634 0.028513
1 0.813319 0.522403 0.044677 0.028513
1 0.792006 0.581466 0.136221 0.048880
0 0.395824 0.091650 0.032658 0.024440
1 0.205508 0.196538 0.142840 0.032587
1 0.180848 0.241344 0.093519 0.032587
1 0.172583 0.282077 0.076989 0.032587
1 0.191966 0.322811 0.115755 0.032587
1 0.161568 0.363544 0.054959 0.032587
1 0.358889 0.196538 0.142848 0.032587
1 0.324659 0.241344 0.074388 0.032587
1 0.331710 0.282077 0.088490 0.032587
1 0.311664 0.322811 0.048398 0.032587
1 0.320831 0.363544 0.066731 0.032587
1 0.512270 0.196538 0.142840 0.032587
1 0.453751 0.241344 0.025800 0.032587
1 0.453425 0.282077 0.025150 0.032587
1 0.468610 0.322811 0.055519 0.032587
1 0.470833 0.363544 0.059964 0.032587
1 0.665651 0.196538 0.142848 0.032587
1 0.634846 0.241344 0.081237 0.032587
1 0.632541 0.282077 0.076627 0.032587
1 0.634838 0.322811 0.081220 0.032587
1 0.621987 0.363544 0.055519 0.032587
1 0.189447 0.476578 0.051707 0.032587
1 0.348397 0.476578 0.066542 0.032587
1 0.492093 0.476578 0.050851 0.032587
1 0.642679 0.476578 0.048958 0.032587
1 0.186619 0.603870 0.094524 0.040733
1 0.328121 0.603870 0.074462 0.040733
1 0.493628 0.603870 0.102394 0.040733
1 0.644321 0.603870 0.100715 0.040733
1 0.809602 0.172098 0.072346 0.040733
1 0.798349 0.233198 0.049839 0.040733
1 0.790149 0.283605 0.041870 0.027495
1 0.797978 0.316701 0.057528 0.028513
1 0.811319 0.349287 0.084209 0.028513
1 0.797912 0.381874 0.057396 0.028513
1 0.814665 0.414460 0.090902 0.028513
1 0.816773 0.609980 0.086687 0.048880
0 0.460361 0.091650 0.041623 0.024440
1 0.177263 0.210794 0.075812 0.040733
1 0.325334 0.210794 0.075128 0.040733
1 0.474323 0.210794 0.076281 0.040733
1 0.626441 0.210794 0.083690 0.040733
1 0.203948 0.327902 0.139719 0.032587
1 0.186228 0.382892 0.068452 0.040733
1 0.196029 0.443992 0.088053 0.040733
1 0.354205 0.327902 0.139719 0.032587
1 0.336378 0.382892 0.068238 0.040733
1 0.342713 0.443992 0.079854 0.040733
1 0.504462 0.327902 0.139719 0.032587
1 0.491418 0.382892 0.076750 0.040733
1 0.498662 0.443992 0.091239 0.040733
1 0.654719 0.327902 0.139719 0.032587
1 0.647907 0.382892 0.089214 0.040733
1 0.654262 0.443992 0.101925 0.040733
1 0.184726 0.571283 0.090737 0.040733
1 0.336007 0.571283 0.096475 0.040733
1 0.487458 0.571283 0.102550 0.040733
1 0.787721 0.172098 0.053576 0.040733
1 0.799275 0.233198 0.076684 0.040733
1 0.808417 0.294297 0.094968 0.040733
1 0.793372 0.355397 0.064879 0.040733
1 0.810524 0.577393 0.099183 0.048880
0 0.523668 0.091650 0.030196 0.024440
10 0.161749 0.189919 0.044784 0.056008
1 0.268066 0.190428 0.153097 0.057026
1 0.407748 0.182281 0.091494 0.040733
1 0.200503 0.338086 0.122292 0.057026
1 0.339654 0.338086 0.122292 0.057026
1 0.478806 0.338086 0.122292 0.057026
1 0.617961 0.338086 0.122300 0.057026
1 0.785395 0.172098 0.123000 0.040733
1 0.767909 0.233198 0.088029 0.040733
1 0.789898 0.326884 0.140436 0.065173
0 0.584814 0.091650 0.037301 0.024440
1 0.178449 0.210794 0.078183 0.040733
1 0.329232 0.210794 0.086497 0.040733
1 0.462131 0.210794 0.059042 0.040733
1 0.609992 0.210794 0.061512 0.040733
1 0.190068 0.288187 0.101423 0.040733
1 0.334155 0.288187 0.096343 0.040733
1 0.487063 0.288187 0.108906 0.040733
1 0.631812 0.288187 0.105152 0.040733
1 0.199918 0.419552 0.072650 0.040733
1 0.401784 0.419552 0.085378 0.040733
1 0.591017 0.419552 0.072840 0.040733
10 0.161749 0.558554 0.044784 0.056008
1 0.230321 0.559063 0.077606 0.057026
10 0.308376 0.558554 0.044784 0.056008
1 0.376947 0.559063 0.077606 0.057026
10 0.455002 0.558554 0.044784 0.056008
1 0.523573 0.559063 0.077606 0.057026
10 0.601628 0.558554 0.044784 0.056008
1 0.670200 0.559063 0.077606 0.057026
1 0.788519 0.172098 0.069465 0.040733
1 0.790421 0.233198 0.073268 0.040733
1 0.804844 0.294297 0.102114 0.040733
1 0.771062 0.390020 0.042981 0.028513
1 0.783559 0.422607 0.067975 0.028513
1 0.787383 0.455193 0.075622 0.028513
1 0.785370 0.487780 0.071597 0.028513
1 0.804844 0.556008 0.110544 0.050916
0 0.648619 0.091650 0.035514 0.024440
1 0.163029 0.210794 0.047344 0.040733
1 0.321045 0.210794 0.056671 0.040733
1 0.473866 0.210794 0.055610 0.040733
1 0.625292 0.210794 0.051757 0.040733
1 0.177234 0.342159 0.075754 0.040733
1 0.328763 0.342159 0.072107 0.040733
1 0.484157 0.342159 0.076190 0.040733
1 0.629705 0.342159 0.060582 0.040733
1 0.181383 0.473523 0.044010 0.040733
1 0.303519 0.473523 0.046085 0.040733
1 0.441345 0.473523 0.072165 0.040733
1 0.548019 0.473523 0.045410 0.040733
1 0.818296 0.172098 0.075211 0.040733
0 0.765679 0.091650 0.040907 0.044807
0 0.828656 0.091650 0.068189 0.044807
10 0.496048 0.500000 0.992097 1.000000
0 0.205344 0.559477 0.092984 0.048880
0 0.300193 0.559477 0.062994 0.050916
10 0.209431 0.840114 0.084299 0.089852
1 0.340642 0.873727 0.157049 0.024440
10 0.548736 0.840122 0.084299 0.091650
1 0.692954 0.873727 0.183063 0.024440
