1 0.496935 0.018782 0.077345 0.037563
1 0.567760 0.018782 0.063255 0.037563
1 0.636235 0.018782 0.072643 0.037563
0 0.698997 0.018782 0.051832 0.033503
1 0.698997 0.018782 0.051832 0.033503
1 0.754021 0.018782 0.057166 0.037563
0 0.825519 0.019036 0.080579 0.038071
1 0.825519 0.019036 0.080579 0.038071
0 0.136817 0.094416 0.021008 0.040609
0 0.196642 0.094416 0.065028 0.028426
1 0.266638 0.094416 0.070764 0.039086
1 0.338527 0.094416 0.068811 0.039086
1 0.407744 0.094416 0.065421 0.039086
1 0.479258 0.094416 0.073406 0.039086
1 0.550420 0.094416 0.064716 0.039086
1 0.768120 0.094416 0.010504 0.020305
2 0.809086 0.094416 0.113445 0.044670
0 0.150210 0.216244 0.047794 0.024365
0 0.190963 0.405076 0.129300 0.046701
0 0.146542 0.673096 0.040458 0.024365
0 0.201869 0.673096 0.036584 0.024365
0 0.263553 0.673096 0.053169 0.024365
0 0.328605 0.673096 0.043322 0.024365
0 0.389632 0.673096 0.045119 0.024365
