1 0.012645 0.025458 0.025290 0.050916
1 0.049481 0.025458 0.031522 0.050916
0 0.086316 0.025458 0.016860 0.032587
18 0.490516 0.025458 0.187566 0.036660
18 0.593783 0.025458 0.018967 0.036660
0 0.594310 0.025458 0.012645 0.024440
0 0.909872 0.025458 0.036387 0.032587
0 0.953495 0.025458 0.042430 0.032587
17 0.987355 0.025458 0.016860 0.032587
17 0.987355 0.025458 0.016860 0.032587
0 0.113277 0.075356 0.016860 0.032587
1 0.063224 0.118214 0.122234 0.045809
19 0.014226 0.118206 0.015806 0.030550
1 0.063224 0.165041 0.122234 0.047846
1 0.063224 0.211868 0.122234 0.045809
19 0.014226 0.211860 0.015806 0.030550
1 0.063224 0.257677 0.122234 0.045809
19 0.014226 0.257669 0.015806 0.030550
1 0.063224 0.303486 0.122234 0.045809
19 0.014226 0.303478 0.015806 0.030550
1 0.063224 0.349295 0.122234 0.045809
19 0.014226 0.349287 0.015806 0.030550
1 0.063224 0.395104 0.122234 0.045809
19 0.014226 0.395096 0.015806 0.030550
1 0.063224 0.440913 0.122234 0.045809
19 0.014226 0.440905 0.015806 0.030550
1 0.063224 0.486722 0.122234 0.045809
19 0.014226 0.486714 0.015806 0.030550
0 0.148577 0.219959 0.018967 0.036660
0 0.969968 0.219959 0.018967 0.036660
1 0.169446 0.440937 0.060705 0.022403
1 0.233667 0.671923 0.138567 0.042961
0 0.233667 0.660419 0.138567 0.019953
1 0.175925 0.703077 0.023084 0.017312
1 0.179745 0.727613 0.030723 0.020367
19 0.149631 0.670809 0.021075 0.040733
19 0.149631 0.670809 0.021075 0.040733
1 0.221022 0.553224 0.163857 0.178144
10 0.221022 0.553224 0.163857 0.178144
1 0.402792 0.671923 0.138567 0.042961
0 0.402792 0.660419 0.138567 0.019953
1 0.353040 0.703077 0.039062 0.017312
1 0.348871 0.727613 0.030723 0.020367
19 0.318757 0.670809 0.021075 0.040733
19 0.318757 0.670809 0.021075 0.040733
1 0.390148 0.553224 0.163857 0.178144
10 0.390148 0.553224 0.163857 0.178144
1 0.571918 0.671923 0.138567 0.042961
0 0.571918 0.660419 0.138567 0.019953
1 0.510406 0.703077 0.015543 0.017312
1 0.517996 0.727613 0.030723 0.020367
19 0.487882 0.670809 0.021075 0.040733
19 0.487882 0.670809 0.021075 0.040733
1 0.559273 0.553224 0.163857 0.178144
10 0.559273 0.553224 0.163857 0.178144
1 0.741043 0.671923 0.138567 0.042961
0 0.741043 0.660419 0.138567 0.019953
1 0.691291 0.703077 0.039062 0.017312
1 0.687121 0.727613 0.030723 0.020367
19 0.657007 0.670809 0.021075 0.040733
19 0.657007 0.670809 0.021075 0.040733
1 0.728398 0.553224 0.163857 0.178144
10 0.728398 0.553224 0.163857 0.178144
0 0.559273 0.770383 0.067324 0.032587
1 0.162729 0.816207 0.047270 0.022403
1 0.178741 0.919711 0.079294 0.160578
10 0.178741 0.919711 0.079294 0.160578
1 0.263303 0.919711 0.079294 0.160578
10 0.263303 0.919711 0.079294 0.160578
1 0.347866 0.919711 0.079294 0.160578
10 0.347866 0.919711 0.079294 0.160578
1 0.432429 0.919711 0.079294 0.160578
10 0.432429 0.919711 0.079294 0.160578
1 0.516992 0.919711 0.079294 0.160578
10 0.516992 0.919711 0.079294 0.160578
1 0.601554 0.919711 0.079294 0.160578
10 0.601554 0.919711 0.079294 0.160578
1 0.686117 0.919711 0.079294 0.160578
10 0.686117 0.919711 0.079294 0.160578
1 0.770680 0.919711 0.079294 0.160578
10 0.770680 0.919711 0.079294 0.160578
1 0.855242 0.919711 0.079294 0.160578
10 0.855242 0.919711 0.079294 0.160578
1 0.939805 0.919711 0.079294 0.160578
10 0.939805 0.919711 0.079294 0.160578
10 0.018967 0.971487 0.021075 0.040733
0 0.953495 0.971487 0.042430 0.032587
