0 0.018967 0.028513 0.012645 0.024440
0 0.018967 0.028513 0.021075 0.040733
1 0.061907 0.028513 0.064805 0.057026
18 0.473130 0.028513 0.271338 0.024440
18 0.627766 0.028513 0.033720 0.040733
18 0.663593 0.028513 0.021075 0.040733
0 0.663593 0.028513 0.012645 0.024440
17 0.916952 0.028513 0.021075 0.040733
17 0.916952 0.028513 0.021075 0.040733
17 0.916952 0.028513 0.021075 0.040733
0 0.916952 0.028513 0.012645 0.024440
17 0.916952 0.028513 0.012645 0.024440
0 0.916952 0.028513 0.021075 0.040733
0 0.957686 0.028513 0.051963 0.036660
0 0.943296 0.028513 0.012645 0.024440
0 0.964008 0.028513 0.022458 0.036660
1 0.060063 0.089613 0.107482 0.040733
1 0.060063 0.089613 0.107482 0.040733
1 0.060063 0.130346 0.107482 0.040733
1 0.060063 0.130346 0.107482 0.040733
1 0.060063 0.171079 0.107482 0.040733
1 0.060063 0.171079 0.107482 0.040733
1 0.060063 0.211813 0.107482 0.040733
1 0.060063 0.211813 0.107482 0.040733
1 0.060063 0.252546 0.107482 0.040733
1 0.060063 0.252546 0.107482 0.040733
0 0.042841 0.373727 0.051963 0.036660
0 0.028451 0.373727 0.012645 0.024440
0 0.049164 0.373727 0.022458 0.036660
1 0.060063 0.474542 0.107482 0.040733
1 0.060063 0.474542 0.107482 0.040733
1 0.060063 0.515275 0.107482 0.040733
1 0.060063 0.515275 0.107482 0.040733
1 0.060063 0.556008 0.107482 0.040733
1 0.060063 0.556008 0.107482 0.040733
0 0.060063 0.596741 0.107482 0.040733
1 0.060063 0.596741 0.107482 0.040733
1 0.060063 0.596741 0.107482 0.040733
1 0.060063 0.695519 0.107482 0.040733
1 0.060063 0.695519 0.107482 0.040733
1 0.060063 0.736253 0.107482 0.040733
1 0.060063 0.736253 0.107482 0.040733
1 0.060063 0.776986 0.107482 0.040733
1 0.060063 0.776986 0.107482 0.040733
1 0.060063 0.843177 0.107482 0.040733
1 0.060063 0.843177 0.107482 0.040733
1 0.021832 0.902240 0.018375 0.018330
1 0.043961 0.902240 0.017453 0.018330
1 0.071737 0.902240 0.029669 0.018330
1 0.029163 0.920570 0.033036 0.018330
1 0.063010 0.920570 0.026228 0.018330
1 0.094960 0.920570 0.029241 0.018330
1 0.029756 0.938900 0.034222 0.018330
1 0.022363 0.969450 0.019437 0.018330
1 0.047554 0.969450 0.022515 0.018330
1 0.085983 0.969450 0.045912 0.018330
1 0.043948 0.987780 0.062607 0.018330
1 0.039968 0.998473 0.054646 0.003055
