1 0.552345 0.422709 0.052465 0.017312
0 0.500000 0.622811 0.188620 0.114053
0 0.500000 0.598371 0.188620 0.044807
0 0.500000 0.651324 0.188620 0.044807
0 0.000527 0.016293 0.001054 0.032587
17 0.500000 0.026986 0.872497 0.053971
17 0.116438 0.026978 0.063224 0.019205
18 0.244995 0.026986 0.168599 0.038697
4 0.160959 0.008147 0.000527 0.001018
18 0.242887 0.026986 0.164384 0.038697
0 0.328767 0.045316 0.001054 0.002037
0 0.867809 0.026986 0.039770 0.053971
17 0.905122 0.026986 0.034856 0.053971
17 0.275072 0.081466 0.070263 0.052953
17 0.336571 0.081466 0.044307 0.052953
17 0.401352 0.081466 0.076824 0.052953
17 0.474603 0.081466 0.061249 0.052953
17 0.535757 0.081466 0.052629 0.052953
17 0.596294 0.081466 0.060014 0.052953
17 0.658069 0.081466 0.055107 0.052953
17 0.706644 0.081466 0.033613 0.052953
17 0.743859 0.081466 0.032386 0.052953
1 0.523915 0.129328 0.049625 0.016293
0 0.803584 0.563741 0.022968 0.024440
0 0.803584 0.563232 0.022968 0.017312
1 0.278714 0.664556 0.055651 0.158478
10 0.278714 0.639098 0.055651 0.107561
1 0.341939 0.664556 0.055651 0.158478
10 0.341939 0.639098 0.055651 0.107561
1 0.468388 0.664556 0.055651 0.158478
10 0.468388 0.639098 0.055651 0.107561
1 0.531612 0.664556 0.055651 0.158478
10 0.531612 0.639098 0.055651 0.107561
1 0.594837 0.664556 0.055651 0.158478
10 0.594837 0.639098 0.055651 0.107561
1 0.658061 0.664556 0.055651 0.158478
10 0.658061 0.639098 0.055651 0.107561
1 0.721286 0.664556 0.055651 0.158478
10 0.721286 0.639098 0.055651 0.107561
1 0.784510 0.664556 0.055651 0.158478
10 0.814591 0.639098 0.055651 0.107561
1 0.972273 0.664556 0.055453 0.158478
10 0.973179 0.639098 0.053642 0.107561
1 0.775125 0.887459 0.081994 0.024440
0 0.417808 0.962059 0.467861 0.075881
10 0.417808 0.962059 0.467861 0.075881
0 0.742624 0.962059 0.146997 0.075881
10 0.742624 0.962059 0.146997 0.075881
