0 0.012605 0.025381 0.025210 0.050761
0 0.049325 0.025381 0.031422 0.050761
1 0.086044 0.025381 0.016807 0.032487
2 0.490546 0.025381 0.186975 0.036548
1 0.593487 0.025381 0.018908 0.036548
1 0.594013 0.025381 0.012605 0.024365
1 0.910156 0.025381 0.036272 0.032487
1 0.953642 0.025381 0.042296 0.032487
1 0.987395 0.025381 0.016807 0.032487
1 0.987395 0.025381 0.016807 0.032487
1 0.112920 0.075127 0.016807 0.032487
0 0.063025 0.117854 0.121849 0.045669
0 0.063025 0.163523 0.121849 0.045669
0 0.063025 0.209193 0.121849 0.045669
0 0.063025 0.254862 0.121849 0.045669
0 0.063025 0.300531 0.121849 0.045669
0 0.063025 0.346201 0.121849 0.045669
0 0.063025 0.391870 0.121849 0.045669
0 0.063025 0.437540 0.121849 0.045669
0 0.063025 0.483209 0.121849 0.045669
0 0.063025 0.528878 0.121849 0.045669
1 0.148109 0.219289 0.018908 0.036548
1 0.970063 0.219289 0.018908 0.036548
1 0.374737 0.347208 0.016807 0.032487
1 0.391544 0.347208 0.016807 0.032487
5 0.399685 0.347208 0.000525 0.001015
2 0.428834 0.347208 0.057773 0.016244
1 0.611082 0.347208 0.016807 0.032487
1 0.627889 0.347208 0.016807 0.032487
0 0.692522 0.085073 0.034730 0.019892
0 0.711922 0.104965 0.073529 0.019892
0 0.660009 0.153077 0.030626 0.020305
0 0.695066 0.153077 0.035288 0.020305
0 0.168912 0.439594 0.060514 0.022335
0 0.233243 0.670543 0.138754 0.042830
1 0.233243 0.659074 0.138754 0.019892
0 0.189371 0.701602 0.051011 0.017259
0 0.180644 0.726063 0.033556 0.020305
0 0.224183 0.726063 0.049321 0.020305
0 0.265457 0.726063 0.029026 0.020305
0 0.149160 0.669432 0.021008 0.040609
0 0.220637 0.551872 0.163964 0.178268
0 0.402463 0.670558 0.138762 0.042830
1 0.402463 0.659089 0.138762 0.019892
0 0.356363 0.701618 0.046563 0.017259
0 0.348395 0.726079 0.030626 0.020305
0 0.318376 0.669448 0.021008 0.040609
0 0.389858 0.551880 0.163972 0.178284
0 0.571687 0.670558 0.138762 0.042830
1 0.571687 0.659089 0.138762 0.019892
0 0.521776 0.701618 0.038939 0.017259
0 0.517619 0.726079 0.030626 0.020305
0 0.546063 0.726079 0.022059 0.020305
0 0.572097 0.726079 0.025809 0.020305
0 0.601214 0.726079 0.028222 0.020305
0 0.487600 0.669448 0.021008 0.040609
0 0.559082 0.551880 0.163972 0.178284
0 0.740911 0.670558 0.138762 0.042830
1 0.740911 0.659089 0.138762 0.019892
0 0.683036 0.701618 0.023011 0.017259
0 0.686843 0.726079 0.030626 0.020305
0 0.656824 0.669448 0.021008 0.040609
0 0.728306 0.551880 0.163972 0.178284
0 0.910136 0.670558 0.138762 0.042830
1 0.910136 0.659089 0.138762 0.019892
0 0.867844 0.701618 0.054179 0.017259
0 0.866342 0.726079 0.051175 0.020305
0 0.909344 0.726079 0.030626 0.020305
0 0.826049 0.669448 0.021008 0.040609
0 0.897531 0.551880 0.163972 0.178284
1 0.559086 0.768718 0.067112 0.032487
0 0.162216 0.814404 0.047121 0.022335
0 0.178333 0.918774 0.079356 0.162452
0 0.262946 0.918774 0.079364 0.162452
0 0.347558 0.918774 0.079356 0.162452
0 0.432170 0.918774 0.079364 0.162452
0 0.516782 0.918774 0.079356 0.162452
0 0.601394 0.918774 0.079364 0.162452
0 0.686006 0.918774 0.079356 0.162452
0 0.770619 0.918774 0.079364 0.162452
0 0.855231 0.918774 0.079356 0.162452
0 0.939839 0.918774 0.079356 0.162452
1 0.953642 0.971574 0.042296 0.032487
