0 0.552180 0.422944 0.052299 0.017259
1 0.500000 0.622437 0.188025 0.113706
1 0.500000 0.598071 0.188025 0.044670
1 0.500000 0.650863 0.188025 0.044670
1 0.000525 0.016244 0.001050 0.032487
11 0.500000 0.026904 0.869748 0.053807
0 0.117647 0.026896 0.063025 0.019147
11 0.245798 0.026904 0.168067 0.038579
5 0.162027 0.008122 0.000525 0.001015
2 0.243697 0.026904 0.163866 0.038579
1 0.329307 0.045178 0.001050 0.002030
1 0.866650 0.026904 0.039645 0.053807
1 0.903846 0.026904 0.034746 0.053807
1 0.275780 0.081218 0.070042 0.052792
1 0.337086 0.081218 0.044167 0.052792
1 0.401663 0.081218 0.076582 0.052792
1 0.474683 0.081218 0.061056 0.052792
1 0.535645 0.081218 0.052464 0.052792
1 0.595990 0.081218 0.059825 0.052792
1 0.657571 0.081218 0.054934 0.052792
1 0.705993 0.081218 0.033507 0.052792
1 0.743090 0.081218 0.032284 0.052792
0 0.523840 0.128934 0.049468 0.016244
1 0.802628 0.562024 0.022896 0.024365
1 0.802628 0.561516 0.022896 0.017259
0 0.405462 0.662532 0.055475 0.157995
0 0.468487 0.662532 0.055475 0.157995
0 0.531513 0.662532 0.055475 0.157995
0 0.594538 0.662532 0.055475 0.157995
0 0.657563 0.662532 0.055475 0.157995
0 0.720588 0.662532 0.055475 0.157995
0 0.783613 0.662532 0.055475 0.157995
0 0.846639 0.662532 0.055475 0.157995
0 0.909664 0.662532 0.055475 0.157995
0 0.972476 0.662532 0.055049 0.157995
0 0.774258 0.884756 0.081736 0.024365
1 0.418067 0.960652 0.466387 0.078696
1 0.741859 0.960652 0.146534 0.078696
