1 0.000263 0.000509 0.000527 0.001018
17 0.014752 0.032587 0.016860 0.040733
1 0.069008 0.032587 0.087436 0.026477
18 0.499996 0.032587 0.320691 0.040733
0 0.833332 0.032587 0.333336 0.040733
0 0.963938 0.032587 0.059479 0.040733
1 0.031341 0.093686 0.050036 0.032587
1 0.031686 0.134420 0.050728 0.032587
1 0.035658 0.175153 0.058672 0.032587
19 0.033736 0.219959 0.054827 0.040733
10 0.906744 0.226069 0.158061 0.305499
0 0.906744 0.493890 0.111598 0.073320
0 0.906744 0.493890 0.111598 0.073320
0 0.906744 0.493890 0.109490 0.069246
1 0.955755 0.152606 0.049600 0.016293
0 0.874930 0.190237 0.060714 0.040733
0 0.479868 0.296843 0.034370 0.027495
0 0.523507 0.296843 0.027620 0.027495
0 0.427642 0.392566 0.066032 0.040733
0 0.500000 0.392566 0.066040 0.040733
0 0.572358 0.392566 0.066032 0.040733
4 0.407143 0.434318 0.025035 0.018330
0 0.500000 0.471996 0.210748 0.040733
4 0.500000 0.538187 0.210748 0.067210
2 0.500000 0.551426 0.210748 0.040733
4 0.500000 0.617617 0.210748 0.067210
2 0.500000 0.630855 0.210748 0.040733
0 0.593783 0.630855 0.010537 0.020367
1 0.529863 0.671589 0.037432 0.016293
1 0.522812 0.687882 0.069695 0.016293
0 0.500000 0.779532 0.210748 0.118126
0 0.500000 0.740835 0.210748 0.040733
