10 0.293067 0.322224 0.120798 0.058883
18 0.400452 0.729061 0.130687 0.020305
2 0.081223 0.022335 0.088916 0.024365
1 0.178723 0.274191 0.229295 0.018274
1 0.174312 0.244385 0.220473 0.018274
0 0.176996 0.274881 0.027311 0.029806
7 0.626313 0.941926 0.747374 0.001015
0 0.176996 0.185462 0.027311 0.029806
0 0.176996 0.334494 0.027311 0.029806
0 0.176996 0.364300 0.027311 0.029806
0 0.184349 0.245075 0.012605 0.029806
0 0.018908 0.186802 0.021008 0.040609
0 0.018908 0.276142 0.021008 0.040609
0 0.018908 0.320812 0.021008 0.040609
0 0.018908 0.365482 0.021008 0.040609
0 0.018908 0.410152 0.021008 0.040609
0 0.018908 0.231472 0.021008 0.040609
0 0.184349 0.215268 0.012605 0.029806
0 0.018908 0.142132 0.021008 0.040609
17 0.148561 0.050761 0.032629 0.024365
0 0.184349 0.304688 0.012605 0.029806
1 0.442506 0.897161 0.134667 0.020305
0 0.184349 0.453720 0.012605 0.029806
0 0.184349 0.394107 0.012605 0.029806
0 0.184349 0.423913 0.012605 0.029806
17 0.115907 0.050761 0.024275 0.024365
17 0.148561 0.050761 0.028427 0.020305
17 0.180274 0.050761 0.022395 0.024365
17 0.089265 0.050761 0.020606 0.024365
17 0.205710 0.050761 0.020073 0.024365
17 0.065951 0.050761 0.017619 0.024365
17 0.115907 0.050761 0.020073 0.020305
17 0.044852 0.050761 0.016175 0.024365
17 0.180274 0.050761 0.018194 0.020305
17 0.089265 0.050761 0.016405 0.020305
17 0.205710 0.050761 0.015871 0.020305
17 0.065951 0.050761 0.013417 0.020305
17 0.044852 0.050761 0.011973 0.020305
1 0.128159 0.214578 0.128168 0.018274
1 0.369571 0.527871 0.095334 0.020305
1 0.324346 0.380695 0.090738 0.020305
1 0.383871 0.703077 0.088892 0.020305
1 0.962185 0.032487 0.050420 0.036548
1 0.103454 0.303997 0.078757 0.018274
1 0.103114 0.453030 0.065471 0.018274
1 0.090115 0.184772 0.064683 0.018274
1 0.093783 0.393417 0.059414 0.018274
