0 0.763926 0.964158 0.436532 0.071685
0 0.677784 0.666450 0.342437 0.085279
0 0.314338 0.666450 0.342437 0.085279
0 0.677784 0.678633 0.342437 0.060914
0 0.314338 0.678633 0.342437 0.060914
0 0.677784 0.678633 0.149882 0.060914
0 0.314334 0.678633 0.143916 0.060914
0 0.778887 0.048953 0.165441 0.046701
10 0.194853 0.048961 0.128676 0.049191
0 0.496061 0.803506 0.091977 0.050761
0 0.830222 0.048953 0.062771 0.046701
0 0.760512 0.962635 0.065651 0.042243
0 0.834674 0.962635 0.065651 0.042243
0 0.686351 0.962635 0.065651 0.040213
10 0.026023 0.960803 0.043642 0.048731
0 0.677784 0.678633 0.113117 0.018274
17 0.425539 0.046701 0.047211 0.044670
17 0.491412 0.046701 0.046719 0.044670
0 0.314334 0.678633 0.107151 0.018274
17 0.360836 0.046701 0.044380 0.044670
17 0.298918 0.046701 0.041639 0.044670
0 0.738692 0.048953 0.043215 0.030457
0 0.496061 0.803506 0.063616 0.018274
17 0.581908 0.046701 0.024488 0.044670
20 0.975315 0.961104 0.023109 0.044670
0 0.779568 0.048953 0.033285 0.030457
0 0.776416 0.048953 0.026983 0.030457
17 0.542218 0.046701 0.017078 0.044670
0 0.735540 0.049968 0.036912 0.018274
0 0.833373 0.048953 0.033359 0.018274
0 0.374737 0.530409 0.029231 0.022335
0 0.819681 0.530409 0.029231 0.022335
17 0.581908 0.046701 0.024488 0.020305
0 0.776416 0.049968 0.026983 0.018274
17 0.542218 0.046701 0.017078 0.020305
17 0.316062 0.046701 0.008403 0.016244
17 0.379349 0.046701 0.008403 0.016244
17 0.445468 0.046701 0.008403 0.016244
17 0.511095 0.046701 0.008403 0.016244
