10 0.491244 0.728434 0.578125 0.543131
1 0.817116 0.364745 0.250008 0.388372
10 0.817116 0.391141 0.250008 0.329489
10 0.243845 0.805195 0.208328 0.237040
10 0.123277 0.693314 0.126559 0.324159
0 0.496053 0.353315 0.097804 0.054822
0 0.222020 0.036041 0.068433 0.072081
0 0.155487 0.036041 0.064634 0.072081
0 0.093885 0.036041 0.058569 0.072081
0 0.010000 0.836984 0.019999 0.173969
0 0.496053 0.353315 0.057888 0.025381
1 0.374442 0.036041 0.057330 0.072081
1 0.430652 0.036041 0.055090 0.072081
1 0.942555 0.036041 0.078125 0.040609
0 0.848305 0.036041 0.011555 0.022335
1 0.276704 0.036041 0.040934 0.072081
0 0.965861 0.050761 0.010504 0.020305
0 0.534450 0.353315 0.008403 0.016244
1 0.474285 0.296954 0.119083 0.023350
1 0.328039 0.036041 0.035476 0.072081
1 0.744867 0.182234 0.105510 0.023350
1 0.092351 0.411675 0.104706 0.023350
1 0.441890 0.411675 0.101136 0.023350
1 0.458956 0.411675 0.088424 0.023350
1 0.083373 0.296954 0.086750 0.023350
