10 0.510939 0.740712 0.545660 0.518576
10 0.916689 0.533249 0.166623 0.333503
10 0.079372 0.825436 0.158745 0.349128
10 0.059529 0.472517 0.119059 0.434978
10 0.921649 0.835755 0.156701 0.328490
10 0.054569 0.652657 0.109137 0.414705
10 0.808586 0.584613 0.089286 0.250793
10 0.173615 0.576166 0.049600 0.127681
0 0.947795 0.032487 0.088654 0.064975
1 0.496057 0.402419 0.083828 0.050333
1 0.038989 0.032487 0.061171 0.032487
1 0.941702 0.951269 0.033613 0.064975
1 0.964470 0.033455 0.042698 0.040514
