0 0.869223 0.926301 0.195378 0.049937
0 0.869223 0.851999 0.195378 0.049937
0 0.325938 0.041212 0.067334 0.041815
10 0.309349 0.939879 0.073529 0.036548
0 0.391290 0.041212 0.063370 0.041815
1 0.790449 0.041212 0.104500 0.049937
10 0.547269 0.939879 0.052521 0.048731
0 0.262716 0.041212 0.059111 0.041815
0 0.204422 0.041212 0.057478 0.041815
0 0.869219 0.926301 0.087292 0.025571
0 0.790449 0.041212 0.082442 0.025571
10 0.753939 0.939879 0.074055 0.028426
10 0.915441 0.939879 0.039916 0.048731
0 0.896878 0.781758 0.070838 0.025571
0 0.869223 0.851999 0.070329 0.025571
0 0.869219 0.925698 0.087292 0.020305
0 0.790449 0.040609 0.082442 0.020305
10 0.645221 0.939879 0.080357 0.020305
0 0.693647 0.041212 0.058643 0.025571
0 0.869223 0.851396 0.070329 0.020305
10 0.122899 0.939879 0.076681 0.018274
1 0.693647 0.041212 0.080702 0.049937
0 0.655458 0.537468 0.048853 0.025571
0 0.693647 0.040609 0.058643 0.020305
0 0.655458 0.536865 0.048853 0.020305
10 0.216912 0.939879 0.048319 0.018274
1 0.655458 0.537468 0.069861 0.049937
10 0.466912 0.939879 0.045168 0.018274
10 0.843225 0.939879 0.041492 0.020305
10 0.034401 0.939879 0.037290 0.022335
0 0.782826 0.709645 0.018908 0.036548
0 0.833246 0.709645 0.018908 0.036548
20 0.964811 0.645178 0.018908 0.036548
0 0.808036 0.709645 0.018908 0.036548
10 0.395221 0.939879 0.035189 0.018274
10 0.983456 0.939879 0.033088 0.018274
0 0.827493 0.851999 0.011029 0.021320
0 0.819008 0.926301 0.011029 0.021320
0 0.657760 0.041212 0.011029 0.021320
0 0.742663 0.041212 0.011029 0.021320
1 0.441599 0.041212 0.037249 0.041815
1 0.630556 0.041212 0.032875 0.041815
