10 0.872407 0.367394 0.239430 0.432281
10 0.846126 0.738293 0.291992 0.309518
1 0.496061 0.036334 0.992122 0.072668
0 0.931099 0.816244 0.122046 0.194924
18 0.491396 0.072668 0.233874 0.048445
0 0.890461 0.111961 0.190799 0.050381
10 0.068934 0.111961 0.125345 0.053744
0 0.471339 0.111961 0.093249 0.054378
0 0.577949 0.111961 0.079889 0.054378
0 0.051339 0.647605 0.065077 0.054600
0 0.931099 0.865990 0.090533 0.034518
0 0.931099 0.821320 0.090533 0.034518
0 0.931099 0.776650 0.090533 0.034518
17 0.905417 0.111961 0.073160 0.040609
18 0.629280 0.072668 0.041894 0.048445
20 0.960999 0.964467 0.041237 0.040609
10 0.968688 0.925381 0.025858 0.026396
1 0.281677 0.111961 0.074514 0.044511
18 0.804757 0.111953 0.019392 0.030949
0 0.966099 0.099461 0.013130 0.025381
1 0.190302 0.111961 0.068154 0.044511
18 0.801627 0.111953 0.013130 0.030949
1 0.371824 0.111961 0.065700 0.044511
10 0.087222 0.036334 0.012531 0.024223
10 0.806964 0.036334 0.012531 0.024223
10 0.953511 0.964467 0.010504 0.016244
3 0.509762 0.111953 0.011153 0.021558
3 0.609691 0.111953 0.011153 0.021558
10 0.959067 0.998477 0.011986 0.003046
10 0.951935 0.095669 0.007353 0.014213
1 0.842010 0.111961 0.047400 0.050381
1 0.026219 0.949231 0.031431 0.059089
1 0.960999 0.964467 0.025481 0.020305
