10 0.496061 0.629410 0.264706 0.243655
10 0.408088 0.883740 0.226366 0.232519
0 0.868435 0.871486 0.222164 0.208296
10 0.907957 0.883740 0.184086 0.232519
10 0.829569 0.629410 0.170168 0.243655
10 0.270221 0.629410 0.170168 0.243655
10 0.201418 0.883740 0.170168 0.232519
10 0.722426 0.883740 0.170168 0.232519
10 0.686450 0.629410 0.099265 0.243655
10 0.127101 0.629410 0.099265 0.243655
10 0.058298 0.883740 0.099265 0.232519
10 0.579307 0.883740 0.099265 0.232519
10 0.961528 0.629410 0.076943 0.243655
10 0.034533 0.629410 0.069066 0.243655
2 0.691152 0.034518 0.216912 0.040609
0 0.868435 0.889340 0.204307 0.040609
0 0.868435 0.938071 0.204307 0.040609
1 0.496053 0.118369 0.135980 0.041815
0 0.304737 0.034518 0.051782 0.041878
0 0.224589 0.034518 0.041089 0.041878
0 0.261990 0.034518 0.033712 0.041878
1 0.496061 0.430425 0.097082 0.040609
1 0.145221 0.034518 0.084034 0.044670
0 0.808011 0.034518 0.016807 0.032487
0 0.825868 0.034518 0.016807 0.032487
0 0.568253 0.034518 0.028887 0.015228
10 0.000131 0.883740 0.000263 0.232519
1 0.355982 0.034518 0.050707 0.041878
1 0.400579 0.034518 0.038488 0.041878
1 0.876301 0.034518 0.033638 0.033756
