10 0.659139 0.352887 0.350315 0.380901
10 0.370536 0.928522 0.491597 0.142957
10 0.748687 0.928522 0.239496 0.142957
0 0.214466 0.428014 0.113281 0.040609
0 0.418424 0.774810 0.077510 0.048731
0 0.503992 0.774810 0.076820 0.048731
0 0.694537 0.774810 0.066513 0.048731
0 0.296813 0.774810 0.064987 0.048731
0 0.628594 0.774810 0.048566 0.048731
0 0.573357 0.774810 0.045102 0.048731
0 0.354488 0.774810 0.033556 0.048731
10 0.057248 0.041497 0.047269 0.034264
0 0.555246 0.040609 0.044544 0.032487
0 0.510927 0.040609 0.039891 0.032487
0 0.440487 0.040609 0.037027 0.032487
0 0.403558 0.040609 0.032629 0.032487
0 0.474991 0.040609 0.027779 0.032487
0 0.592244 0.040609 0.025251 0.032487
0 0.817489 0.510850 0.016807 0.032487
0 0.798582 0.510850 0.016807 0.032487
1 0.178399 0.974810 0.073710 0.040609
1 0.901043 0.040609 0.038857 0.032487
1 0.690680 0.993496 0.089868 0.013008
1 0.941591 0.040609 0.033835 0.032487
