10 0.496061 0.852284 0.261210 0.295431
10 0.222250 0.852284 0.261202 0.295431
10 0.769872 0.852284 0.261202 0.295431
10 0.821691 0.279188 0.157563 0.304569
10 0.657826 0.279188 0.157563 0.304569
10 0.186712 0.900809 0.190126 0.198382
18 0.348021 0.348017 0.335995 0.048731
18 0.341374 0.655838 0.110204 0.048731
18 0.922474 0.655838 0.101366 0.048731
18 0.231810 0.655838 0.100520 0.048731
18 0.550088 0.655838 0.099831 0.048731
18 0.448324 0.655838 0.095293 0.048731
18 0.729279 0.655838 0.091173 0.048731
18 0.823328 0.655838 0.088523 0.048731
18 0.134762 0.655838 0.085174 0.048731
18 0.641848 0.655838 0.075286 0.048731
18 0.134261 0.348017 0.072619 0.048731
0 0.865460 0.582741 0.070025 0.048731
0 0.657826 0.394924 0.132353 0.024365
0 0.821691 0.394924 0.132353 0.024365
10 0.116597 0.731472 0.049895 0.053807
0 0.880630 0.040609 0.039686 0.048731
18 0.538603 0.348017 0.026261 0.048731
18 0.988679 0.655838 0.022641 0.048731
0 0.334731 0.739594 0.023634 0.045685
0 0.608546 0.739594 0.023634 0.045685
0 0.360466 0.739594 0.023634 0.045685
0 0.634281 0.739594 0.023634 0.045685
1 0.615829 0.503553 0.073800 0.048731
1 0.476115 0.503553 0.073817 0.048731
18 0.299403 0.655838 0.019958 0.038579
18 0.194681 0.655838 0.019958 0.038579
18 0.513303 0.655838 0.019958 0.038579
18 0.884922 0.655838 0.019958 0.038579
18 0.413808 0.655838 0.019958 0.038579
18 0.105305 0.655838 0.019958 0.038579
18 0.696822 0.655838 0.019958 0.038579
18 0.792197 0.655838 0.019958 0.038579
18 0.990255 0.655838 0.019490 0.038579
18 0.617335 0.655838 0.019958 0.038579
0 0.835576 0.040609 0.015756 0.048731
1 0.545976 0.503553 0.065906 0.048731
1 0.127101 0.040609 0.070903 0.038579
1 0.414842 0.503553 0.048730 0.048731
1 0.794811 0.040609 0.047917 0.048731
1 0.362305 0.503553 0.045841 0.048731
1 0.731220 0.040617 0.030946 0.027617
