10 0.671218 0.685668 0.262605 0.315498
10 0.050707 0.674453 0.101415 0.293068
2 0.469665 0.337056 0.412019 0.021320
0 0.591009 0.105584 0.095408 0.064975
0 0.415975 0.105584 0.075745 0.064975
0 0.345847 0.105584 0.064511 0.064975
0 0.480904 0.105584 0.054113 0.064975
0 0.286814 0.105584 0.053555 0.064975
0 0.233809 0.105584 0.052455 0.064975
0 0.185723 0.105584 0.043716 0.064975
1 0.698845 0.495431 0.105247 0.048731
0 0.709423 0.337056 0.064346 0.040609
0 0.769433 0.044670 0.066176 0.038579
1 0.241597 0.397970 0.121849 0.040609
1 0.241597 0.332995 0.121849 0.040609
1 0.590927 0.495431 0.102186 0.048731
1 0.484773 0.495431 0.101718 0.048731
0 0.525633 0.105584 0.035345 0.064975
1 0.266294 0.758756 0.112420 0.040609
1 0.292833 0.495431 0.088605 0.048731
1 0.385525 0.495431 0.088375 0.048731
0 0.142857 0.665355 0.025210 0.048731
0 0.857143 0.665355 0.025210 0.048731
1 0.668535 0.105584 0.059644 0.064975
1 0.952940 0.766973 0.094119 0.040609
10 0.186975 0.052752 0.046218 0.024445
10 0.666705 0.495431 0.032563 0.032487
10 0.451246 0.495431 0.026261 0.032487
10 0.261136 0.495431 0.016807 0.032487
10 0.353942 0.495431 0.016807 0.032487
10 0.551651 0.495431 0.015231 0.032487
1 0.238253 0.235533 0.115161 0.024365
1 0.238253 0.190863 0.115161 0.024365
10 0.331088 0.994805 0.025210 0.010390
10 0.468906 0.994805 0.025210 0.010390
10 0.606716 0.994805 0.025210 0.010390
10 0.744535 0.994805 0.025210 0.010390
0 0.470588 0.871843 0.023109 0.008122
0 0.500000 0.871843 0.023109 0.008122
0 0.529412 0.871843 0.023109 0.008122
18 0.724790 0.337056 0.010504 0.020305
10 0.190389 0.994805 0.019433 0.010390
