10 0.495798 0.428426 0.991597 0.596463
18 0.496061 0.490355 0.420168 0.056853
10 0.507340 0.710660 0.121849 0.089340
10 0.178686 0.087310 0.104747 0.036548
18 0.676733 0.490355 0.058824 0.056853
18 0.613831 0.490355 0.058577 0.048731
1 0.496057 0.157360 0.270524 0.018274
0 0.498186 0.912690 0.056033 0.034518
4 0.470851 0.417259 0.050420 0.034518
4 0.521271 0.417259 0.050420 0.034518
0 0.152434 0.023350 0.052242 0.032487
0 0.406139 0.912690 0.048475 0.034518
0 0.598354 0.912690 0.045759 0.034518
0 0.250152 0.023350 0.048623 0.032487
0 0.550839 0.912690 0.044758 0.034518
0 0.842929 0.095431 0.045759 0.032487
0 0.357598 0.912690 0.044093 0.034518
0 0.822861 0.023350 0.037577 0.038579
0 0.202198 0.023350 0.038882 0.032487
0 0.450273 0.912690 0.035279 0.034518
0 0.640030 0.912690 0.033080 0.034518
16 0.789891 0.023350 0.019958 0.038579
18 0.855830 0.023350 0.019958 0.038579
0 0.449055 0.406599 0.006828 0.013198
18 0.855830 0.023350 0.018908 0.020305
16 0.789891 0.023350 0.010504 0.020305
19 0.234769 0.023350 0.008403 0.016244
1 0.587378 0.095431 0.079463 0.032487
1 0.714872 0.095431 0.069681 0.032487
1 0.784881 0.095431 0.061934 0.032487
1 0.478470 0.095431 0.056074 0.032487
1 0.374848 0.095431 0.047573 0.032487
1 0.653571 0.095431 0.044520 0.032487
1 0.424534 0.095431 0.043395 0.032487
1 0.527077 0.095431 0.032735 0.032487
1 0.441944 0.550761 0.022215 0.019289
1 0.523831 0.550761 0.018382 0.019289
