10 0.496061 0.405076 0.787815 0.609137
0 0.496061 0.217259 0.787815 0.233503
1 0.266413 0.252792 0.328519 0.304569
10 0.944984 0.405076 0.110032 0.609137
1 0.783220 0.252792 0.213498 0.304569
10 0.051077 0.252792 0.102153 0.304569
1 0.474002 0.252792 0.086660 0.304569
0 0.496061 0.921827 0.693441 0.032487
18 0.459899 0.030457 0.569254 0.038579
1 0.635898 0.252792 0.081145 0.304569
1 0.556325 0.252792 0.077985 0.304569
10 0.398897 0.943449 0.180984 0.113103
10 0.163078 0.481948 0.079832 0.138928
10 0.246061 0.481948 0.079832 0.138928
10 0.163078 0.661485 0.079832 0.138928
10 0.246061 0.661485 0.079832 0.138928
10 0.830287 0.917989 0.097550 0.117608
10 0.744809 0.633566 0.097550 0.117608
10 0.635960 0.471288 0.097550 0.117608
10 0.550482 0.633566 0.097550 0.117608
10 0.356154 0.633566 0.097550 0.117608
10 0.356154 0.471288 0.097550 0.117608
10 0.441632 0.633566 0.097550 0.117608
10 0.830287 0.471288 0.097550 0.117608
10 0.161826 0.917989 0.097550 0.117608
10 0.247304 0.917989 0.097550 0.117608
10 0.550482 0.917989 0.097550 0.117608
10 0.550482 0.471288 0.097550 0.117608
10 0.830287 0.633566 0.097550 0.117608
10 0.635960 0.917989 0.097550 0.117608
10 0.441632 0.471288 0.097550 0.117608
10 0.635960 0.633566 0.097550 0.117608
10 0.744809 0.471288 0.097550 0.117608
10 0.744809 0.917989 0.097550 0.117608
0 0.124212 0.227411 0.044118 0.253807
0 0.867910 0.227411 0.044118 0.253807
18 0.219390 0.027919 0.141807 0.035533
16 0.957478 0.030457 0.053530 0.050761
0 0.113117 0.030457 0.045529 0.050761
0 0.258001 0.146193 0.066981 0.032487
1 0.048065 0.030457 0.079323 0.050761
17 0.023081 0.080711 0.030405 0.039594
20 0.198185 0.146193 0.038340 0.032487
0 0.205821 0.921827 0.036084 0.030457
0 0.166886 0.921827 0.034040 0.030457
0 0.198185 0.146193 0.037290 0.030457
2 0.756344 0.030457 0.023634 0.040609
1 0.842630 0.030457 0.062804 0.050761
0 0.052258 0.323858 0.015756 0.030457
16 0.945419 0.030457 0.019958 0.026396
0 0.033876 0.323858 0.015756 0.030457
1 0.593225 0.751832 0.162815 0.017148
1 0.787553 0.751832 0.162815 0.017148
1 0.398897 0.751832 0.162815 0.017148
0 0.801774 0.038579 0.004202 0.004061
0 0.525875 0.081218 0.004202 0.004061
19 0.876658 0.039086 0.004202 0.004061
0 0.610212 0.081218 0.004202 0.004061
1 0.796994 0.080203 0.082499 0.028426
1 0.907099 0.030457 0.040925 0.050761
