10 0.496061 0.405076 0.787815 0.609137
0 0.496061 0.217259 0.787815 0.233503
10 0.944984 0.405076 0.110032 0.609137
10 0.051077 0.405076 0.102153 0.609137
10 0.204569 0.627562 0.198858 0.308328
1 0.204569 0.649897 0.162815 0.352998
10 0.593225 0.574921 0.194738 0.147621
18 0.449769 0.030457 0.587891 0.038579
10 0.356154 0.532202 0.097550 0.117608
10 0.441632 0.532202 0.097550 0.117608
10 0.441632 0.694480 0.097550 0.117608
10 0.830287 0.694480 0.097550 0.117608
10 0.744809 0.532202 0.097550 0.117608
10 0.744809 0.694480 0.097550 0.117608
10 0.356154 0.694480 0.097550 0.117608
10 0.830287 0.532202 0.097550 0.117608
0 0.124212 0.227411 0.044118 0.253807
0 0.867910 0.227411 0.044118 0.253807
10 0.441632 0.960049 0.097550 0.079902
10 0.161826 0.960049 0.097550 0.079902
10 0.247304 0.960049 0.097550 0.079902
10 0.356154 0.960049 0.097550 0.079902
10 0.550482 0.960049 0.097550 0.079902
10 0.635960 0.960049 0.097550 0.079902
16 0.744814 0.973905 0.086069 0.052189
10 0.593217 0.718782 0.059349 0.076142
10 0.648405 0.718782 0.059349 0.076142
10 0.538028 0.718782 0.059349 0.076142
10 0.830291 0.973905 0.086069 0.052189
18 0.179720 0.027919 0.101366 0.035533
1 0.593217 0.728680 0.052423 0.095939
1 0.648405 0.728680 0.052423 0.095939
1 0.538028 0.728680 0.052423 0.095939
0 0.093668 0.030457 0.045529 0.050761
16 0.962181 0.030457 0.044126 0.050761
0 0.258001 0.146193 0.066981 0.032487
17 0.023081 0.080711 0.030405 0.039594
20 0.198185 0.146193 0.038340 0.032487
0 0.198185 0.146193 0.037290 0.030457
2 0.755531 0.030457 0.023634 0.040609
1 0.398897 0.812746 0.162815 0.017148
1 0.852034 0.030457 0.062804 0.050761
1 0.787553 0.812746 0.162815 0.017148
16 0.954824 0.030457 0.019958 0.026396
1 0.038340 0.030457 0.059874 0.050761
1 0.593225 0.812746 0.162815 0.017148
0 0.811179 0.038579 0.004202 0.004061
19 0.886062 0.039086 0.004202 0.004061
1 0.916504 0.030457 0.040925 0.050761
1 0.284660 0.080203 0.063690 0.028426
1 0.795829 0.031472 0.024398 0.050761
