10 0.496061 0.405076 0.787815 0.609137
0 0.496061 0.217259 0.787815 0.233503
10 0.944984 0.405076 0.110032 0.609137
10 0.051077 0.405076 0.102153 0.609137
10 0.398897 0.580504 0.180984 0.280615
10 0.787553 0.653807 0.157563 0.253807
1 0.944984 0.252792 0.110032 0.304569
0 0.496061 0.921827 0.693441 0.032487
18 0.450060 0.030457 0.568499 0.038579
10 0.355567 0.930964 0.133929 0.138071
10 0.580090 0.951539 0.141799 0.096923
10 0.634716 0.488039 0.079832 0.151110
10 0.551733 0.645241 0.079832 0.151110
10 0.634716 0.645241 0.079832 0.151110
10 0.551733 0.488039 0.079832 0.151110
10 0.163078 0.481948 0.079832 0.138928
10 0.246061 0.481948 0.079832 0.138928
10 0.163078 0.661485 0.079832 0.138928
10 0.246061 0.661485 0.079832 0.138928
0 0.124212 0.227411 0.044118 0.253807
0 0.867910 0.227411 0.044118 0.253807
10 0.163866 0.930964 0.076155 0.138071
10 0.857143 0.930964 0.075105 0.138071
10 0.245273 0.930964 0.073004 0.138071
10 0.938550 0.930964 0.058824 0.138071
10 0.775735 0.930964 0.057773 0.138071
10 0.694328 0.930964 0.048319 0.138071
10 0.465861 0.930964 0.051471 0.138071
18 0.209928 0.027919 0.141807 0.035533
0 0.787553 0.460501 0.162815 0.032487
16 0.957478 0.030457 0.053530 0.050761
10 0.990940 0.930964 0.018120 0.138071
0 0.103655 0.030457 0.045529 0.050761
17 0.023081 0.080711 0.030405 0.039594
0 0.205821 0.921827 0.036084 0.030457
0 0.166886 0.921827 0.034040 0.030457
0 0.831732 0.119797 0.045045 0.022335
1 0.043334 0.030457 0.069861 0.050761
2 0.746127 0.030457 0.023634 0.040609
1 0.842630 0.030457 0.062804 0.050761
1 0.593225 0.751832 0.162815 0.017148
16 0.945419 0.030457 0.019958 0.026396
0 0.801774 0.038579 0.004202 0.004061
19 0.876658 0.039086 0.004202 0.004061
0 0.491071 0.081218 0.004202 0.004061
0 0.222763 0.120812 0.004202 0.004061
1 0.920123 0.080203 0.082499 0.028426
1 0.134979 0.956345 0.023634 0.087310
1 0.857143 0.956345 0.023634 0.087310
1 0.907099 0.030457 0.040925 0.050761
1 0.580090 0.962310 0.141799 0.015228
1 0.604127 0.080203 0.069418 0.028426
1 0.838711 0.080203 0.069820 0.028426
1 0.764111 0.080203 0.068876 0.028426
