1 0.399201 0.663452 0.436532 0.147208
10 0.496057 0.954822 0.198078 0.090355
10 0.279974 0.954822 0.198078 0.090355
17 0.661387 0.096954 0.124885 0.108629
17 0.767508 0.096954 0.087357 0.108629
17 0.318946 0.096954 0.085847 0.108629
17 0.404280 0.096954 0.084821 0.108629
17 0.486960 0.096954 0.080538 0.108629
17 0.563087 0.096954 0.071716 0.108629
1 0.212447 0.118782 0.063025 0.121827
18 0.766019 0.021320 0.052521 0.032487
17 0.457044 0.021320 0.031209 0.042640
1 0.712144 0.970558 0.100594 0.034518
0 0.190389 0.784772 0.018908 0.036548
0 0.209296 0.784772 0.018908 0.036548
18 0.802784 0.021320 0.016807 0.032487
1 0.662105 0.021320 0.067104 0.042640
1 0.562205 0.021320 0.044807 0.042640
1 0.606581 0.021320 0.040105 0.042640
1 0.715517 0.021320 0.035878 0.042640
1 0.492487 0.021320 0.028156 0.042640
1 0.521607 0.021320 0.026244 0.042640
