0 0.496061 0.388325 0.992122 0.776650
0 0.496061 0.888325 0.992122 0.223350
18 0.755498 0.045685 0.274685 0.087310
17 0.090008 0.140300 0.137999 0.065371
18 0.862555 0.045685 0.087882 0.091371
0 0.949572 0.045685 0.085100 0.091371
17 0.074756 0.321804 0.107496 0.065371
17 0.074280 0.231052 0.106544 0.065371
1 0.283035 0.046193 0.284557 0.027411
17 0.061027 0.503307 0.080037 0.065371
17 0.055287 0.594059 0.068556 0.065371
17 0.049366 0.412556 0.056714 0.065371
1 0.070903 0.045685 0.099790 0.048731
20 0.945189 0.045685 0.051848 0.036548
18 0.638877 0.160406 0.043543 0.020305
20 0.961660 0.045685 0.018908 0.036548
18 0.884437 0.045685 0.018908 0.036548
17 0.931378 0.045685 0.016150 0.031472
18 0.842970 0.045685 0.016150 0.031472
18 0.617893 0.001523 0.000525 0.001015
1 0.331822 0.045178 0.070764 0.023350
1 0.203207 0.045178 0.059398 0.023350
1 0.130470 0.045178 0.052004 0.023350
1 0.515576 0.045178 0.048697 0.023350
1 0.453593 0.045178 0.041196 0.023350
1 0.400099 0.045178 0.031718 0.023350
1 0.264673 0.045178 0.029461 0.023350
