1 0.598296 0.582360 0.268235 0.041624
18 0.372637 0.033503 0.248950 0.032487
10 0.691094 0.895828 0.078782 0.101523
10 0.144958 0.448350 0.065651 0.090355
10 0.415597 0.956440 0.063550 0.087119
1 0.558188 0.951761 0.161133 0.043655
4 0.822742 0.699905 0.113445 0.026396
4 0.822742 0.474524 0.113445 0.026396
4 0.822742 0.587214 0.113445 0.026396
4 0.822742 0.732392 0.113445 0.026396
4 0.822742 0.317164 0.113445 0.026396
4 0.822742 0.442037 0.113445 0.026396
4 0.822742 0.507011 0.113445 0.026396
4 0.822742 0.619702 0.113445 0.026396
4 0.822742 0.764879 0.113445 0.026396
4 0.822742 0.284676 0.113445 0.026396
1 0.822742 0.358788 0.113445 0.044670
1 0.172532 0.033503 0.094538 0.050761
0 0.724958 0.169686 0.040105 0.035533
5 0.724958 0.169178 0.040105 0.034518
0 0.139813 0.102094 0.061663 0.022335
0 0.662397 0.238785 0.061663 0.022335
10 0.138393 0.033503 0.026261 0.050761
10 0.188288 0.023858 0.063025 0.018274
0 0.826771 0.204918 0.045546 0.022335
10 0.188288 0.045178 0.063025 0.014213
18 0.483657 0.033503 0.026909 0.032487
10 0.119485 0.352554 0.019958 0.038579
10 0.119485 0.871209 0.019958 0.038579
10 0.473633 0.352554 0.019958 0.038579
10 0.473633 0.755869 0.019958 0.038579
1 0.680147 0.342735 0.097164 0.028426
17 0.109506 0.033503 0.016807 0.032487
1 0.157563 0.449429 0.097164 0.028426
6 0.771271 0.440006 0.010504 0.020305
6 0.771271 0.472494 0.010504 0.020305
6 0.771271 0.504981 0.010504 0.020305
1 0.680147 0.312897 0.097164 0.028426
6 0.771271 0.585184 0.010504 0.020305
6 0.771271 0.617671 0.010504 0.020305
0 0.109506 0.033503 0.016807 0.032487
1 0.603852 0.099032 0.183889 0.015228
6 0.771271 0.282646 0.010504 0.020305
6 0.771271 0.315133 0.010504 0.020305
20 0.883141 0.106647 0.015756 0.030457
1 0.680147 0.491926 0.097164 0.028426
6 0.771271 0.762849 0.010504 0.020305
6 0.771271 0.730362 0.010504 0.020305
6 0.771271 0.697874 0.010504 0.020305
1 0.157563 0.200349 0.097164 0.028426
1 0.157563 0.260025 0.097164 0.028426
1 0.680147 0.372573 0.097164 0.028426
17 0.109506 0.033503 0.010504 0.020305
10 0.468381 0.405044 0.008403 0.016244
