0 0.496061 0.683185 0.978680 0.036548
1 0.450548 0.819416 0.202583 0.077157
1 0.660468 0.819416 0.202583 0.077157
1 0.870388 0.910787 0.202583 0.077157
1 0.870388 0.819416 0.202583 0.077157
1 0.660468 0.910787 0.202583 0.077157
1 0.450548 0.910787 0.202583 0.077157
18 0.481355 0.610596 0.207031 0.044670
0 0.496061 0.482075 0.147059 0.046701
0 0.496057 0.683185 0.157653 0.036548
1 0.450548 0.981789 0.202583 0.036421
1 0.870388 0.981789 0.202583 0.036421
1 0.660468 0.981789 0.202583 0.036421
0 0.499175 0.682678 0.123055 0.019289
3 0.582080 0.610596 0.057773 0.024365
1 0.426421 0.406242 0.081933 0.046494
1 0.392012 0.274262 0.081933 0.046494
1 0.600110 0.274262 0.081933 0.046494
0 0.599577 0.610596 0.029412 0.044670
0 0.496061 0.337056 0.012605 0.024365
18 0.599577 0.611612 0.011555 0.022335
4 0.561679 0.610596 0.008567 0.024365
4 0.377577 0.587754 0.000525 0.001015
