10 0.247899 0.091751 0.118172 0.042640
18 0.748162 0.026285 0.110294 0.042830
0 0.748162 0.026285 0.110294 0.042830
17 0.257657 0.026285 0.063337 0.036041
17 0.767143 0.091751 0.072331 0.031345
0 0.767143 0.091751 0.072331 0.031345
17 0.498199 0.091751 0.067957 0.031345
0 0.498199 0.091751 0.067957 0.031345
17 0.590291 0.091751 0.065807 0.031345
0 0.590291 0.091751 0.065807 0.031345
17 0.627302 0.026285 0.055582 0.036041
17 0.677086 0.091751 0.057363 0.031345
0 0.677086 0.091751 0.057363 0.031345
17 0.576636 0.026285 0.045751 0.036041
17 0.309460 0.026285 0.040269 0.036041
17 0.348678 0.026285 0.038168 0.036041
17 0.207401 0.026285 0.037175 0.036041
17 0.418305 0.091751 0.041410 0.031345
0 0.418305 0.091751 0.041410 0.031345
17 0.671953 0.026285 0.033720 0.036041
0 0.931620 0.644234 0.023528 0.045479
0 0.963551 0.644234 0.023528 0.045479
17 0.382730 0.026285 0.029937 0.036041
17 0.538960 0.026285 0.029601 0.036041
18 0.792230 0.026285 0.017956 0.034708
18 0.792230 0.026285 0.010504 0.016244
4 0.692752 0.004362 0.000525 0.001015
1 0.257657 0.026285 0.063337 0.036041
1 0.627302 0.026285 0.055582 0.036041
1 0.576636 0.026285 0.045751 0.036041
1 0.309460 0.026285 0.040269 0.036041
1 0.348678 0.026285 0.038168 0.036041
1 0.207401 0.026285 0.037175 0.036041
1 0.671953 0.026285 0.033720 0.036041
1 0.382730 0.026285 0.029937 0.036041
1 0.538960 0.026285 0.029601 0.036041
