1 0.584231 0.561786 0.296317 0.043655
10 0.161921 0.581393 0.100840 0.081218
18 0.372637 0.033503 0.248950 0.032487
1 0.566513 0.623699 0.233998 0.043655
18 0.353315 0.033503 0.210306 0.032487
1 0.554060 0.650095 0.209091 0.043655
10 0.715164 0.662674 0.045168 0.116751
4 0.822742 0.487722 0.113445 0.026396
4 0.822742 0.262341 0.113445 0.026396
4 0.822742 0.375032 0.113445 0.026396
4 0.822742 0.552697 0.113445 0.026396
4 0.822742 0.229854 0.113445 0.026396
4 0.822742 0.407519 0.113445 0.026396
4 0.822742 0.294829 0.113445 0.026396
4 0.822742 0.520209 0.113445 0.026396
1 0.680147 0.290355 0.097164 0.044670
1 0.172532 0.033503 0.094538 0.050761
0 0.155930 0.102094 0.093898 0.022335
0 0.678514 0.178284 0.093898 0.022335
0 0.721754 0.109185 0.046514 0.035533
5 0.721754 0.108677 0.046514 0.034518
18 0.477527 0.033503 0.039169 0.032487
10 0.188288 0.024365 0.063025 0.018274
0 0.852707 0.150095 0.037495 0.022335
10 0.728048 0.431615 0.019433 0.039435
17 0.109506 0.033503 0.016807 0.032487
6 0.771271 0.227824 0.010504 0.020305
6 0.771271 0.260311 0.010504 0.020305
6 0.771271 0.292798 0.010504 0.020305
5 0.109506 0.033503 0.016807 0.032487
6 0.771271 0.373001 0.010504 0.020305
6 0.771271 0.405489 0.010504 0.020305
0 0.109506 0.033503 0.016807 0.032487
6 0.771271 0.550666 0.010504 0.020305
6 0.771271 0.518179 0.010504 0.020305
6 0.771271 0.485692 0.010504 0.020305
1 0.157563 0.419591 0.097164 0.028426
1 0.680147 0.252395 0.097164 0.028426
1 0.157563 0.359914 0.097164 0.028426
10 0.132369 0.266053 0.015756 0.027411
10 0.212103 0.266053 0.015756 0.027411
10 0.373465 0.266053 0.015756 0.027411
10 0.475118 0.266053 0.015756 0.027411
10 0.596286 0.266053 0.015756 0.027411
10 0.660460 0.266053 0.015756 0.027411
1 0.680147 0.328315 0.097164 0.028426
10 0.290449 0.266053 0.015756 0.026396
10 0.541303 0.266053 0.015756 0.026396
1 0.680147 0.358154 0.097164 0.028426
1 0.157563 0.230187 0.097164 0.028426
1 0.680147 0.487881 0.097164 0.028426
17 0.109506 0.033503 0.010504 0.020305
10 0.372604 0.921034 0.006303 0.012183
