18 0.120798 0.222335 0.204832 0.071066
1 0.120798 0.625635 0.194328 0.078839
1 0.120798 0.554870 0.194328 0.060660
18 0.120798 0.169741 0.204832 0.025999
17 0.310358 0.042640 0.049222 0.085279
17 0.358419 0.042640 0.046900 0.085279
18 0.970063 0.042640 0.044118 0.085279
0 0.970063 0.042640 0.044118 0.085279
17 0.310358 0.042640 0.040293 0.085279
1 0.722238 0.042640 0.068589 0.085279
17 0.358419 0.042640 0.037971 0.085279
1 0.469969 0.042640 0.066792 0.085279
1 0.070116 0.043655 0.115021 0.046701
1 0.536990 0.042640 0.049394 0.085279
1 0.118172 0.931766 0.215336 0.017433
18 0.970063 0.042640 0.013655 0.085279
1 0.406989 0.042640 0.041311 0.085279
1 0.658581 0.042640 0.040868 0.085279
18 0.036765 0.223350 0.015756 0.030457
1 0.615509 0.042640 0.027418 0.085279
1 0.213559 0.042640 0.026663 0.085279
1 0.581744 0.042640 0.022256 0.085279
