0 0.473128 0.663610 0.634807 0.048731
0 0.494748 0.262183 0.475840 0.048731
18 0.669380 0.863610 0.332983 0.048731
0 0.527528 0.262183 0.135266 0.048731
0 0.666680 0.262183 0.131975 0.048731
0 0.374581 0.663610 0.121947 0.048731
0 0.970385 0.950368 0.059231 0.099265
0 0.228364 0.664118 0.145278 0.028426
0 0.486312 0.052284 0.090451 0.043433
18 0.565856 0.824016 0.126986 0.024365
0 0.970851 0.958883 0.042542 0.082234
0 0.479484 0.052284 0.076796 0.041402
0 0.374581 0.663610 0.094636 0.028426
0 0.385984 0.052284 0.059784 0.043433
0 0.583911 0.052284 0.054326 0.043433
0 0.240661 0.052284 0.054326 0.043433
0 0.379157 0.052284 0.046128 0.041402
0 0.691513 0.049746 0.075712 0.024365
0 0.577083 0.052284 0.040671 0.041402
10 0.170431 0.052284 0.029412 0.056853
0 0.233833 0.052284 0.040671 0.041402
0 0.776581 0.049746 0.069213 0.024365
0 0.311958 0.052284 0.037848 0.043433
0 0.168330 0.870717 0.025210 0.048731
0 0.197742 0.870717 0.025210 0.048731
0 0.227153 0.870717 0.025210 0.048731
0 0.256565 0.870717 0.025210 0.048731
0 0.285977 0.870717 0.025210 0.048731
0 0.315389 0.870717 0.025210 0.048731
0 0.344800 0.870717 0.025210 0.048731
0 0.374212 0.870717 0.025210 0.048731
0 0.403624 0.870717 0.025210 0.048731
0 0.433036 0.870717 0.025210 0.048731
0 0.462447 0.870717 0.025210 0.048731
0 0.168330 0.927570 0.025210 0.048731
0 0.197742 0.927570 0.025210 0.048731
0 0.227153 0.927570 0.025210 0.048731
0 0.256565 0.927570 0.025210 0.048731
0 0.285977 0.927570 0.025210 0.048731
0 0.315389 0.927570 0.025210 0.048731
0 0.344800 0.927570 0.025210 0.048731
0 0.374212 0.927570 0.025210 0.048731
0 0.403624 0.927570 0.025210 0.048731
0 0.433036 0.927570 0.025210 0.048731
0 0.462447 0.927570 0.025210 0.048731
0 0.168330 0.980029 0.025210 0.039943
0 0.197742 0.980029 0.025210 0.039943
0 0.227153 0.980029 0.025210 0.039943
0 0.256565 0.980029 0.025210 0.039943
0 0.784984 0.049746 0.052406 0.024365
18 0.515494 0.863610 0.025210 0.048731
0 0.305131 0.052284 0.024192 0.041402
1 0.322766 0.262183 0.131877 0.024365
18 0.830095 0.052284 0.012605 0.029442
0 0.830095 0.052284 0.012605 0.029442
19 0.748277 0.049746 0.012605 0.024365
18 0.830095 0.058376 0.012605 0.015228
0 0.462447 0.927570 0.008092 0.024365
0 0.197737 0.927570 0.007115 0.024365
0 0.256565 0.927570 0.006089 0.024365
0 0.227149 0.927570 0.005933 0.024365
0 0.374212 0.870717 0.005859 0.024365
0 0.344796 0.870717 0.005769 0.024365
0 0.256565 0.870717 0.005761 0.024365
0 0.403620 0.927570 0.005720 0.024365
0 0.227153 0.870717 0.005531 0.024365
0 0.256565 0.984423 0.005416 0.024365
0 0.168330 0.870717 0.005367 0.024365
0 0.433032 0.927570 0.005244 0.024365
0 0.315389 0.927570 0.005186 0.024365
0 0.462443 0.870717 0.005047 0.024365
0 0.197737 0.870717 0.004981 0.024365
0 0.168330 0.984423 0.004957 0.024365
0 0.344796 0.927570 0.004932 0.024365
0 0.197737 0.984423 0.004916 0.024365
0 0.227153 0.984423 0.004891 0.024365
0 0.285973 0.927570 0.004834 0.024365
0 0.285977 0.870717 0.004809 0.024365
0 0.374208 0.927570 0.004653 0.024365
0 0.315389 0.870717 0.004530 0.024365
0 0.168330 0.927570 0.004349 0.024365
0 0.433032 0.870717 0.004062 0.024365
0 0.403620 0.870717 0.002257 0.024365
