10 0.496061 0.769781 0.756303 0.460438
0 0.496053 0.446114 0.217437 0.107614
10 0.618960 0.288325 0.131828 0.170558
10 0.658179 0.288507 0.119748 0.170923
1 0.483632 0.330964 0.128504 0.101523
1 0.483632 0.509645 0.128504 0.101523
1 0.337780 0.448525 0.116982 0.101523
1 0.477871 0.525682 0.116982 0.101523
1 0.625624 0.282027 0.130252 0.077157
1 0.625624 0.359185 0.130252 0.077157
1 0.625624 0.436342 0.130252 0.077157
1 0.625624 0.584359 0.130252 0.077157
1 0.625624 0.661516 0.130252 0.077157
1 0.645606 0.282027 0.130252 0.077157
1 0.645606 0.359185 0.130252 0.077157
1 0.645606 0.507202 0.130252 0.077157
0 0.436704 0.458296 0.098739 0.050761
0 0.555401 0.458296 0.098739 0.050761
0 0.658179 0.566497 0.122735 0.028426
0 0.618960 0.538071 0.098739 0.028426
19 0.836352 0.090355 0.059964 0.042640
0 0.511994 0.088832 0.059439 0.035533
0 0.453310 0.088832 0.057929 0.035533
0 0.396993 0.088832 0.054704 0.035533
0 0.342983 0.088832 0.053317 0.035533
19 0.780684 0.090355 0.040868 0.042640
0 0.954307 0.029949 0.012605 0.024365
20 0.975315 0.028934 0.012605 0.024365
0 0.939601 0.029949 0.012605 0.024365
