0 0.239090 0.441006 0.158326 0.056853
1 0.092437 0.115736 0.147059 0.081218
1 0.092437 0.201015 0.147059 0.081218
1 0.243697 0.115736 0.147059 0.081218
1 0.243697 0.201015 0.147059 0.081218
1 0.394958 0.115736 0.147059 0.081218
1 0.394958 0.201015 0.147059 0.081218
1 0.099790 0.154315 0.147059 0.081218
1 0.099790 0.239594 0.147059 0.081218
1 0.099790 0.324873 0.147059 0.081218
1 0.263655 0.154315 0.147059 0.081218
1 0.263655 0.239594 0.147059 0.081218
1 0.263655 0.324873 0.147059 0.081218
0 0.239090 0.510041 0.158326 0.056853
0 0.172474 0.030457 0.066587 0.036548
0 0.891421 0.030457 0.057773 0.036548
0 0.236221 0.030457 0.048303 0.036548
0 0.945185 0.030457 0.037150 0.036548
0 0.284143 0.030457 0.034935 0.036548
0 0.323981 0.030457 0.032136 0.036548
10 0.487658 0.042640 0.008403 0.016244
20 0.504464 0.042640 0.008403 0.016244
