10 0.656041 0.446074 0.385906 0.745955
17 0.288340 0.314721 0.126050 0.093401
17 0.162290 0.408122 0.126050 0.093401
17 0.162290 0.127919 0.126050 0.093401
17 0.288340 0.221320 0.126050 0.093401
17 0.162290 0.221320 0.126050 0.093401
17 0.162290 0.314721 0.126050 0.093401
17 0.288340 0.127919 0.126050 0.093401
0 0.203654 0.557741 0.121069 0.073096
17 0.469792 0.320812 0.126050 0.044670
17 0.343742 0.276142 0.126050 0.044670
17 0.343742 0.186802 0.126050 0.044670
17 0.343742 0.142132 0.126050 0.044670
17 0.343742 0.320812 0.126050 0.044670
17 0.469792 0.231472 0.126050 0.044670
17 0.343742 0.231472 0.126050 0.044670
17 0.469792 0.142132 0.126050 0.044670
17 0.847468 0.103553 0.126050 0.044670
17 0.469792 0.186802 0.126050 0.044670
17 0.847468 0.148223 0.126050 0.044670
17 0.217691 0.186802 0.126050 0.044670
17 0.217691 0.320812 0.126050 0.044670
17 0.469792 0.365482 0.126050 0.044670
17 0.217691 0.142132 0.126050 0.044670
17 0.469792 0.276142 0.126050 0.044670
17 0.217691 0.231472 0.126050 0.044670
17 0.217691 0.276142 0.126050 0.044670
0 0.756483 0.036548 0.060120 0.073096
17 0.217691 0.098477 0.126050 0.034518
17 0.343742 0.098477 0.126050 0.034518
17 0.469792 0.098477 0.126050 0.034518
0 0.185477 0.036548 0.057420 0.073096
10 0.113890 0.974500 0.078782 0.050999
10 0.759898 0.974500 0.078782 0.050999
10 0.372293 0.974500 0.078782 0.050999
10 0.889100 0.974500 0.078782 0.050999
10 0.501495 0.974500 0.078782 0.050999
0 0.129066 0.036548 0.055401 0.073096
10 0.630697 0.974500 0.078782 0.050999
10 0.243091 0.974500 0.078782 0.050999
0 0.812028 0.036548 0.050970 0.073096
0 0.239274 0.036548 0.050174 0.073096
0 0.056985 0.036548 0.088761 0.040609
0 0.857426 0.036548 0.039826 0.073096
0 0.283396 0.036548 0.038070 0.073096
0 0.067489 0.036548 0.067752 0.040609
0 0.948759 0.036548 0.061515 0.040609
0 0.894519 0.036548 0.034360 0.073096
0 0.191049 0.557337 0.068548 0.019496
10 0.012039 0.974500 0.024079 0.050999
10 0.989455 0.974500 0.021089 0.050999
0 0.713818 0.036548 0.025210 0.040609
0 0.756483 0.036548 0.047515 0.020305
0 0.948759 0.036540 0.046809 0.019496
0 0.023109 0.036548 0.021008 0.040609
0 0.239274 0.036548 0.037569 0.020305
0 0.180225 0.036548 0.034311 0.020305
0 0.123814 0.036548 0.032292 0.020305
10 0.116071 0.300508 0.016807 0.032487
10 0.116071 0.393909 0.016807 0.032487
10 0.116071 0.113706 0.016807 0.032487
10 0.242122 0.207107 0.016807 0.032487
10 0.116071 0.207107 0.016807 0.032487
10 0.242122 0.300508 0.016807 0.032487
0 0.806776 0.036548 0.027861 0.020305
10 0.242122 0.113706 0.016807 0.032487
0 0.857426 0.036548 0.027221 0.020305
0 0.283396 0.036548 0.025464 0.020305
3 0.116071 0.113706 0.016807 0.032487
3 0.116071 0.207107 0.016807 0.032487
3 0.116071 0.300508 0.016807 0.032487
3 0.116071 0.393909 0.016807 0.032487
3 0.242122 0.113706 0.016807 0.032487
3 0.242122 0.207107 0.016807 0.032487
3 0.242122 0.300508 0.016807 0.032487
0 0.894519 0.036548 0.021755 0.020305
0 0.713818 0.036548 0.012605 0.024365
0 0.146263 0.036548 0.008403 0.016244
0 0.203683 0.036548 0.008403 0.016244
0 0.827009 0.036548 0.008403 0.016244
