10 0.360032 0.322676 0.484244 0.515403
1 0.701943 0.313023 0.212185 0.251777
1 0.496061 0.902372 0.211134 0.195257
1 0.271271 0.902372 0.211134 0.195257
1 0.720851 0.902372 0.211134 0.195257
10 0.271271 0.949580 0.211134 0.100841
10 0.496061 0.949580 0.211134 0.100841
10 0.720851 0.949580 0.211134 0.100841
17 0.313940 0.032487 0.096056 0.064975
17 0.909426 0.032487 0.115546 0.048731
17 0.400469 0.032487 0.077001 0.064975
17 0.228204 0.032487 0.075417 0.064975
4 0.860819 0.988325 0.195378 0.023350
0 0.947097 0.032487 0.064839 0.047811
17 0.174156 0.032487 0.032678 0.064975
17 0.453544 0.032487 0.029149 0.064975
18 0.864258 0.032487 0.025210 0.048731
1 0.225024 0.764134 0.080825 0.048731
18 0.893670 0.032487 0.025210 0.048731
18 0.834846 0.032487 0.025210 0.048731
20 0.959559 0.979695 0.023109 0.040609
1 0.098604 0.032487 0.068006 0.048731
1 0.612223 0.145511 0.032744 0.048731
1 0.646796 0.764134 0.025210 0.048731
1 0.422006 0.764134 0.025210 0.048731
1 0.795431 0.487643 0.025210 0.048731
