1 0.496061 0.361675 0.680672 0.370051
10 0.666229 0.361675 0.340336 0.370051
1 0.727153 0.833249 0.218487 0.333503
1 0.264968 0.833249 0.218487 0.333503
1 0.496061 0.833249 0.218487 0.333503
1 0.924501 0.361675 0.150998 0.370051
10 0.264968 0.785279 0.218487 0.237563
10 0.496061 0.785279 0.218487 0.237563
10 0.727153 0.785279 0.218487 0.237563
1 0.924501 0.833249 0.150998 0.333503
10 0.924501 0.785279 0.150998 0.237563
1 0.279674 0.481726 0.214286 0.064975
1 0.932904 0.481726 0.134191 0.064975
0 0.433036 0.471574 0.092437 0.036548
1 0.058696 0.032487 0.087981 0.064975
0 0.727153 0.785279 0.037815 0.073096
0 0.264968 0.785279 0.037815 0.073096
0 0.496061 0.785279 0.037815 0.073096
0 0.130863 0.032487 0.041648 0.064975
0 0.205878 0.032487 0.038365 0.064975
0 0.169192 0.032487 0.035009 0.064975
10 0.189338 0.481726 0.033613 0.064975
10 0.882616 0.481726 0.033613 0.064975
10 0.172532 0.952792 0.033613 0.064975
10 0.403624 0.952792 0.033613 0.064975
10 0.634716 0.952792 0.033613 0.064975
10 0.865809 0.952792 0.033613 0.064975
0 0.241092 0.032487 0.032062 0.064975
0 0.949055 0.032487 0.025210 0.048731
17 0.974265 0.032487 0.025210 0.048731
18 0.923845 0.032487 0.025210 0.048731
10 0.974265 0.032487 0.016807 0.032487
10 0.963736 0.494924 0.008403 0.016244
10 0.317982 0.494924 0.008403 0.016244
1 0.435941 0.105584 0.078765 0.032487
1 0.579307 0.105584 0.072594 0.032487
1 0.188181 0.105584 0.064913 0.032487
