10 0.496061 0.410152 0.756303 0.688325
10 0.616855 0.410065 0.514698 0.688150
0 0.893830 0.032487 0.170324 0.048731
0 0.854111 0.032487 0.090886 0.048731
0 0.942424 0.032487 0.073136 0.048731
0 0.696174 0.841624 0.073136 0.048731
10 0.201681 0.194924 0.091912 0.028426
18 0.419696 0.841624 0.049952 0.048731
0 0.858456 0.723858 0.031513 0.060914
1 0.054097 0.032487 0.090336 0.040609
1 0.520434 0.841624 0.058561 0.048731
0 0.983193 0.792893 0.004202 0.012183
1 0.365714 0.841624 0.049608 0.048731
1 0.627314 0.841624 0.047778 0.048731
1 0.202206 0.032487 0.055656 0.037563
1 0.576570 0.841624 0.045308 0.048731
1 0.467913 0.841624 0.038078 0.048731
1 0.141023 0.032487 0.041500 0.037563
