1 0.651798 0.866331 0.195928 0.041609
1 0.070501 0.034518 0.119994 0.048731
10 0.527836 0.829822 0.032038 0.061929
10 0.254989 0.516704 0.031513 0.060914
10 0.527574 0.516704 0.031513 0.060914
10 0.254989 0.829315 0.031513 0.060914
1 0.183622 0.086271 0.052956 0.085327
10 0.027311 0.017259 0.038866 0.024365
0 0.920168 0.032043 0.021008 0.040609
1 0.108817 0.076110 0.052537 0.065006
1 0.268407 0.065950 0.072495 0.044686
1 0.350520 0.947510 0.138541 0.017259
1 0.348411 0.610549 0.134322 0.017259
1 0.959296 0.032487 0.044643 0.040609
1 0.347722 0.065950 0.042017 0.044686
1 0.171186 0.078902 0.061006 0.027855
1 0.554688 0.293893 0.085741 0.017259
1 0.596068 0.600397 0.084469 0.017259
