10 0.650998 0.345178 0.297269 0.511675
10 0.310137 0.928426 0.359244 0.143147
0 0.280840 0.482234 0.176700 0.050761
0 0.312853 0.482234 0.112674 0.050761
1 0.459062 0.621320 0.043387 0.184772
1 0.459062 0.806091 0.043387 0.184772
1 0.422462 0.447716 0.066218 0.111675
1 0.239808 0.157360 0.066029 0.111675
1 0.526979 0.604061 0.044126 0.162437
1 0.459062 0.447716 0.043387 0.162437
0 0.884409 0.032487 0.093742 0.040609
1 0.308581 0.434518 0.046227 0.148223
1 0.308581 0.575635 0.046227 0.134010
1 0.240809 0.434518 0.040999 0.148223
1 0.331088 0.302538 0.068212 0.089340
1 0.331088 0.391878 0.068212 0.089340
1 0.331088 0.481218 0.068212 0.089340
10 0.227153 0.201015 0.069328 0.036548
0 0.218200 0.481218 0.051421 0.048731
0 0.312853 0.482234 0.086413 0.024365
0 0.467306 0.115736 0.050945 0.040609
0 0.959600 0.032487 0.039834 0.038579
0 0.884409 0.032487 0.075885 0.022335
0 0.964286 0.947208 0.029412 0.056853
0 0.323640 0.032487 0.023725 0.044670
20 0.130113 0.114721 0.025210 0.048731
20 0.179802 0.114721 0.025210 0.048731
20 0.232520 0.114721 0.025210 0.048731
20 0.355436 0.114721 0.025210 0.048731
0 0.467306 0.115736 0.033088 0.022335
0 0.218200 0.481218 0.026211 0.024365
0 0.959600 0.032487 0.023027 0.022335
0 0.289481 0.032487 0.006778 0.044670
10 0.395656 0.113706 0.012605 0.024365
10 0.395656 0.180711 0.012605 0.024365
10 0.213096 0.493401 0.012605 0.024365
10 0.395656 0.404061 0.012605 0.024365
10 0.303284 0.203046 0.012605 0.024365
10 0.303284 0.270051 0.012605 0.024365
10 0.213096 0.113706 0.012605 0.024365
10 0.213096 0.225381 0.012605 0.024365
10 0.213096 0.582741 0.012605 0.024365
10 0.303284 0.359391 0.012605 0.024365
10 0.303284 0.448731 0.012605 0.024365
10 0.213096 0.314721 0.012605 0.024365
10 0.213096 0.404061 0.012605 0.024365
10 0.303284 0.113706 0.012605 0.024365
10 0.395656 0.270051 0.012605 0.024365
10 0.395656 0.337056 0.012605 0.024365
20 0.965861 0.944162 0.009454 0.018274
10 0.508666 0.947843 0.006303 0.015228
