7 0.492122 0.599286 0.260504 0.162437
0 0.423845 0.415316 0.123950 0.095796
4 0.423845 0.415316 0.123950 0.095796
0 0.560399 0.415316 0.123950 0.095796
4 0.560399 0.415316 0.123950 0.095796
10 0.192481 0.068702 0.094521 0.069226
4 0.492122 0.325746 0.260504 0.022367
4 0.492122 0.498763 0.260504 0.022367
2 0.778624 0.080885 0.136555 0.040609
0 0.895377 0.979695 0.111558 0.040609
17 0.513918 0.068694 0.054507 0.068607
0 0.513918 0.068694 0.054507 0.068607
17 0.603278 0.068694 0.050387 0.068607
0 0.603278 0.068694 0.050387 0.068607
17 0.463289 0.068694 0.046752 0.068607
0 0.463289 0.068694 0.046752 0.068607
0 0.276244 0.437619 0.066538 0.045067
17 0.648401 0.068694 0.039859 0.068607
0 0.648401 0.068694 0.039859 0.068607
17 0.559628 0.068694 0.036912 0.068607
0 0.559628 0.068694 0.036912 0.068607
0 0.387461 0.724794 0.051183 0.039848
20 0.628151 0.176079 0.022059 0.042640
0 0.343069 0.011366 0.060990 0.014610
18 0.836397 0.080885 0.021008 0.040609
1 0.304359 0.283407 0.122768 0.023350
0 0.464548 0.570511 0.009454 0.018274
0 0.480305 0.570511 0.009454 0.018274
0 0.496061 0.570511 0.009454 0.018274
0 0.511817 0.570511 0.009454 0.018274
0 0.527574 0.570511 0.009454 0.018274
10 0.149422 0.011358 0.008403 0.011168
10 0.366071 0.833725 0.008403 0.011168
1 0.789588 0.047890 0.106224 0.019289
1 0.954044 0.926396 0.034139 0.065990
1 0.192481 0.097732 0.094521 0.019289
1 0.579713 0.832852 0.043026 0.015228
