1 0.536445 0.642846 0.271665 0.385787
1 0.264780 0.642846 0.271665 0.385787
1 0.202362 0.282440 0.146845 0.324873
1 0.349207 0.282440 0.146845 0.324873
1 0.496053 0.282440 0.146845 0.324873
1 0.642898 0.282440 0.146845 0.324873
1 0.789744 0.282440 0.146845 0.324873
1 0.281303 0.060002 0.273216 0.069242
0 0.780200 0.155536 0.107209 0.071066
0 0.339663 0.155536 0.107209 0.071066
0 0.192818 0.155536 0.107209 0.071066
0 0.485068 0.155536 0.104328 0.071066
18 0.725213 0.066846 0.185604 0.034518
1 0.767332 0.614808 0.169101 0.043449
10 0.793592 0.931472 0.048319 0.092386
1 0.762174 0.663127 0.158786 0.043449
0 0.598030 0.155536 0.036560 0.071066
1 0.555877 0.933280 0.105370 0.040292
1 0.766983 0.576539 0.168404 0.023350
0 0.835347 0.066846 0.034664 0.034518
4 0.645085 0.061183 0.025350 0.023192
20 0.979779 0.840181 0.013130 0.025222
