0 0.500000 0.286802 0.512080 0.055838
18 0.396271 0.737468 0.304622 0.050761
18 0.409401 0.684169 0.330882 0.025381
0 0.305660 0.278173 0.123400 0.038579
0 0.435424 0.278173 0.120372 0.038579
17 0.688981 0.360914 0.054285 0.061929
1 0.507743 0.977871 0.122103 0.044258
1 0.677156 0.977871 0.114291 0.044258
1 0.329623 0.977871 0.112502 0.044258
18 0.732143 0.360914 0.032038 0.061929
0 0.688981 0.360914 0.054285 0.029442
18 0.561712 0.737468 0.026261 0.050761
1 0.286502 0.360914 0.085084 0.037563
18 0.732143 0.360406 0.011029 0.020305
18 0.561712 0.737468 0.010504 0.020305
1 0.531488 0.278680 0.056001 0.019289
