1 0.496061 0.025952 0.992122 0.051904
17 0.707458 0.025341 0.136555 0.050682
17 0.854517 0.025341 0.136555 0.050682
17 0.502339 0.025682 0.178571 0.036707
17 0.502339 0.062389 0.178571 0.036707
17 0.502339 0.099096 0.178571 0.036707
17 0.502339 0.135803 0.178571 0.036707
1 0.496061 0.092513 0.125870 0.071066
18 0.941907 0.092513 0.064240 0.044670
17 0.044713 0.092513 0.053235 0.044670
17 0.308011 0.006551 0.178571 0.013103
10 0.707458 0.007170 0.136555 0.014340
10 0.854517 0.007170 0.136555 0.014340
17 0.502339 0.003664 0.178571 0.007329
17 0.563661 0.155964 0.079660 0.014372
17 0.476936 0.155964 0.076984 0.014372
17 0.394695 0.155964 0.070690 0.014372
17 0.646234 0.155964 0.068679 0.014372
18 0.962472 0.092513 0.023109 0.044670
0 0.010242 0.155964 0.020483 0.045685
0 0.981880 0.155964 0.020483 0.045685
17 0.716994 0.155964 0.056033 0.014372
17 0.323427 0.155964 0.055040 0.014372
1 0.464376 0.064419 0.102646 0.032646
17 0.267303 0.155964 0.040400 0.014372
0 0.957983 0.777665 0.013655 0.026396
18 0.956170 0.094036 0.010504 0.031472
20 0.974790 0.777665 0.013655 0.026396
1 0.459793 0.137833 0.093479 0.032646
0 0.029650 0.092513 0.010504 0.020305
0 0.962472 0.092513 0.010504 0.020305
1 0.563661 0.155885 0.079660 0.034518
1 0.476936 0.155885 0.076984 0.034518
1 0.454881 0.064419 0.083656 0.032646
17 0.294060 0.000468 0.003151 0.000936
4 0.950655 0.074746 0.000525 0.001015
1 0.394695 0.155885 0.070690 0.034518
1 0.450638 0.027713 0.075171 0.032646
1 0.646234 0.155885 0.068679 0.034518
1 0.448751 0.101126 0.071396 0.032646
1 0.716994 0.155885 0.056033 0.034518
