1 0.138733 0.118782 0.109925 0.079188
18 0.854968 0.024365 0.126050 0.048731
0 0.490805 0.818052 0.115768 0.040609
3 0.864406 0.022335 0.083508 0.044670
1 0.176938 0.221716 0.091551 0.050761
1 0.518079 0.221716 0.088514 0.050761
1 0.711122 0.221716 0.083352 0.050761
1 0.402430 0.221716 0.079413 0.050761
1 0.295812 0.221716 0.074178 0.050761
1 0.156435 0.024365 0.065873 0.048731
18 0.785640 0.024365 0.012605 0.024365
18 0.773035 0.024365 0.012605 0.024365
1 0.622620 0.221716 0.050716 0.050761
1 0.100483 0.024365 0.046030 0.048731
1 0.100783 0.221716 0.031513 0.050761
1 0.885701 0.985168 0.045299 0.029664
