1 0.259716 0.858875 0.141807 0.282249
1 0.417279 0.858875 0.141807 0.282249
1 0.574842 0.858875 0.141807 0.282249
1 0.732405 0.858875 0.141807 0.282249
0 0.763926 0.955044 0.436532 0.071685
10 0.259716 0.795416 0.140756 0.153299
10 0.417279 0.795416 0.140756 0.153299
10 0.732405 0.795416 0.140756 0.153299
10 0.574842 0.795416 0.140756 0.153299
1 0.308955 0.109129 0.240284 0.076126
10 0.276905 0.109129 0.176183 0.076126
0 0.334559 0.478157 0.249475 0.042640
0 0.498630 0.213182 0.076960 0.060914
0 0.317555 0.213182 0.075433 0.060914
0 0.258284 0.478157 0.096926 0.042640
0 0.686712 0.213182 0.054294 0.060914
0 0.215755 0.213182 0.053883 0.060914
0 0.836537 0.953522 0.074810 0.042243
0 0.777155 0.213182 0.052308 0.060914
0 0.598333 0.213182 0.048163 0.060914
0 0.681259 0.953522 0.068368 0.042243
0 0.757287 0.953522 0.065651 0.042243
0 0.407715 0.213182 0.030585 0.060914
20 0.975315 0.952506 0.023109 0.044670
18 0.669011 0.108106 0.042542 0.018274
0 0.725586 0.109121 0.029642 0.024365
0 0.691304 0.020305 0.028452 0.020305
0 0.740842 0.020305 0.028608 0.020305
0 0.778115 0.109121 0.034631 0.016244
0 0.789731 0.020305 0.027155 0.020305
0 0.642779 0.020305 0.026581 0.020305
0 0.564822 0.020305 0.015888 0.020305
0 0.601128 0.020305 0.014706 0.020305
18 0.687869 0.111152 0.010077 0.016244
1 0.258284 0.476507 0.096926 0.022335
1 0.070928 0.979172 0.046727 0.018274
