10 0.219587 0.374754 0.203355 0.262199
10 0.219587 0.933130 0.203355 0.133740
1 0.480091 0.269036 0.300847 0.050761
1 0.480091 0.891640 0.300847 0.050761
18 0.803104 0.085279 0.167017 0.044670
1 0.772584 0.341878 0.203256 0.040609
1 0.320152 0.549508 0.404486 0.020305
1 0.772584 0.634518 0.203256 0.040609
1 0.772584 0.538325 0.203256 0.040609
1 0.772584 0.438071 0.203256 0.040609
1 0.772584 0.730711 0.203256 0.040609
1 0.772584 0.826904 0.203256 0.040609
20 0.413078 0.652554 0.060924 0.088325
1 0.541229 0.665752 0.178571 0.045685
1 0.276523 0.662452 0.178571 0.045685
1 0.541229 0.783265 0.178571 0.045685
10 0.148372 0.773366 0.060924 0.088325
10 0.413078 0.773366 0.060924 0.088325
10 0.148372 0.652554 0.060924 0.088325
0 0.830542 0.904061 0.087341 0.048731
0 0.536674 0.085279 0.075893 0.048731
0 0.044905 0.085279 0.073004 0.048731
19 0.504038 0.621589 0.104189 0.026396
0 0.919934 0.085279 0.058241 0.048731
17 0.027311 0.024365 0.054622 0.048731
0 0.311958 0.085279 0.053210 0.048731
0 0.660460 0.085279 0.052521 0.048731
0 0.468713 0.085279 0.051627 0.048731
0 0.368423 0.085279 0.051315 0.048731
0 0.603360 0.085279 0.049074 0.048731
0 0.211426 0.085279 0.047507 0.048731
0 0.159766 0.085279 0.047408 0.048731
0 0.682794 0.252792 0.054138 0.042640
19 0.371984 0.320178 0.084633 0.026396
0 0.109785 0.085279 0.044150 0.048731
0 0.260266 0.085279 0.041771 0.048731
0 0.418490 0.085279 0.040417 0.048731
4 0.564576 0.162437 0.052045 0.036548
0 0.613708 0.162437 0.033613 0.048731
0 0.968487 0.085279 0.030462 0.048731
4 0.517455 0.162437 0.037996 0.036548
4 0.478491 0.162437 0.035731 0.036548
19 0.337021 0.320178 0.010504 0.020305
18 0.734301 0.085279 0.012605 0.024365
0 0.933824 0.085279 0.012605 0.024365
0 0.968487 0.085279 0.012605 0.024365
0 0.613708 0.162437 0.012605 0.024365
0 0.856880 0.904061 0.012605 0.024365
19 0.459296 0.621589 0.010504 0.020305
6 0.478491 0.162437 0.000525 0.001015
6 0.564576 0.162437 0.000525 0.001015
0 0.704610 0.252792 0.009454 0.018274
6 0.517455 0.162437 0.000525 0.001015
4 0.719333 0.062437 0.000525 0.001015
