0 0.848739 0.078173 0.302521 0.062944
2 0.358718 0.081218 0.101891 0.044670
0 0.366071 0.081218 0.103992 0.026396
0 0.722722 0.062944 0.050486 0.032487
0 0.289916 0.160850 0.042017 0.028426
0 0.714195 0.062944 0.033433 0.032487
0 0.338235 0.068020 0.048319 0.022335
0 0.393908 0.068020 0.048319 0.022335
0 0.320903 0.081218 0.013655 0.026396
0 0.320903 0.091371 0.013655 0.026396
0 0.338235 0.091371 0.013655 0.026396
0 0.355567 0.091371 0.013655 0.026396
0 0.376576 0.091371 0.013655 0.026396
0 0.393908 0.091371 0.013655 0.026396
0 0.411239 0.091371 0.013655 0.026396
0 0.300945 0.160850 0.013655 0.026396
0 0.280987 0.160850 0.013655 0.026396
