10 0.496061 0.564975 0.992122 0.870051
0 0.466817 0.327919 0.065389 0.142132
0 0.394679 0.327919 0.062081 0.142132
0 0.548442 0.741624 0.115546 0.069036
0 0.434086 0.741624 0.096360 0.069036
0 0.408605 0.174619 0.109769 0.038579
0 0.408605 0.217259 0.109769 0.038579
0 0.408605 0.259898 0.109769 0.038579
19 0.559529 0.461310 0.050707 0.083249
0 0.742442 0.091371 0.074465 0.042640
17 0.745991 0.080203 0.082072 0.038579
17 0.745991 0.118782 0.082072 0.038579
17 0.745991 0.157360 0.082072 0.038579
17 0.745991 0.195939 0.082072 0.038579
17 0.745991 0.234518 0.082072 0.038579
0 0.300646 0.026396 0.055566 0.052792
0 0.493459 0.100206 0.060399 0.046891
0 0.424657 0.100206 0.060399 0.046891
0 0.667033 0.091371 0.059546 0.042640
0 0.562763 0.100206 0.069804 0.028426
17 0.239721 0.080203 0.051577 0.038579
17 0.239721 0.118782 0.051577 0.038579
17 0.239721 0.157360 0.051577 0.038579
17 0.239721 0.195939 0.051577 0.038579
17 0.239721 0.234518 0.051577 0.038579
17 0.239721 0.273096 0.051577 0.038579
1 0.498769 0.276539 0.054006 0.083249
1 0.620027 0.248112 0.053481 0.083249
1 0.620027 0.339483 0.053481 0.083249
1 0.620027 0.499889 0.053481 0.083249
1 0.620027 0.591260 0.053481 0.083249
1 0.620027 0.682630 0.053481 0.083249
1 0.564810 0.917259 0.041516 0.104569
10 0.238708 0.091371 0.052521 0.028775
1 0.559529 0.605473 0.050707 0.083249
1 0.559529 0.696843 0.050707 0.083249
1 0.559529 0.788214 0.050707 0.083249
1 0.559529 0.879584 0.050707 0.083249
1 0.680176 0.548620 0.050010 0.083249
18 0.693368 0.026396 0.008403 0.034898
4 0.693368 0.026396 0.008403 0.034898
20 0.981829 0.019488 0.007558 0.014610
17 0.252905 0.026396 0.008403 0.016244
17 0.395935 0.092386 0.009454 0.018274
17 0.505909 0.092386 0.009454 0.018274
17 0.331662 0.092386 0.009454 0.018274
17 0.774422 0.026396 0.008403 0.016244
0 0.454561 0.174619 0.009454 0.018274
0 0.454561 0.217259 0.009454 0.018274
0 0.454561 0.259898 0.009454 0.018274
18 0.693368 0.026396 0.008403 0.016244
3 0.216649 0.026396 0.006303 0.012183
