1 0.496061 0.236041 0.509454 0.299492
10 0.669380 0.732820 0.157563 0.160057
1 0.518645 0.703046 0.105042 0.137056
1 0.518645 0.895939 0.105042 0.137056
0 0.668855 0.182234 0.131303 0.049746
0 0.668855 0.119797 0.131303 0.046701
0 0.668855 0.244670 0.131303 0.046701
10 0.487132 0.888325 0.042017 0.121827
10 0.487132 0.695431 0.042017 0.121827
10 0.422006 0.695431 0.042017 0.121827
10 0.277048 0.888325 0.042017 0.121827
10 0.325368 0.695431 0.042017 0.121827
10 0.373687 0.695431 0.042017 0.121827
10 0.293067 0.045305 0.103466 0.050000
10 0.325368 0.888325 0.042017 0.121827
10 0.373687 0.888325 0.042017 0.121827
10 0.277048 0.695431 0.042017 0.121827
10 0.422006 0.888325 0.042017 0.121827
1 0.669380 0.618274 0.157563 0.036548
10 0.725553 0.943813 0.014000 0.040609
10 0.741301 0.943813 0.013721 0.040609
10 0.693392 0.943813 0.014000 0.040609
10 0.709473 0.943813 0.014386 0.040609
10 0.725832 0.989673 0.014000 0.020654
10 0.710503 0.989673 0.012884 0.020654
10 0.741441 0.989673 0.013442 0.020654
10 0.695173 0.989673 0.014000 0.020654
0 0.630260 0.182234 0.016282 0.031472
10 0.455357 0.693401 0.011029 0.028426
10 0.455357 0.886294 0.011029 0.028426
0 0.628151 0.119797 0.011029 0.021320
1 0.627753 0.941783 0.074309 0.032487
1 0.685732 0.320812 0.064084 0.030457
1 0.669380 0.808788 0.157563 0.012183
1 0.293067 0.066244 0.103466 0.012183
1 0.622608 0.988484 0.064018 0.014213
1 0.661568 0.311675 0.045381 0.012183
1 0.705283 0.397970 0.024734 0.016244
