10 0.496061 0.412135 0.840336 0.696352
1 0.262104 0.381678 0.236345 0.231980
10 0.815126 0.910105 0.203256 0.179791
10 0.389706 0.910105 0.203256 0.179791
10 0.176996 0.910105 0.203256 0.179791
10 0.602416 0.910105 0.203256 0.179791
10 0.262104 0.338023 0.236345 0.144670
0 0.262104 0.528125 0.138655 0.060914
0 0.262104 0.534216 0.126050 0.048731
0 0.697742 0.954822 0.126050 0.048731
1 0.295849 0.091371 0.150226 0.034518
1 0.153567 0.091371 0.134339 0.034518
1 0.423032 0.091371 0.104139 0.034518
0 0.262100 0.535232 0.048360 0.016244
1 0.601070 0.091371 0.088055 0.034518
1 0.516072 0.091371 0.081941 0.034518
20 0.934111 0.266244 0.008403 0.016244
1 0.270729 0.034208 0.059283 0.037960
1 0.113445 0.034518 0.049895 0.038579
1 0.212308 0.034208 0.038734 0.037960
1 0.165667 0.034208 0.035722 0.037960
1 0.425375 0.969036 0.015732 0.019289
