1 0.588847 0.502030 0.350143 0.429442
1 0.681628 0.878680 0.164563 0.242640
1 0.496057 0.878680 0.164563 0.242640
1 0.310485 0.945178 0.164563 0.099492
1 0.310485 0.815736 0.164563 0.098477
1 0.310485 0.446701 0.164563 0.091371
1 0.310485 0.690355 0.164563 0.091371
1 0.310485 0.568528 0.164563 0.091371
0 0.496061 0.034010 0.108193 0.040609
0 0.842515 0.034264 0.055516 0.068528
10 0.159926 0.034010 0.057248 0.032487
17 0.288771 0.033503 0.062049 0.017259
17 0.448205 0.033503 0.060719 0.017259
17 0.790749 0.034010 0.031209 0.032487
17 0.226037 0.033503 0.028755 0.017259
17 0.388446 0.033503 0.024135 0.017259
17 0.507156 0.033503 0.022518 0.017259
17 0.348087 0.033503 0.021919 0.017259
17 0.545230 0.033503 0.018965 0.017259
17 0.325573 0.035025 0.007353 0.014213
17 0.484342 0.035025 0.007353 0.014213
17 0.246192 0.035025 0.007353 0.014213
17 0.364824 0.035025 0.007353 0.014213
17 0.406291 0.035025 0.007353 0.014213
17 0.524192 0.035025 0.007353 0.014213
17 0.560489 0.035025 0.007353 0.014213
1 0.336085 0.931472 0.100217 0.015228
1 0.330763 0.777157 0.089573 0.015228
1 0.371246 0.185787 0.043945 0.024365
1 0.306431 0.533503 0.040909 0.015228
