10 0.496061 0.334050 0.756303 0.416323
1 0.500000 0.609645 0.285714 0.048731
2 0.314802 0.533074 0.173196 0.036548
0 0.643784 0.533074 0.147584 0.034518
0 0.485696 0.533074 0.147584 0.034518
17 0.350963 0.091371 0.077403 0.044670
0 0.754403 0.533074 0.061047 0.054822
17 0.563751 0.091371 0.071847 0.044670
17 0.491802 0.091371 0.067851 0.044670
17 0.423771 0.091371 0.064010 0.044670
17 0.283252 0.091371 0.053818 0.044670
17 0.229669 0.091371 0.049148 0.044670
10 0.230830 0.732059 0.033613 0.064975
10 0.378414 0.732059 0.033613 0.064975
10 0.525998 0.732059 0.033613 0.064975
10 0.673582 0.732059 0.033613 0.064975
4 0.251916 0.590942 0.093643 0.020305
19 0.719107 0.036548 0.039662 0.036548
0 0.537946 0.036548 0.026736 0.048731
1 0.654707 0.036548 0.080735 0.048731
0 0.568121 0.036548 0.025210 0.048731
1 0.240788 0.438658 0.067186 0.048731
20 0.637605 0.378173 0.018908 0.036548
10 0.568121 0.036548 0.012605 0.024365
5 0.205357 0.581298 0.000525 0.001015
1 0.251313 0.036548 0.075630 0.024365
1 0.760882 0.036548 0.035485 0.036548
1 0.597533 0.036548 0.025210 0.048731
