10 0.646673 0.454109 0.326993 0.632075
1 0.865169 0.454109 0.109999 0.632075
1 0.710084 0.365482 0.369748 0.146193
1 0.289916 0.341117 0.369748 0.097462
1 0.710084 0.341117 0.369748 0.097462
0 0.769991 0.947208 0.439995 0.071685
10 0.865169 0.663832 0.109999 0.212627
1 0.710084 0.316751 0.369748 0.048731
17 0.065126 0.064975 0.054622 0.064975
0 0.692165 0.945685 0.069960 0.042243
0 0.499996 0.573192 0.085519 0.038991
0 0.136358 0.697049 0.062631 0.048731
0 0.843135 0.945685 0.065651 0.042243
0 0.768727 0.945685 0.065651 0.042243
1 0.499996 0.581313 0.085519 0.055235
17 0.766548 0.015228 0.074030 0.015228
17 0.976628 0.064975 0.021534 0.040609
17 0.207667 0.064975 0.057765 0.014213
17 0.407629 0.064975 0.053046 0.014213
0 0.911239 0.834613 0.009454 0.080203
17 0.913907 0.015228 0.043264 0.015228
17 0.965668 0.015228 0.035050 0.015228
17 0.862317 0.015228 0.034705 0.015228
17 0.310576 0.064975 0.037282 0.014213
0 0.948792 0.064975 0.015756 0.030457
18 0.017857 0.064975 0.014706 0.028426
17 0.264242 0.064975 0.021772 0.014213
17 0.824264 0.015228 0.016191 0.015228
17 0.017857 0.058883 0.007353 0.002030
17 0.017857 0.063959 0.007353 0.002030
17 0.017857 0.069036 0.007353 0.002030
1 0.442526 0.979680 0.070025 0.017259
1 0.901248 0.961009 0.037840 0.024365
