10 0.774787 0.290347 0.282867 0.436532
18 0.178965 0.859391 0.202994 0.281218
0 0.390362 0.859391 0.202994 0.281218
0 0.601759 0.859391 0.202994 0.281218
0 0.813157 0.859391 0.202994 0.281218
10 0.390362 0.808217 0.193540 0.160596
10 0.813157 0.808161 0.193540 0.160485
10 0.601759 0.807971 0.193540 0.160105
10 0.178965 0.807971 0.193540 0.160105
0 0.354623 0.438579 0.557461 0.048731
0 0.191669 0.438579 0.088695 0.048731
1 0.216563 0.028426 0.103819 0.054822
0 0.831641 0.026904 0.059784 0.051777
0 0.107405 0.438579 0.063025 0.048731
19 0.889144 0.027411 0.054170 0.048731
0 0.295353 0.026904 0.051659 0.051777
0 0.345207 0.026904 0.050609 0.051777
17 0.293777 0.026396 0.048508 0.052792
0 0.434775 0.026904 0.049419 0.051777
17 0.343631 0.026396 0.047458 0.052792
17 0.433200 0.026396 0.046268 0.052792
17 0.388713 0.024873 0.038964 0.049746
1 0.111870 0.028426 0.071954 0.054822
10 0.109506 0.025888 0.056723 0.023350
1 0.501128 0.026904 0.065889 0.031472
1 0.388713 0.025381 0.034762 0.048731
