10 0.496061 0.317452 0.488971 0.531662
7 0.496061 0.481218 0.314076 0.113706
1 0.235557 0.846701 0.110294 0.306599
1 0.365809 0.846701 0.110294 0.306599
1 0.496061 0.846701 0.110294 0.306599
1 0.626313 0.846701 0.110294 0.306599
1 0.756565 0.846701 0.110294 0.306599
10 0.235557 0.800000 0.110294 0.213198
10 0.365809 0.800000 0.110294 0.213198
10 0.496061 0.800000 0.110294 0.213198
10 0.626313 0.800000 0.110294 0.213198
10 0.756565 0.800000 0.110294 0.213198
3 0.053571 0.010660 0.107143 0.021320
0 0.210872 0.030457 0.068277 0.032487
4 0.053571 0.010660 0.107143 0.019289
1 0.733329 0.030457 0.075442 0.048731
0 0.635242 0.503553 0.023109 0.044670
0 0.012080 0.015228 0.016807 0.016244
1 0.496061 0.563452 0.102268 0.024365
1 0.290499 0.030457 0.057363 0.032487
1 0.352757 0.030457 0.050346 0.032487
1 0.799522 0.030457 0.031734 0.032487
