10 0.500000 0.500052 1.000000 0.999895
10 0.500000 0.966420 1.000000 0.067160
17 0.496061 0.019440 0.992122 0.038880
1 0.496061 0.019440 0.992122 0.038880
10 0.414111 0.517552 0.082844 0.066989
10 0.427659 0.599786 0.082844 0.066989
10 0.065866 0.599786 0.056148 0.066989
10 0.786964 0.517552 0.055722 0.066989
17 0.780511 0.087103 0.061351 0.050761
10 0.982844 0.599786 0.034312 0.066989
17 0.216649 0.087103 0.071429 0.029442
10 0.216649 0.087103 0.071429 0.029442
17 0.481396 0.087095 0.048336 0.026697
17 0.414391 0.087095 0.043658 0.026697
17 0.548328 0.087095 0.043510 0.026697
17 0.724802 0.087095 0.029059 0.026697
1 0.780511 0.087103 0.061351 0.050761
