2 0.640494 0.056853 0.236345 0.056345
10 0.275780 0.056853 0.137170 0.081218
1 0.478848 0.142132 0.129062 0.038579
1 0.740694 0.142132 0.097919 0.038579
1 0.617557 0.142132 0.094210 0.038579
1 0.251403 0.142132 0.085265 0.038579
10 0.743172 0.058629 0.018382 0.035533
10 0.340106 0.142132 0.016987 0.030457
10 0.432289 0.142132 0.014936 0.030457
10 0.226669 0.142132 0.014788 0.030457
10 0.587944 0.142132 0.013976 0.030457
10 0.708595 0.142132 0.012712 0.030457
20 0.681985 0.886294 0.010504 0.020305
1 0.354172 0.142132 0.066127 0.038579
1 0.425855 0.898985 0.049206 0.017259
