1 0.490850 0.210668 0.529494 0.045733
1 0.296969 0.927284 0.157489 0.050952
0 0.732319 0.398652 0.078445 0.039594
0 0.732237 0.539404 0.078445 0.039594
0 0.732319 0.680155 0.074654 0.039594
10 0.248470 0.405489 0.058389 0.045146
10 0.247489 0.546288 0.058528 0.045241
10 0.248470 0.681076 0.058389 0.033312
10 0.247111 0.137294 0.026261 0.050761
17 0.513660 0.032995 0.038414 0.019289
10 0.221901 0.034327 0.013655 0.026396
1 0.423894 0.223890 0.116629 0.019289
1 0.661186 0.223890 0.116309 0.019289
1 0.542620 0.223890 0.112748 0.019289
1 0.623096 0.197446 0.084805 0.019289
1 0.647166 0.914499 0.066570 0.025381
1 0.447290 0.914499 0.062484 0.025381
1 0.732319 0.397636 0.078445 0.019289
1 0.732237 0.538388 0.078445 0.019289
1 0.732319 0.679140 0.074654 0.019289
1 0.723214 0.032995 0.065651 0.019289
