10 0.371586 0.464388 0.238445 0.346034
10 0.555672 0.356187 0.119223 0.129632
10 0.680147 0.356187 0.119223 0.129632
10 0.555672 0.678712 0.119223 0.129632
10 0.680147 0.678712 0.119223 0.129632
1 0.873129 0.825127 0.167427 0.100508
1 0.365706 0.682234 0.209879 0.059898
1 0.553436 0.817655 0.097943 0.113706
1 0.554843 0.483455 0.100758 0.090355
1 0.679478 0.483455 0.101078 0.090355
1 0.675904 0.805980 0.093931 0.090355
1 0.316702 0.054822 0.124475 0.069036
17 0.288603 0.138579 0.078782 0.033503
10 0.273372 0.909010 0.025210 0.048731
17 0.737920 0.137563 0.020483 0.035533
18 0.729254 0.054822 0.016807 0.032487
1 0.446166 0.133503 0.078782 0.023350
1 0.603729 0.133503 0.078782 0.023350
1 0.840074 0.133503 0.078782 0.023350
1 0.761292 0.133503 0.078782 0.023350
1 0.918855 0.133503 0.078782 0.023350
