10 0.259684 0.652110 0.271468 0.295082
10 0.788537 0.599484 0.175026 0.189832
1 0.547958 0.792893 0.271468 0.113706
10 0.615825 0.582234 0.135734 0.147208
10 0.615825 0.791371 0.135734 0.147208
1 0.259684 0.870717 0.271468 0.081218
1 0.547958 0.555330 0.271468 0.056853
1 0.788537 0.761405 0.175026 0.073096
10 0.165966 0.376650 0.084034 0.081218
0 0.855169 0.376650 0.041762 0.032487
0 0.974790 0.878997 0.016807 0.032487
1 0.756303 0.925286 0.071642 0.040609
1 0.745347 0.376650 0.076254 0.024365
1 0.667723 0.376650 0.052734 0.032487
1 0.440565 0.458883 0.073373 0.020305
1 0.710248 0.458883 0.071347 0.020305
1 0.836356 0.458883 0.062894 0.020305
1 0.149414 0.458883 0.050929 0.020305
1 0.278525 0.458883 0.047367 0.020305
