1 0.097820 0.500000 0.195641 1.000000
1 0.894301 0.500000 0.195641 1.000000
1 0.472426 0.660589 0.278361 0.419654
10 0.472426 0.711818 0.261555 0.284549
1 0.472426 0.943837 0.277311 0.112326
10 0.706145 0.925381 0.147059 0.149239
1 0.469345 0.496954 0.255392 0.057868
1 0.436786 0.926253 0.189223 0.044670
10 0.572216 0.948081 0.060924 0.088325
1 0.260274 0.548731 0.095654 0.072081
10 0.496061 0.313706 0.140756 0.029695
1 0.260956 0.817766 0.097016 0.053807
1 0.259618 0.950761 0.094341 0.053807
1 0.702698 0.821827 0.140165 0.035533
17 0.677287 0.313706 0.057716 0.032487
17 0.274554 0.368528 0.035189 0.040609
0 0.973739 0.913706 0.026261 0.050761
1 0.258104 0.675635 0.091313 0.035533
1 0.488966 0.406091 0.080776 0.040609
19 0.775998 0.313706 0.017857 0.032487
0 0.215074 0.313706 0.015756 0.034518
18 0.234506 0.313706 0.012605 0.024365
10 0.661034 0.313706 0.008403 0.016244
10 0.775998 0.313706 0.008403 0.016244
