10 0.417542 0.890102 0.322479 0.219797
1 0.500000 0.632487 0.482143 0.101523
18 0.423430 0.088832 0.366818 0.045685
0 0.500000 0.737817 0.356092 0.041022
10 0.630777 0.848390 0.068277 0.136374
1 0.499475 0.074112 0.177521 0.060914
1 0.371529 0.180203 0.166147 0.053807
1 0.709760 0.844162 0.077083 0.097462
0 0.376145 0.737817 0.108382 0.041022
20 0.625525 0.737817 0.105042 0.041022
10 0.630777 0.973350 0.068277 0.053299
18 0.639579 0.089340 0.061802 0.044670
0 0.656907 0.017766 0.072216 0.035533
18 0.721766 0.086294 0.076426 0.024365
0 0.489225 0.735073 0.079028 0.018274
0 0.730387 0.074112 0.049731 0.028426
0 0.330882 0.161469 0.017857 0.040609
19 0.725840 0.017766 0.022584 0.035533
18 0.703782 0.017766 0.021534 0.035533
1 0.707827 0.980964 0.073218 0.038071
1 0.398241 0.199032 0.152574 0.018274
17 0.250501 0.074104 0.011505 0.025143
1 0.335404 0.132487 0.068015 0.039594
1 0.276556 0.132487 0.049682 0.039594
1 0.569754 0.132487 0.048319 0.039594
1 0.522124 0.132487 0.046941 0.039594
1 0.616863 0.132487 0.045898 0.039594
1 0.475701 0.132487 0.045907 0.039594
