10 0.396620 0.655774 0.396706 0.269924
1 0.396620 0.894083 0.371496 0.157963
0 0.641080 0.454822 0.029289 0.036548
17 0.203519 0.311675 0.019958 0.038579
18 0.669380 0.454822 0.018908 0.036548
1 0.252889 0.311675 0.070378 0.023921
1 0.783088 0.457868 0.022584 0.050761
1 0.762605 0.457868 0.022584 0.050761
1 0.701155 0.457868 0.022584 0.050761
1 0.721639 0.457868 0.022584 0.050761
1 0.742122 0.457868 0.022584 0.050761
1 0.373966 0.311168 0.047482 0.019289
1 0.430631 0.311168 0.036436 0.019289
1 0.320464 0.311168 0.030109 0.019289
1 0.474174 0.311168 0.021238 0.019289
1 0.509474 0.454315 0.019950 0.019289
