1 0.417542 0.670305 0.462710 0.659391
0 0.496061 0.864673 0.992122 0.270654
10 0.417542 0.592164 0.462710 0.503109
1 0.731618 0.518869 0.148634 0.356520
1 0.731618 0.856266 0.148634 0.277665
1 0.417542 0.935930 0.462710 0.086961
10 0.731618 0.421415 0.148634 0.161612
10 0.731618 0.798239 0.148634 0.161612
0 0.886304 0.864673 0.132279 0.176475
1 0.731618 0.943163 0.148634 0.103871
1 0.731618 0.553482 0.148634 0.078157
1 0.255851 0.268782 0.139328 0.074619
1 0.729394 0.662103 0.127380 0.068020
0 0.881943 0.921637 0.095227 0.042243
0 0.882886 0.866196 0.097115 0.042243
0 0.880556 0.810755 0.092453 0.042243
0 0.481490 0.858510 0.103967 0.019813
20 0.980305 0.129949 0.023634 0.060914
0 0.773577 0.157868 0.064716 0.020305
10 0.292041 0.030687 0.030462 0.032947
10 0.048319 0.032487 0.016807 0.032487
10 0.067227 0.032487 0.016807 0.032487
10 0.950105 0.030457 0.014706 0.028426
10 0.975315 0.030457 0.014706 0.028426
10 0.979517 0.975635 0.014706 0.028426
1 0.502343 0.125888 0.094809 0.028426
10 0.679425 0.083249 0.010504 0.020305
1 0.802299 0.125888 0.095244 0.028426
1 0.288566 0.083249 0.087882 0.028426
1 0.646874 0.083249 0.086110 0.028426
