10 0.410538 0.846701 0.341034 0.306599
1 0.671883 0.855330 0.148044 0.289340
1 0.487083 0.447724 0.247275 0.040403
10 0.500000 0.084708 0.273109 0.025381
0 0.426471 0.257995 0.126050 0.050761
0 0.573529 0.257995 0.126050 0.050761
1 0.329307 0.606091 0.138655 0.060914
1 0.492122 0.606091 0.138655 0.060914
1 0.654937 0.606091 0.138655 0.060914
1 0.166492 0.606091 0.138655 0.060914
1 0.817752 0.606091 0.138655 0.060914
1 0.497271 0.415228 0.322044 0.016244
1 0.955620 0.606091 0.088761 0.060914
1 0.479541 0.455838 0.279067 0.016244
10 0.765231 0.606091 0.031513 0.060914
10 0.276786 0.606091 0.031513 0.060914
10 0.113971 0.606091 0.031513 0.060914
10 0.928046 0.606091 0.031513 0.060914
10 0.439601 0.606091 0.031513 0.060914
10 0.602416 0.606091 0.031513 0.060914
1 0.036502 0.606091 0.073004 0.060914
17 0.249212 0.028934 0.028887 0.055838
0 0.426466 0.257995 0.066332 0.017862
17 0.711598 0.030964 0.046342 0.015228
0 0.711598 0.030964 0.046342 0.015228
5 0.711598 0.030964 0.046342 0.015228
19 0.748687 0.028934 0.017332 0.033503
19 0.741153 0.056345 0.032399 0.015228
0 0.748424 0.606091 0.013655 0.026396
0 0.251576 0.606091 0.013655 0.026396
19 0.747813 0.056345 0.019080 0.015228
1 0.497575 0.028934 0.092347 0.029061
19 0.748687 0.028934 0.008929 0.019289
