10 0.496061 0.228426 0.667017 0.172589
10 0.496061 0.575127 0.109769 0.279188
10 0.747111 0.575127 0.109769 0.279188
10 0.621586 0.575127 0.109769 0.279188
10 0.370536 0.575127 0.109769 0.279188
10 0.245011 0.575127 0.109769 0.279188
0 0.245011 0.808122 0.109769 0.040609
0 0.370536 0.808122 0.109769 0.040609
0 0.496061 0.808122 0.109769 0.040609
0 0.621586 0.814213 0.109769 0.040609
0 0.747111 0.814213 0.109769 0.040609
10 0.496061 0.053807 0.118697 0.036548
10 0.621586 0.982741 0.109769 0.034518
10 0.747111 0.982741 0.109769 0.034518
10 0.496061 0.982741 0.109769 0.034518
10 0.245011 0.982741 0.109769 0.034518
10 0.370536 0.982741 0.109769 0.034518
10 0.584034 0.738071 0.016807 0.038579
10 0.709559 0.738071 0.016807 0.038579
10 0.204372 0.734010 0.013655 0.030457
10 0.335560 0.734010 0.013655 0.030457
10 0.461085 0.734010 0.013655 0.030457
1 0.245011 0.709137 0.109769 0.017259
1 0.370536 0.709137 0.109769 0.017259
1 0.496061 0.709137 0.109769 0.017259
1 0.621586 0.709137 0.109769 0.017259
1 0.747111 0.709137 0.109769 0.017259
1 0.683036 0.878173 0.054622 0.031472
1 0.584821 0.888325 0.064486 0.014213
