1 0.575893 0.367203 0.554622 0.379077
10 0.464967 0.358574 0.332770 0.361818
1 0.437237 0.664102 0.277311 0.117259
1 0.714548 0.664102 0.277311 0.117259
1 0.437237 0.846336 0.277311 0.117259
1 0.714548 0.846336 0.277311 0.117259
10 0.539760 0.836437 0.089392 0.097462
10 0.539760 0.654204 0.089392 0.097462
10 0.817071 0.654204 0.089392 0.097462
10 0.817071 0.836437 0.089392 0.097462
1 0.209021 0.548223 0.140206 0.068020
0 0.210347 0.241117 0.142857 0.048731
1 0.209608 0.970305 0.141380 0.059391
1 0.437237 0.984970 0.277311 0.030060
1 0.714548 0.984970 0.277311 0.030060
0 0.239233 0.942330 0.091912 0.042243
1 0.207901 0.322843 0.137966 0.043655
1 0.208233 0.855838 0.138631 0.043655
0 0.625767 0.034518 0.110828 0.030457
1 0.204791 0.749239 0.131746 0.043655
10 0.539760 0.984970 0.100840 0.030060
0 0.326155 0.942330 0.068277 0.042243
10 0.817071 0.984970 0.050420 0.030060
10 0.172532 0.032487 0.025210 0.048731
18 0.844800 0.032487 0.016807 0.032487
17 0.144170 0.032487 0.010504 0.020305
10 0.579282 0.034518 0.009454 0.018274
5 0.138655 0.021827 0.000525 0.001015
