10 0.473739 0.786120 0.288866 0.372240
1 0.221639 0.649492 0.183824 0.098985
0 0.500000 0.663880 0.351891 0.040609
19 0.409401 0.663880 0.170693 0.040609
20 0.590599 0.663880 0.170693 0.040609
1 0.217716 0.894258 0.175978 0.051142
1 0.769433 0.781409 0.195378 0.045685
1 0.486870 0.973604 0.312319 0.026396
1 0.769433 0.718972 0.195378 0.030457
1 0.769433 0.843845 0.195378 0.030457
1 0.769433 0.953490 0.195378 0.030457
1 0.769433 0.898668 0.195378 0.030457
1 0.219587 0.837944 0.179720 0.032678
1 0.216395 0.950571 0.173336 0.032678
1 0.493172 0.056853 0.104517 0.056853
10 0.500000 0.336033 0.075105 0.040466
19 0.820235 0.054822 0.052020 0.040609
0 0.343705 0.618195 0.039300 0.040609
1 0.800945 0.197970 0.108193 0.036136
4 0.680758 0.669226 0.076853 0.012183
10 0.299370 0.197970 0.022059 0.042640
10 0.586134 0.197970 0.022059 0.042640
10 0.155987 0.197970 0.022059 0.042640
10 0.442752 0.197970 0.022059 0.042640
10 0.729517 0.197970 0.022059 0.042640
19 0.760570 0.054822 0.042099 0.014213
0 0.433163 0.445606 0.046719 0.012183
5 0.739931 0.669226 0.021534 0.014213
4 0.172031 0.052792 0.011029 0.018274
