10 0.380162 0.778169 0.429967 0.443663
10 0.719448 0.712183 0.214991 0.311675
1 0.314535 0.324873 0.298713 0.050761
1 0.709448 0.905687 0.194992 0.048937
0 0.282756 0.479188 0.069746 0.034518
1 0.692005 0.406091 0.083246 0.060914
10 0.800683 0.992084 0.052521 0.015831
17 0.816439 0.324873 0.021008 0.040609
18 0.819590 0.406091 0.014706 0.044670
19 0.987132 0.500000 0.000525 1.000000
1 0.504776 0.406091 0.047138 0.060914
1 0.684238 0.992084 0.144572 0.015831
17 0.816439 0.324873 0.010504 0.020305
1 0.627519 0.406091 0.045726 0.060914
18 0.822586 0.406091 0.008092 0.016910
1 0.582261 0.406091 0.044791 0.060914
1 0.755695 0.406091 0.044134 0.060914
1 0.669073 0.519186 0.070058 0.029235
1 0.608251 0.519186 0.069968 0.029235
1 0.795000 0.406091 0.034475 0.060914
1 0.103446 0.519186 0.070058 0.029235
