10 0.496061 0.628680 0.323529 0.351777
1 0.247111 0.645558 0.157563 0.385533
1 0.496061 0.865482 0.323529 0.097462
10 0.247111 0.538452 0.157563 0.171320
1 0.745011 0.914213 0.157563 0.171574
1 0.745011 0.538071 0.157563 0.170558
1 0.745011 0.725888 0.157563 0.170558
10 0.247111 0.927284 0.157563 0.145431
0 0.907916 0.344162 0.047482 0.034518
0 0.962940 0.344162 0.041557 0.034518
17 0.021534 0.344162 0.026261 0.030457
1 0.496061 0.344162 0.073529 0.040609
1 0.444451 0.407107 0.048254 0.042640
1 0.401072 0.407107 0.038504 0.042640
1 0.517299 0.407107 0.034106 0.042640
1 0.484412 0.407107 0.031669 0.042640
1 0.572458 0.407107 0.029568 0.042640
1 0.312254 0.407107 0.029149 0.042640
