10 0.590332 0.172502 0.323538 0.345003
1 0.500000 0.914776 0.504202 0.170447
10 0.632353 0.564134 0.239496 0.308312
10 0.676471 0.914776 0.151261 0.170447
1 0.367647 0.458812 0.239496 0.097668
1 0.331929 0.114562 0.168059 0.132931
1 0.367647 0.564816 0.239496 0.089975
1 0.477683 0.794226 0.459567 0.021923
1 0.331929 0.017957 0.168059 0.035914
0 0.253151 0.024365 0.012605 0.048731
0 0.409656 0.332820 0.012605 0.024365
0 0.481092 0.706107 0.012605 0.024365
1 0.720662 0.024365 0.060777 0.044670
1 0.656385 0.024365 0.042567 0.042259
1 0.302127 0.024365 0.064338 0.016345
1 0.736086 0.794147 0.032030 0.020305
