10 0.404674 0.940688 0.452731 0.118623
18 0.486607 0.085279 0.632353 0.048731
1 0.537848 0.090355 0.507944 0.062944
10 0.735294 0.940688 0.157038 0.118623
10 0.496057 0.247874 0.237124 0.077157
1 0.337185 0.787976 0.317752 0.052792
10 0.220326 0.119876 0.110294 0.119956
1 0.337185 0.737214 0.317752 0.048731
0 0.635049 0.496923 0.116982 0.048731
10 0.352941 0.216212 0.108718 0.041624
0 0.334641 0.496923 0.072118 0.048731
0 0.369358 0.392354 0.141552 0.022335
0 0.369358 0.391846 0.141552 0.017259
0 0.395167 0.721510 0.115013 0.018464
0 0.395167 0.720907 0.115013 0.015228
17 0.186848 0.025381 0.043338 0.034518
10 0.675158 0.216212 0.036765 0.025761
0 0.281878 0.025381 0.046588 0.020305
18 0.817489 0.085279 0.018908 0.036548
0 0.481749 0.647652 0.030364 0.018464
18 0.233550 0.025381 0.033261 0.016244
0 0.481749 0.647049 0.030364 0.015228
19 0.812237 0.025381 0.012605 0.024365
10 0.241433 0.730615 0.010504 0.020305
10 0.430820 0.730615 0.010504 0.020305
10 0.241433 0.783407 0.010504 0.020305
10 0.430820 0.783407 0.010504 0.020305
10 0.559611 0.730615 0.010504 0.020305
10 0.750263 0.730615 0.010504 0.020305
10 0.559611 0.783407 0.010504 0.020305
10 0.750263 0.783407 0.010504 0.020305
0 0.795431 0.085279 0.009454 0.018274
1 0.533203 0.574080 0.044594 0.026396
1 0.408737 0.347176 0.050289 0.017259
1 0.402130 0.362088 0.050617 0.017259
1 0.662622 0.362088 0.046883 0.017259
1 0.560383 0.362088 0.037930 0.017259
1 0.564022 0.610121 0.041369 0.015228
1 0.331133 0.757836 0.040860 0.015228
1 0.609264 0.362088 0.034623 0.017259
1 0.515087 0.362088 0.027450 0.017259
