10 0.496061 0.461009 0.327731 0.422335
10 0.237658 0.349841 0.155462 0.200000
10 0.237658 0.685882 0.155462 0.200000
1 0.496061 0.115276 0.091912 0.187912
1 0.496057 0.744258 0.292731 0.038579
1 0.232943 0.855933 0.146033 0.056853
10 0.811187 0.290451 0.042017 0.081218
10 0.811187 0.460390 0.042017 0.081218
20 0.811187 0.704045 0.042017 0.081218
10 0.811187 0.582218 0.042017 0.081218
1 0.720063 0.289435 0.086660 0.071066
1 0.811187 0.314507 0.042017 0.129331
19 0.804273 0.061469 0.055845 0.039689
1 0.720761 0.446177 0.088055 0.044670
1 0.718286 0.568004 0.083106 0.044670
1 0.227260 0.503648 0.134667 0.024365
1 0.811187 0.704045 0.042017 0.081218
19 0.747144 0.061469 0.024800 0.016339
18 0.193540 0.063959 0.012605 0.024365
17 0.167279 0.063959 0.014706 0.023350
19 0.705587 0.061469 0.024701 0.016339
1 0.715652 0.676634 0.077838 0.018274
1 0.196983 0.538166 0.074112 0.016244
1 0.709428 0.612674 0.065389 0.016244
