20 0.411239 0.669099 0.494748 0.290482
10 0.525034 0.669099 0.267160 0.290482
0 0.500000 0.755330 0.315126 0.113706
18 0.242122 0.932043 0.156513 0.135914
10 0.580357 0.932043 0.156513 0.135914
10 0.411239 0.932043 0.156513 0.135914
0 0.500000 0.236548 0.315126 0.048731
10 0.376297 0.570558 0.088235 0.158376
10 0.472935 0.570558 0.088235 0.158376
20 0.500000 0.735025 0.289916 0.040609
0 0.497374 0.775635 0.284664 0.040609
10 0.434743 0.212199 0.099002 0.107646
10 0.550551 0.212199 0.099002 0.107646
10 0.666360 0.212199 0.099002 0.107646
10 0.782169 0.212199 0.099002 0.107646
1 0.601103 0.191672 0.193277 0.066593
1 0.601103 0.274508 0.193277 0.066593
1 0.698792 0.191672 0.193277 0.066593
1 0.503414 0.191672 0.193277 0.066593
1 0.503414 0.274508 0.193277 0.066593
18 0.434743 0.325920 0.099002 0.054822
1 0.751050 0.614816 0.141807 0.054822
10 0.533876 0.190355 0.058824 0.063959
10 0.533876 0.273192 0.058824 0.063959
10 0.631565 0.190355 0.058824 0.063959
10 0.436187 0.190355 0.058824 0.063959
10 0.436187 0.273192 0.058824 0.063959
18 0.530987 0.024365 0.108193 0.032487
1 0.550551 0.325920 0.099002 0.054822
1 0.666360 0.325920 0.099002 0.054822
1 0.782169 0.325920 0.099002 0.054822
1 0.751050 0.974207 0.141807 0.036548
1 0.751050 0.764055 0.141807 0.036548
1 0.751050 0.834105 0.141807 0.036548
10 0.199580 0.085279 0.037815 0.073096
0 0.185108 0.024365 0.042485 0.040609
0 0.168067 0.081218 0.025210 0.064975
0 0.767660 0.081218 0.040720 0.032487
10 0.367647 0.236548 0.025210 0.048731
0 0.820481 0.081218 0.031307 0.032487
0 0.477100 0.327411 0.052119 0.015228
18 0.485294 0.024365 0.016807 0.032487
10 0.260750 0.570558 0.016807 0.032487
10 0.285960 0.570558 0.016807 0.032487
10 0.210330 0.570558 0.016807 0.032487
10 0.311171 0.570558 0.016807 0.032487
10 0.235540 0.570558 0.016807 0.032487
0 0.168067 0.075127 0.008403 0.002030
0 0.168067 0.081218 0.008403 0.002030
0 0.168067 0.087310 0.008403 0.002030
