10 0.761395 0.327300 0.305877 0.443433
10 0.290806 0.327300 0.305877 0.443433
1 0.526786 0.714816 0.163340 0.104188
1 0.526786 0.875857 0.163340 0.104188
1 0.711134 0.875857 0.163340 0.104188
18 0.467773 0.040609 0.257878 0.048731
10 0.581506 0.875857 0.053900 0.104188
10 0.765855 0.875857 0.053900 0.104188
10 0.581506 0.714816 0.053900 0.104188
17 0.762129 0.040609 0.062533 0.040609
0 0.698714 0.040609 0.060096 0.040609
0 0.487871 0.512468 0.067227 0.032487
0 0.148372 0.327300 0.021008 0.081218
19 0.828027 0.040609 0.050355 0.032487
0 0.597952 0.327300 0.021008 0.081218
18 0.612731 0.040609 0.032038 0.048731
10 0.765855 0.992402 0.053900 0.015197
10 0.581506 0.992402 0.053900 0.015197
0 0.128365 0.042640 0.018809 0.034518
0 0.462661 0.512468 0.016807 0.032487
0 0.513081 0.512468 0.016807 0.032487
1 0.526786 0.992402 0.163340 0.015197
1 0.711134 0.992402 0.163340 0.015197
0 0.701566 0.040609 0.017627 0.014213
10 0.633666 0.833915 0.008403 0.016244
0 0.684648 0.040609 0.016208 0.014213
10 0.449317 0.993417 0.008403 0.013166
10 0.449317 0.833915 0.008403 0.016244
10 0.633666 0.993417 0.008403 0.013166
10 0.449317 0.672874 0.008403 0.016244
1 0.488610 0.620082 0.086988 0.028426
1 0.167444 0.040609 0.059349 0.036548
