18 0.471901 0.121827 0.252101 0.058883
10 0.768120 0.180711 0.128151 0.109645
1 0.721901 0.341117 0.199580 0.056853
18 0.665179 0.121827 0.032563 0.058883
10 0.331145 0.121827 0.030462 0.058883
0 0.616334 0.182741 0.033613 0.044670
0 0.557248 0.809137 0.025735 0.056853
0 0.582983 0.809137 0.025735 0.056853
17 0.166229 0.068020 0.025210 0.048731
0 0.797532 0.068020 0.025210 0.048731
0 0.203392 0.490355 0.044914 0.026396
0 0.627889 0.121827 0.015756 0.058883
0 0.941702 0.955330 0.021008 0.040609
0 0.969013 0.955330 0.021008 0.040609
10 0.588235 0.182741 0.021008 0.040609
0 0.643120 0.121827 0.011555 0.058883
0 0.327468 0.809137 0.018908 0.036548
0 0.428309 0.809137 0.018908 0.036548
20 0.823792 0.019289 0.016807 0.038579
1 0.656775 0.194924 0.043592 0.069036
0 0.795357 0.997462 0.054770 0.005076
18 0.660714 0.122335 0.013130 0.025381
1 0.588235 0.194924 0.033613 0.069036
1 0.391544 0.194924 0.033613 0.069036
1 0.419643 0.194924 0.033613 0.069036
1 0.503939 0.194924 0.033613 0.069036
1 0.335347 0.194924 0.033613 0.069036
1 0.363445 0.194924 0.033613 0.069036
1 0.447742 0.194924 0.033613 0.069036
1 0.475840 0.194924 0.033613 0.069036
1 0.532038 0.194924 0.033613 0.069036
1 0.560137 0.194924 0.033613 0.069036
