0 0.496061 0.320812 0.512080 0.042640
1 0.245536 0.579695 0.097689 0.142132
1 0.347426 0.579695 0.097689 0.142132
1 0.449317 0.579695 0.097689 0.142132
1 0.551208 0.579695 0.097689 0.142132
1 0.754989 0.579695 0.097689 0.142132
1 0.856880 0.579695 0.097689 0.142132
1 0.653099 0.579695 0.097689 0.142132
1 0.143645 0.579695 0.097689 0.142132
1 0.954963 0.579695 0.090074 0.142132
18 0.486607 0.225381 0.442752 0.022335
10 0.653099 0.602030 0.097689 0.089340
10 0.856880 0.602030 0.097689 0.089340
10 0.551208 0.602030 0.097689 0.089340
10 0.449317 0.602030 0.097689 0.089340
10 0.143645 0.602030 0.097689 0.089340
10 0.245536 0.602030 0.097689 0.089340
10 0.754989 0.602030 0.097689 0.089340
10 0.347426 0.602030 0.097689 0.089340
10 0.954963 0.602030 0.090074 0.089340
0 0.877109 0.034010 0.060875 0.044670
0 0.821950 0.034010 0.049444 0.039594
0 0.933028 0.034010 0.038357 0.039594
17 0.148540 0.034010 0.034475 0.039594
0 0.105305 0.480203 0.021008 0.040609
17 0.279079 0.034010 0.029059 0.039594
0 0.873162 0.480203 0.021008 0.040609
0 0.068039 0.587817 0.021008 0.040609
0 0.896271 0.480203 0.021008 0.040609
0 0.934587 0.587817 0.021008 0.040609
17 0.195518 0.034010 0.021665 0.039594
17 0.235450 0.034010 0.020385 0.039594
1 0.277812 0.320812 0.075581 0.042640
1 0.819984 0.480203 0.081145 0.040609
0 0.974265 0.979695 0.023109 0.032487
1 0.363211 0.320812 0.074211 0.042640
17 0.320776 0.034010 0.016519 0.039594
17 0.356199 0.034010 0.016511 0.039594
0 0.965861 0.034010 0.010504 0.039594
10 0.737658 0.223350 0.016807 0.032487
18 0.737395 0.226396 0.012605 0.024365
18 0.254727 0.226396 0.012605 0.024365
17 0.388024 0.029949 0.009322 0.039594
18 0.718487 0.226396 0.008929 0.024365
0 0.735294 0.226396 0.012605 0.024365
10 0.737395 0.226396 0.012605 0.024365
0 0.388024 0.031916 0.009322 0.019797
10 0.135504 0.035025 0.008403 0.016244
