10 0.457868 0.551110 0.089286 0.229759
10 0.631130 0.599159 0.088235 0.133661
0 0.582860 0.763959 0.170956 0.065990
0 0.404280 0.763959 0.160993 0.065990
0 0.651728 0.061318 0.076746 0.039800
10 0.059349 0.060914 0.076681 0.040609
10 0.631130 0.520543 0.088235 0.030996
0 0.537832 0.061318 0.059349 0.039800
0 0.480600 0.061318 0.055114 0.039800
0 0.426758 0.061318 0.052570 0.039800
10 0.498547 0.614911 0.030249 0.065609
0 0.590431 0.061318 0.045849 0.039800
10 0.055040 0.060914 0.076467 0.024365
0 0.950154 0.061326 0.041918 0.039784
1 0.059636 0.020305 0.106667 0.040609
10 0.707983 0.992386 0.074055 0.015228
10 0.595268 0.093290 0.010504 0.020305
10 0.714327 0.950746 0.010504 0.020305
10 0.193753 0.915244 0.010504 0.020305
10 0.431575 0.191878 0.007353 0.014213
10 0.932593 0.238071 0.007353 0.014213
10 0.168658 0.191878 0.007353 0.014213
10 0.498547 0.664467 0.030249 0.003046
10 0.431575 0.419797 0.004202 0.008122
10 0.890814 0.281218 0.004202 0.008122
10 0.446453 0.243242 0.003151 0.006091
10 0.173623 0.086183 0.003151 0.006091
10 0.104172 0.141624 0.003151 0.006091
10 0.486139 0.095431 0.003151 0.006091
10 0.595268 0.150857 0.003151 0.006091
10 0.679597 0.076951 0.003151 0.006091
10 0.124015 0.113896 0.003151 0.006091
10 0.322438 0.095431 0.003151 0.006091
10 0.927628 0.095431 0.003151 0.006091
10 0.501018 0.863753 0.003151 0.006091
10 0.282752 0.899270 0.003151 0.006091
10 0.084329 0.899270 0.003151 0.006091
10 0.679597 0.846003 0.003151 0.006091
10 0.887942 0.149841 0.002101 0.004061
10 0.467347 0.159074 0.002101 0.004061
10 0.873063 0.094416 0.002101 0.004061
1 0.283704 0.061318 0.057363 0.039800
1 0.375070 0.061318 0.050806 0.039800
1 0.713600 0.061318 0.046998 0.039800
1 0.331026 0.061318 0.037282 0.039800
