10 0.324842 0.572383 0.582458 0.609137
19 0.821429 0.649746 0.286765 0.044670
0 0.821429 0.592893 0.286765 0.044670
0 0.821429 0.438579 0.286765 0.044670
2 0.821429 0.288325 0.271008 0.038579
2 0.821429 0.361421 0.271008 0.038579
1 0.821429 0.495431 0.286765 0.044670
4 0.821429 0.359898 0.268908 0.019289
4 0.742820 0.273198 0.111690 0.014958
3 0.451114 0.980711 0.028164 0.012183
1 0.635701 0.944670 0.090418 0.011168
1 0.501830 0.944670 0.039456 0.011168
1 0.707844 0.944670 0.037060 0.011168
1 0.460511 0.944670 0.026375 0.011168
1 0.571113 0.944670 0.021952 0.011168
1 0.540847 0.944670 0.021772 0.011168
1 0.404514 0.944670 0.019441 0.011168
1 0.297039 0.944670 0.017168 0.011168
1 0.430779 0.944670 0.016282 0.011168
1 0.272900 0.944670 0.014304 0.011168
1 0.362210 0.944670 0.013007 0.011168
