10 0.389808 0.456853 0.519753 0.913706
19 0.821429 0.621320 0.286765 0.044670
0 0.821429 0.467005 0.286765 0.044670
2 0.821429 0.316751 0.271008 0.038579
2 0.821429 0.389848 0.271008 0.038579
1 0.821429 0.523858 0.286765 0.044670
4 0.821429 0.388325 0.268908 0.019289
4 0.739253 0.301624 0.104557 0.014958
1 0.519191 0.957360 0.062065 0.020305
1 0.554285 0.991363 0.048697 0.017275
1 0.343725 0.991363 0.047696 0.017275
1 0.716481 0.991363 0.046456 0.017275
1 0.503352 0.991363 0.040564 0.017275
1 0.457712 0.991363 0.038111 0.017275
1 0.294594 0.991363 0.037963 0.017275
1 0.635828 0.991363 0.034754 0.017275
1 0.416356 0.991363 0.031997 0.017275
1 0.458755 0.957360 0.025194 0.020305
1 0.673229 0.991363 0.027442 0.017275
