9 0.496054 0.767378 0.156266 0.403252
9 0.162511 0.767124 0.156266 0.402744
9 0.662826 0.767124 0.156266 0.402744
9 0.829597 0.767124 0.156266 0.402744
9 0.329283 0.767378 0.156266 0.403252
1 0.496054 0.767378 0.156266 0.403252
1 0.329283 0.767378 0.156266 0.403252
1 0.162511 0.767124 0.156266 0.402744
1 0.662826 0.767124 0.156266 0.402744
1 0.829597 0.767124 0.156266 0.402744
1 0.496061 0.104457 0.971113 0.050761
10 0.822479 0.256853 0.170693 0.274112
19 0.959119 0.767124 0.081763 0.402744
1 0.959119 0.767124 0.081763 0.402744
9 0.036937 0.767124 0.073873 0.402744
1 0.036937 0.767124 0.073873 0.402744
0 0.139443 0.177046 0.152311 0.054410
0 0.139443 0.122636 0.152311 0.054410
0 0.139443 0.285866 0.152311 0.054410
0 0.139443 0.231456 0.152311 0.054410
1 0.139443 0.344337 0.152311 0.062532
0 0.456202 0.449001 0.084575 0.046701
0 0.541496 0.449001 0.073406 0.046701
0 0.804220 0.039594 0.070838 0.046701
0 0.875570 0.039594 0.066611 0.046701
1 0.304716 0.224365 0.113109 0.040609
1 0.428329 0.224365 0.113109 0.040609
1 0.304716 0.273096 0.113109 0.040609
0 0.966912 0.951269 0.029412 0.056853
10 0.084821 0.039594 0.059874 0.026459
0 0.023044 0.964467 0.026261 0.050761
0 0.663755 0.039594 0.036592 0.036643
0 0.926208 0.039594 0.022059 0.042640
18 0.628652 0.039594 0.021008 0.040609
20 0.927923 0.104442 0.008124 0.016244
