1 0.496324 0.384264 0.493697 0.358376
1 0.496324 0.831980 0.160714 0.336041
1 0.329832 0.831980 0.160714 0.336041
10 0.662815 0.819289 0.160714 0.310660
10 0.329832 0.819289 0.160714 0.310660
10 0.329832 0.795939 0.160714 0.263959
10 0.496324 0.795939 0.160714 0.263959
1 0.662815 0.758637 0.160714 0.189356
1 0.329832 0.758637 0.160714 0.189356
1 0.496324 0.758637 0.160714 0.189356
10 0.662815 0.736556 0.160714 0.145194
10 0.329832 0.934272 0.160714 0.131456
10 0.662815 0.934272 0.160714 0.131456
1 0.496324 0.934272 0.160714 0.131456
2 0.678046 0.128934 0.234244 0.034518
1 0.654892 0.179188 0.305763 0.031472
17 0.350332 0.036802 0.059677 0.073604
10 0.227416 0.052792 0.092437 0.044670
0 0.260455 0.128934 0.079816 0.046701
0 0.452263 0.128934 0.072184 0.046701
17 0.439404 0.034518 0.045529 0.069036
0 0.385525 0.128934 0.061294 0.046701
10 0.496324 0.876666 0.160714 0.016244
10 0.496324 0.672081 0.160714 0.016244
10 0.662815 0.876666 0.160714 0.016244
10 0.329832 0.672081 0.160714 0.016244
10 0.329832 0.876666 0.160714 0.016244
10 0.662815 0.672081 0.160714 0.016244
0 0.327620 0.128934 0.054515 0.046701
17 0.303366 0.036802 0.034254 0.073604
17 0.398405 0.034518 0.036469 0.069036
0 0.198772 0.128934 0.043551 0.046701
0 0.710946 0.642640 0.064453 0.024365
0 0.709998 0.018274 0.057748 0.024365
1 0.536547 0.830980 0.080267 0.044670
1 0.373338 0.830980 0.073702 0.044670
1 0.706358 0.830980 0.073628 0.044670
0 0.804097 0.128934 0.017857 0.034518
10 0.416229 0.674619 0.000525 0.001015
10 0.249737 0.674619 0.000525 0.001015
1 0.227416 0.069543 0.092437 0.017259
