10 0.496061 0.186802 0.126050 0.121827
18 0.495536 0.061929 0.234244 0.054822
0 0.444590 0.384772 0.115530 0.058883
18 0.787027 0.032487 0.157563 0.040609
0 0.555927 0.384772 0.098739 0.058883
1 0.277229 0.032487 0.075351 0.064975
1 0.779674 0.816751 0.163866 0.025381
0 0.718065 0.742640 0.040646 0.041624
10 0.147321 0.032487 0.042017 0.040609
1 0.779674 0.587310 0.163866 0.025381
1 0.346983 0.032487 0.064158 0.064975
1 0.210244 0.032487 0.058618 0.064975
1 0.442264 0.032487 0.057371 0.064975
1 0.193093 0.878997 0.125156 0.028426
10 0.442264 0.032487 0.040564 0.022335
1 0.190992 0.597970 0.120954 0.028426
18 0.627363 0.061929 0.021008 0.040609
1 0.779674 0.990260 0.163866 0.019480
1 0.779030 0.919194 0.137367 0.018274
18 0.372111 0.061929 0.012605 0.024365
1 0.147321 0.032487 0.042017 0.064975
1 0.396320 0.032487 0.034516 0.064975
