10 0.496061 0.500000 0.569886 1.000000
10 0.496057 0.525119 0.379978 0.734496
10 0.496057 0.525119 0.327485 0.633026
10 0.496057 0.184246 0.380070 0.050737
10 0.496057 0.865992 0.380070 0.050737
1 0.496057 0.823899 0.113966 0.057983
0 0.305816 0.050254 0.059669 0.050254
0 0.245134 0.050254 0.052242 0.050254
0 0.136686 0.050254 0.050896 0.050254
0 0.364709 0.050254 0.048664 0.050254
0 0.417792 0.050254 0.048049 0.050254
0 0.190573 0.050254 0.047425 0.050254
0 0.867401 0.050254 0.025998 0.050254
0 0.836676 0.050254 0.025998 0.050254
18 0.927550 0.050254 0.040203 0.023985
1 0.496053 0.267616 0.075525 0.049972
18 0.893924 0.050254 0.017595 0.023096
0 0.052447 0.562817 0.008863 0.017132
19 0.836676 0.050254 0.011817 0.022843
0 0.867401 0.050254 0.011817 0.022843
0 0.052447 0.442322 0.005909 0.027411
0 0.052447 0.477728 0.005909 0.011421
0 0.052447 0.505140 0.005909 0.011421
0 0.052447 0.532551 0.005909 0.011421
18 0.897469 0.048858 0.010504 0.020305
4 0.884864 0.050254 0.000525 0.001015
1 0.063083 0.050254 0.044315 0.050254
