1 0.496061 0.215054 0.992122 0.147145
10 0.496061 0.917632 0.855978 0.164737
10 0.807195 0.914102 0.233710 0.171796
1 0.225734 0.151356 0.214105 0.076380
1 0.225734 0.369202 0.214105 0.076380
0 0.496061 0.722121 0.163193 0.082027
0 0.841555 0.901904 0.234235 0.055552
0 0.852876 0.073564 0.158105 0.079235
17 0.374421 0.073556 0.156242 0.079220
1 0.225734 0.224913 0.214105 0.070733
1 0.225734 0.295646 0.214105 0.070733
1 0.225734 0.442759 0.214105 0.070733
1 0.225734 0.513491 0.214105 0.070733
1 0.225734 0.584224 0.214105 0.070733
1 0.225734 0.654957 0.214105 0.070733
0 0.863577 0.215046 0.140001 0.069940
1 0.374421 0.073556 0.156242 0.079220
17 0.225738 0.073556 0.111862 0.079220
1 0.515699 0.219266 0.155610 0.070733
1 0.515699 0.148533 0.155610 0.070733
17 0.515703 0.073556 0.097057 0.079220
17 0.624504 0.073556 0.091280 0.079220
