1 0.435141 0.143052 0.407571 0.040006
1 0.459255 0.517544 0.356175 0.040006
1 0.459255 0.456821 0.356175 0.040006
1 0.459259 0.388579 0.356183 0.040006
1 0.459255 0.343084 0.356175 0.040006
10 0.718750 0.087373 0.088235 0.067544
10 0.256565 0.857820 0.026261 0.050761
10 0.256565 0.970336 0.026261 0.050761
10 0.256565 0.745305 0.026261 0.050761
1 0.718528 0.447827 0.087792 0.017259
1 0.532858 0.154426 0.082671 0.017259
1 0.597599 0.399952 0.079487 0.017259
1 0.589474 0.014515 0.078486 0.017259
1 0.706625 0.561564 0.063985 0.017259
1 0.347492 0.193417 0.064207 0.017259
1 0.607163 0.354457 0.060358 0.017259
