1 0.724839 0.230155 0.101366 0.268591
1 0.671744 0.218322 0.101366 0.244924
1 0.656972 0.218322 0.101366 0.244924
10 0.670956 0.146621 0.099790 0.101523
10 0.724051 0.146621 0.099790 0.101523
10 0.656184 0.146621 0.099790 0.101523
0 0.544938 0.339927 0.157120 0.057868
1 0.545779 0.223382 0.116950 0.070590
0 0.415400 0.339927 0.093553 0.057868
1 0.420427 0.261929 0.116950 0.067862
1 0.420427 0.466672 0.116950 0.067862
1 0.545779 0.137912 0.116950 0.067862
1 0.545779 0.308852 0.116950 0.067862
1 0.545779 0.392957 0.116950 0.067862
1 0.545779 0.655663 0.116950 0.067862
1 0.295078 0.499159 0.116941 0.067862
18 0.696757 0.040609 0.086922 0.042640
0 0.784894 0.040609 0.068343 0.042640
1 0.473522 0.127649 0.116950 0.047335
10 0.529658 0.210834 0.033613 0.064975
10 0.199580 0.044670 0.053046 0.038579
10 0.543412 0.419210 0.027311 0.031662
0 0.428982 0.041466 0.046645 0.019289
0 0.320083 0.041466 0.043954 0.019289
0 0.265256 0.041466 0.040490 0.019289
10 0.589630 0.419210 0.027311 0.022938
10 0.635849 0.419202 0.027311 0.020796
10 0.502446 0.419210 0.016807 0.031631
10 0.420513 0.419210 0.016807 0.031599
10 0.461479 0.419202 0.027311 0.014864
10 0.495183 0.201285 0.015756 0.026396
18 0.601390 0.042640 0.010504 0.024365
10 0.493607 0.115815 0.012605 0.020305
10 0.360376 0.733915 0.012080 0.016244
10 0.413472 0.529204 0.012080 0.016244
10 0.420184 0.428411 0.012080 0.016244
