9 0.666631 0.492386 0.448776 0.771574
2 0.288882 0.032487 0.201681 0.036548
1 0.224002 0.187817 0.220588 0.032487
9 0.164128 0.337563 0.042017 0.075222
1 0.186536 0.690403 0.086832 0.045685
9 0.108456 0.032479 0.014706 0.026317
9 0.501567 0.974437 0.016807 0.030092
0 0.311712 0.187817 0.012605 0.032487
0 0.324317 0.187817 0.012605 0.032487
0 0.797433 0.032487 0.018908 0.020305
1 0.291430 0.690403 0.078593 0.028426
1 0.138270 0.032487 0.074334 0.028426
1 0.612079 0.032487 0.066103 0.028426
1 0.718635 0.032487 0.056132 0.028426
1 0.501034 0.032487 0.050026 0.028426
1 0.449260 0.032487 0.045119 0.028426
1 0.552537 0.032487 0.044577 0.028426
1 0.870614 0.032487 0.040810 0.030457
1 0.667850 0.032487 0.037036 0.028426
1 0.767340 0.032487 0.032875 0.028426
2 0.271008 0.774112 0.149160 0.021320
2 0.253676 0.458883 0.113445 0.044670
3 0.455095 0.928934 0.027836 0.012183
3 0.563550 0.963452 0.105042 0.032487
5 0.629989 0.690863 0.024685 0.047716
5 0.305410 0.812690 0.006828 0.013198
6 0.090599 0.645178 0.006828 0.013198
7 0.181197 0.816244 0.327731 0.030457
7 0.762080 0.517766 0.423319 0.097462
10 0.612132 0.799492 0.131828 0.254822
12 0.770483 0.468020 0.450630 0.040609
14 0.367384 0.266497 0.027836 0.080203
14 0.550158 0.809645 0.020483 0.039594
