1 0.389012 0.177157 0.019622 0.021320
2 0.914916 0.110152 0.116597 0.027411
2 0.409139 0.089340 0.197479 0.050761
3 0.989496 0.762437 0.006303 0.020305
3 0.285189 0.948731 0.065126 0.031472
3 0.647059 0.316751 0.105042 0.032487
4 0.440651 0.686802 0.195378 0.023350
4 0.285714 0.683756 0.047269 0.035533
4 0.103992 0.636548 0.025210 0.048731
4 0.595851 0.796954 0.094013 0.024365
5 0.054359 0.823858 0.006828 0.013198
5 0.525210 0.298477 0.012605 0.024365
5 0.456145 0.819797 0.006828 0.013198
5 0.814076 0.808122 0.012605 0.024365
6 0.924107 0.578173 0.006828 0.013198
6 0.694853 0.153299 0.010504 0.020305
7 0.366597 0.383756 0.314076 0.113706
7 0.462710 0.505584 0.260504 0.162437
10 0.943803 0.635025 0.024160 0.047716
10 0.366334 0.889848 0.053046 0.049746
12 0.734769 0.843655 0.014706 0.044670
12 0.124475 0.055838 0.038866 0.040609
12 0.107143 0.228426 0.206933 0.044670
13 0.790441 0.805076 0.004202 0.004061
13 0.028887 0.496447 0.022059 0.042640
