9 0.293067 0.322224 0.120798 0.058883
12 0.400452 0.729061 0.130687 0.020305
2 0.081223 0.022335 0.088916 0.024365
1 0.178723 0.274191 0.229295 0.018274
1 0.174312 0.244385 0.220473 0.018274
0 0.176996 0.274881 0.027311 0.029806
7 0.626313 0.941926 0.747374 0.001015
0 0.176996 0.185462 0.027311 0.029806
0 0.176996 0.334494 0.027311 0.029806
0 0.176996 0.364300 0.027311 0.029806
0 0.184349 0.245075 0.012605 0.029806
0 0.018908 0.186802 0.021008 0.040609
0 0.018908 0.276142 0.021008 0.040609
0 0.018908 0.320812 0.021008 0.040609
0 0.018908 0.365482 0.021008 0.040609
0 0.018908 0.410152 0.021008 0.040609
0 0.018908 0.231472 0.021008 0.040609
0 0.184349 0.215268 0.012605 0.029806
0 0.018908 0.142132 0.021008 0.040609
11 0.148561 0.050761 0.032629 0.024365
0 0.184349 0.304688 0.012605 0.029806
1 0.442506 0.897161 0.134667 0.020305
0 0.184349 0.453720 0.012605 0.029806
0 0.184349 0.394107 0.012605 0.029806
0 0.184349 0.423913 0.012605 0.029806
11 0.115907 0.050761 0.024275 0.024365
11 0.148561 0.050761 0.028427 0.020305
11 0.180274 0.050761 0.022395 0.024365
11 0.089265 0.050761 0.020606 0.024365
11 0.205710 0.050761 0.020073 0.024365
11 0.065951 0.050761 0.017619 0.024365
11 0.115907 0.050761 0.020073 0.020305
11 0.044852 0.050761 0.016175 0.024365
11 0.180274 0.050761 0.018194 0.020305
11 0.089265 0.050761 0.016405 0.020305
11 0.205710 0.050761 0.015871 0.020305
11 0.065951 0.050761 0.013417 0.020305
11 0.044852 0.050761 0.011973 0.020305
1 0.128159 0.214578 0.128168 0.018274
1 0.369571 0.527871 0.095334 0.020305
1 0.324346 0.380695 0.090738 0.020305
1 0.383871 0.703077 0.088892 0.020305
1 0.962185 0.032487 0.050420 0.036548
1 0.103454 0.303997 0.078757 0.018274
1 0.103114 0.453030 0.065471 0.018274
1 0.090115 0.184772 0.064683 0.018274
1 0.093783 0.393417 0.059414 0.018274
2 0.497374 0.644162 0.033613 0.033503
2 0.744485 0.479695 0.236870 0.047716
2 0.047006 0.205584 0.088761 0.023350
2 0.679097 0.190355 0.130252 0.019289
3 0.526523 0.082741 0.106618 0.021320
3 0.176996 0.067005 0.006303 0.020305
3 0.398634 0.285787 0.085084 0.059898
3 0.720063 0.942640 0.006303 0.013198
4 0.662815 0.497970 0.044118 0.023350
5 0.829044 0.571066 0.024685 0.047716
5 0.982931 0.523350 0.006828 0.013198
5 0.781513 0.134010 0.016807 0.034518
5 0.236345 0.521827 0.012605 0.024365
5 0.761292 0.930457 0.000525 0.001015
6 0.884454 0.349239 0.010504 0.020305
7 0.410714 0.602538 0.747899 0.001015
7 0.769433 0.300508 0.423319 0.097462
7 0.351891 0.203046 0.423319 0.097462
7 0.193803 0.858883 0.327731 0.030457
7 0.269433 0.154315 0.327731 0.030457
10 0.888655 0.410660 0.071429 0.063959
12 0.474790 0.769036 0.523109 0.023350
12 0.858718 0.770558 0.016807 0.032487
13 0.932248 0.063959 0.008403 0.016244
14 0.598739 0.213198 0.018908 0.036548
14 0.192227 0.050761 0.012605 0.024365
14 0.954307 0.053807 0.008403 0.016244
14 0.289128 0.798477 0.007878 0.015228
14 0.598739 0.512690 0.005252 0.010152
14 0.657300 0.853807 0.009979 0.022335
