1 0.381828 0.228093 0.076155 0.017259
2 0.147059 0.500508 0.163866 0.036548
2 0.765494 0.203553 0.236870 0.047716
2 0.272059 0.080203 0.073529 0.046701
2 0.313025 0.451269 0.057773 0.017259
2 0.477153 0.042640 0.076155 0.036548
3 0.086660 0.100508 0.057773 0.024365
3 0.228729 0.605584 0.183298 0.043655
3 0.293067 0.557868 0.065126 0.031472
4 0.210609 0.489340 0.113445 0.026396
4 0.149685 0.041624 0.113445 0.022335
4 0.152836 0.764467 0.113445 0.026396
5 0.948792 0.781218 0.006828 0.013198
5 0.982143 0.193909 0.012605 0.024365
5 0.218750 0.945685 0.006828 0.013198
6 0.141807 0.600000 0.010504 0.020305
7 0.622899 0.086294 0.327731 0.030457
7 0.467962 0.092893 0.747899 0.001015
7 0.298319 0.045685 0.327731 0.030457
10 0.726628 0.964975 0.044643 0.049746
10 0.289391 0.563452 0.010504 0.020305
10 0.795431 0.413706 0.053046 0.049746
12 0.080357 0.541624 0.136555 0.049746
12 0.824317 0.463959 0.066702 0.036548
12 0.473214 0.796447 0.010504 0.031472
13 0.353204 0.240609 0.007878 0.016244
13 0.883403 0.816244 0.014706 0.028426
13 0.968225 0.766497 0.019433 0.014213
14 0.855830 0.323858 0.089811 0.111675
