9 0.510939 0.740712 0.545660 0.518576
9 0.916689 0.533249 0.166623 0.333503
9 0.079372 0.825436 0.158745 0.349128
9 0.059529 0.472517 0.119059 0.434978
9 0.921649 0.835755 0.156701 0.328490
9 0.054569 0.652657 0.109137 0.414705
9 0.808586 0.584613 0.089286 0.250793
9 0.173615 0.576166 0.049600 0.127681
0 0.947795 0.032487 0.088654 0.064975
1 0.496057 0.402419 0.083828 0.050333
1 0.038989 0.032487 0.061171 0.032487
1 0.941702 0.951269 0.033613 0.064975
1 0.964470 0.033455 0.042698 0.040514
2 0.367647 0.789848 0.239496 0.052792
2 0.637342 0.597970 0.023634 0.040609
3 0.883403 0.280711 0.111345 0.025381
3 0.930147 0.522843 0.105042 0.032487
3 0.186450 0.250254 0.006303 0.013198
4 0.111870 0.236548 0.161765 0.024365
4 0.297269 0.756345 0.012605 0.024365
4 0.991071 0.841117 0.008403 0.035533
4 0.181197 0.072081 0.079832 0.048731
5 0.139968 0.568020 0.006828 0.013198
5 0.324580 0.488325 0.012605 0.024365
5 0.076418 0.990355 0.006828 0.013198
6 0.865021 0.614213 0.010504 0.020305
6 0.875525 0.780711 0.010504 0.020305
6 0.862395 0.963452 0.010504 0.020305
6 0.834034 0.026396 0.010504 0.020305
6 0.102941 0.482234 0.010504 0.020305
7 0.305147 0.250761 0.260504 0.162437
7 0.551471 0.828934 0.747899 0.001015
10 0.178046 0.335533 0.071429 0.063959
10 0.142332 0.952284 0.173319 0.073096
12 0.413866 0.084264 0.025210 0.048731
14 0.483718 0.868020 0.023109 0.044670
