1 0.523815 0.941624 0.043494 0.017259
2 0.060924 0.917766 0.073529 0.046701
2 0.205095 0.035533 0.076155 0.036548
2 0.857668 0.517259 0.241597 0.039594
2 0.455620 0.107614 0.054097 0.050761
3 0.204832 0.276650 0.085084 0.059898
3 0.641282 0.420812 0.006303 0.013198
3 0.785189 0.128934 0.105042 0.032487
3 0.196954 0.125381 0.006303 0.013198
4 0.695116 0.829442 0.032038 0.024365
4 0.718225 0.626904 0.000525 0.001015
4 0.086660 0.670051 0.113445 0.026396
4 0.415441 0.779695 0.113445 0.026396
5 0.097952 0.575127 0.006828 0.013198
6 0.950105 0.848731 0.010504 0.020305
6 0.592962 0.113706 0.010504 0.020305
10 0.175945 0.608122 0.019958 0.038579
10 0.792017 0.833503 0.192227 0.026396
10 0.661239 0.555838 0.161765 0.025381
10 0.788340 0.415228 0.192227 0.026396
12 0.917542 0.693401 0.012605 0.024365
14 0.854517 0.807107 0.023109 0.030457
14 0.168330 0.598985 0.125525 0.136041
14 0.831145 0.152792 0.013130 0.027411
14 0.888655 0.861929 0.023109 0.044670
