10 0.500000 0.500000 1.000000 1.000000
0 0.499996 0.651840 0.160181 0.056853
17 0.887470 0.030647 0.103655 0.038579
0 0.527565 0.030964 0.071035 0.033503
0 0.373572 0.546732 0.080127 0.021320
17 0.957831 0.030647 0.037068 0.039086
20 0.668592 0.363690 0.030462 0.049270
1 0.887470 0.030647 0.093151 0.038579
1 0.601997 0.030964 0.063124 0.033503
1 0.458020 0.030964 0.053350 0.033503
1 0.434078 0.499683 0.072216 0.021320
1 0.359326 0.030964 0.046498 0.033503
1 0.308729 0.030964 0.039990 0.033503
1 0.957831 0.030901 0.037068 0.033503
1 0.406960 0.030964 0.034065 0.033503
1 0.907744 0.922843 0.045857 0.018274
