9 0.734244 0.813602 0.358538 0.372795
9 0.956756 0.813602 0.086487 0.372795
12 0.425913 0.036548 0.420168 0.040609
13 0.881635 0.036548 0.110828 0.036548
0 0.282986 0.481012 0.095268 0.032487
0 0.192420 0.481012 0.077460 0.032487
0 0.369018 0.481012 0.068392 0.032487
0 0.115448 0.481012 0.068080 0.032487
0 0.790470 0.036548 0.046292 0.036548
0 0.736570 0.036548 0.036297 0.040609
0 0.965898 0.036548 0.032489 0.036548
0 0.554802 0.822113 0.018908 0.036548
0 0.913340 0.822113 0.018908 0.036548
12 0.620240 0.036548 0.016807 0.032487
11 0.018908 0.036548 0.012605 0.024365
12 0.620240 0.036548 0.012605 0.024365
14 0.984424 0.924524 0.012605 0.024365
0 0.554802 0.822113 0.008403 0.016244
0 0.913340 0.822113 0.008403 0.016244
1 0.089811 0.036548 0.087185 0.024365
1 0.259421 0.961168 0.049928 0.017766
2 0.080357 0.273096 0.101891 0.044670
2 0.667542 0.287310 0.201681 0.036548
2 0.235557 0.910660 0.154937 0.064975
3 0.197479 0.502030 0.006303 0.013198
3 0.228992 0.903553 0.006303 0.020305
3 0.524422 0.800508 0.183298 0.043655
3 0.231355 0.494924 0.183298 0.043655
4 0.822216 0.220305 0.077206 0.012183
4 0.246849 0.079695 0.106092 0.035533
4 0.840599 0.194924 0.162290 0.024365
5 0.188813 0.981218 0.000525 0.001015
5 0.695116 0.158883 0.006828 0.013198
5 0.524685 0.118782 0.012605 0.024365
5 0.117384 0.797462 0.006828 0.013198
5 0.096113 0.888325 0.031513 0.040609
6 0.504727 0.873096 0.010504 0.020305
6 0.403887 0.686294 0.010504 0.020305
6 0.959034 0.518782 0.010504 0.020305
7 0.669643 0.679188 0.423319 0.097462
7 0.341387 0.559391 0.423319 0.097462
10 0.119748 0.449746 0.010504 0.020305
10 0.257353 0.071574 0.161765 0.025381
12 0.848739 0.317259 0.021008 0.023350
