9 0.510939 0.740712 0.545660 0.518576
9 0.916689 0.533249 0.166623 0.333503
9 0.079372 0.825436 0.158745 0.349128
9 0.059529 0.472517 0.119059 0.434978
9 0.921649 0.835755 0.156701 0.328490
9 0.054569 0.652657 0.109137 0.414705
9 0.808586 0.584613 0.089286 0.250793
9 0.173615 0.576166 0.049600 0.127681
0 0.947795 0.032487 0.088654 0.064975
1 0.496057 0.402419 0.083828 0.050333
1 0.038989 0.032487 0.061171 0.032487
1 0.941702 0.951269 0.033613 0.064975
1 0.964470 0.033455 0.042698 0.040514
2 0.333508 0.856853 0.101891 0.026396
3 0.151786 0.325888 0.105042 0.032487
3 0.695116 0.068528 0.083508 0.043655
3 0.030987 0.234518 0.006303 0.020305
4 0.953256 0.832995 0.060924 0.019289
4 0.905987 0.578173 0.060924 0.019289
4 0.394695 0.013706 0.094013 0.023350
4 0.209821 0.779188 0.035189 0.015228
4 0.908876 0.359391 0.094013 0.024365
4 0.425945 0.077157 0.113445 0.022335
5 0.787027 0.756853 0.006828 0.013198
5 0.232143 0.880203 0.016807 0.032487
5 0.864233 0.288832 0.046744 0.015228
5 0.844538 0.311675 0.012605 0.024365
5 0.741071 0.277157 0.012605 0.024365
6 0.946429 0.580711 0.010504 0.020305
6 0.434349 0.509645 0.010504 0.020305
7 0.362920 0.235533 0.423319 0.097462
7 0.722164 0.962437 0.297269 0.032487
7 0.787815 0.286294 0.423319 0.097462
10 0.651261 0.031980 0.071429 0.063959
10 0.388918 0.614721 0.131828 0.254822
10 0.838498 0.274619 0.053046 0.049746
12 0.298582 0.087817 0.095063 0.039594
13 0.279412 0.976650 0.015756 0.030457
13 0.415179 0.310660 0.054097 0.048731
13 0.413866 0.773604 0.014706 0.028426
14 0.797532 0.727919 0.005777 0.010152
14 0.094013 0.395939 0.008403 0.016244
