9 0.496061 0.495431 0.668067 0.497462
9 0.496061 0.037563 0.067227 0.042640
1 0.496061 0.306091 0.122374 0.043655
0 0.757878 0.040609 0.064601 0.040609
9 0.375517 0.040609 0.005252 0.024365
1 0.278205 0.040609 0.053604 0.024365
1 0.224572 0.040609 0.036855 0.024365
1 0.327333 0.040609 0.027844 0.024365
1 0.363901 0.040609 0.028484 0.024365
1 0.704893 0.040609 0.024562 0.024365
2 0.084034 0.604061 0.136555 0.040609
2 0.592437 0.851269 0.149160 0.021320
2 0.575105 0.119289 0.234244 0.035533
2 0.739758 0.873604 0.034139 0.021320
3 0.829044 0.938579 0.183298 0.043655
3 0.159664 0.802538 0.006303 0.013198
3 0.207458 0.845178 0.006303 0.013198
3 0.620798 0.342132 0.105042 0.032487
3 0.680672 0.367005 0.132353 0.035533
3 0.864233 0.135533 0.115021 0.021320
4 0.327206 0.887310 0.113445 0.022335
4 0.253414 0.819289 0.094013 0.024365
4 0.333771 0.426396 0.094013 0.024365
4 0.663078 0.166497 0.162290 0.024365
5 0.261817 0.616751 0.006828 0.013198
5 0.859506 0.809645 0.006828 0.013198
5 0.340336 0.895431 0.012605 0.024365
7 0.677521 0.363452 0.260504 0.162437
7 0.542017 0.934518 0.747899 0.001015
7 0.384454 0.888832 0.747899 0.001015
10 0.199317 0.686294 0.335609 0.507614
10 0.257353 0.509137 0.161765 0.025381
10 0.835347 0.257360 0.053046 0.049746
13 0.049895 0.033503 0.097689 0.054822
13 0.725840 0.900508 0.015756 0.030457
13 0.558824 0.464467 0.012605 0.027411
13 0.652311 0.420305 0.013655 0.028426
13 0.982143 0.931472 0.012605 0.023350
14 0.437763 0.080711 0.038340 0.031472
14 0.070378 0.136041 0.023109 0.030457
