9 0.675683 0.392822 0.321429 0.493258
0 0.354254 0.592893 0.321429 0.048731
11 0.055672 0.026396 0.111345 0.052792
0 0.241108 0.592893 0.095137 0.048731
11 0.954110 0.026396 0.076024 0.052792
11 0.324276 0.026396 0.072003 0.052792
0 0.256516 0.026396 0.063518 0.052792
0 0.139956 0.026396 0.057223 0.052792
0 0.196662 0.026396 0.056189 0.052792
11 0.081933 0.127183 0.096429 0.026751
11 0.081933 0.180685 0.096429 0.026751
11 0.081933 0.234188 0.096429 0.026751
11 0.081933 0.260939 0.096429 0.026751
11 0.081933 0.287690 0.096429 0.026751
11 0.081933 0.341193 0.096429 0.026751
11 0.081933 0.367944 0.096429 0.026751
11 0.081933 0.413680 0.096429 0.026751
11 0.081933 0.172919 0.096429 0.026751
11 0.081933 0.199670 0.096429 0.026751
11 0.081933 0.073680 0.096429 0.026751
11 0.081933 0.100431 0.096429 0.026751
11 0.081933 0.119416 0.096429 0.026751
11 0.081933 0.153934 0.096429 0.026751
11 0.081933 0.207437 0.096429 0.026751
11 0.081933 0.146168 0.096429 0.026751
11 0.081933 0.314442 0.096429 0.026751
11 0.897674 0.026396 0.036847 0.052792
9 0.206145 0.194924 0.025210 0.048731
0 0.332195 0.998477 0.277311 0.003046
0 0.243345 0.998477 0.099609 0.003046
2 0.407038 0.358376 0.201681 0.036548
2 0.293067 0.759391 0.189076 0.040609
2 0.235294 0.922843 0.271008 0.038579
2 0.200105 0.568528 0.105042 0.046701
2 0.756565 0.642640 0.216912 0.040609
3 0.944853 0.115736 0.057773 0.024365
3 0.481355 0.139594 0.183298 0.043655
3 0.168067 0.291878 0.132353 0.035533
3 0.858193 0.361929 0.065126 0.031472
3 0.395221 0.933503 0.106618 0.021320
4 0.176996 0.212183 0.088235 0.044670
4 0.676471 0.233503 0.113445 0.026396
4 0.682773 0.844670 0.113445 0.026396
5 0.123424 0.256853 0.077731 0.032487
5 0.080095 0.304569 0.055147 0.034518
5 0.340861 0.886294 0.012605 0.024365
5 0.843225 0.588832 0.050945 0.034518
5 0.831408 0.579695 0.039916 0.034518
6 0.986870 0.902538 0.010504 0.020305
6 0.090861 0.853807 0.010504 0.020305
6 0.771534 0.580711 0.010504 0.020305
6 0.626050 0.914721 0.010504 0.020305
6 0.747899 0.577665 0.010504 0.020305
7 0.530987 0.622335 0.423319 0.097462
7 0.476891 0.160406 0.314076 0.113706
7 0.645483 0.830457 0.423319 0.097462
7 0.207458 0.339086 0.327731 0.030457
7 0.615546 0.111675 0.327731 0.030457
7 0.515231 0.336041 0.314076 0.113706
10 0.808298 0.076142 0.023109 0.044670
10 0.175945 0.095939 0.057773 0.049746
12 0.116071 0.634518 0.029412 0.046701
12 0.009454 0.122843 0.010504 0.024365
12 0.977941 0.515736 0.038866 0.040609
13 0.054097 0.503553 0.016807 0.032487
14 0.922794 0.394924 0.105042 0.040609
