1 0.381828 0.228093 0.076155 0.017259
2 0.449842 0.412690 0.228466 0.033503
3 0.798845 0.071574 0.037815 0.047716
3 0.380777 0.696447 0.105042 0.032487
3 0.243960 0.939594 0.106618 0.021320
3 0.197479 0.486802 0.085084 0.059898
4 0.507353 0.240609 0.113445 0.026396
5 0.939863 0.666497 0.046744 0.015228
5 0.328782 0.410152 0.012605 0.024365
5 0.891019 0.031980 0.006828 0.013198
5 0.118435 0.652284 0.006828 0.013198
5 0.100840 0.357360 0.012605 0.024365
6 0.259454 0.017259 0.010504 0.020305
6 0.398634 0.528934 0.010504 0.020305
6 0.776523 0.779188 0.006828 0.013198
7 0.431723 0.809137 0.423319 0.097462
7 0.496324 0.525888 0.327731 0.030457
7 0.289916 0.350254 0.260504 0.162437
7 0.382878 0.444670 0.260504 0.162437
7 0.764181 0.452792 0.327731 0.030457
7 0.396008 0.510152 0.747899 0.001015
10 0.467174 0.580203 0.053046 0.049746
10 0.268382 0.283249 0.173319 0.227411
10 0.346639 0.796954 0.010504 0.020305
12 0.113971 0.788832 0.010504 0.020305
12 0.746849 0.160406 0.032563 0.058883
12 0.575368 0.713706 0.164391 0.038579
13 0.203256 0.421320 0.012605 0.024365
13 0.600315 0.048223 0.714286 0.090355
14 0.560399 0.431472 0.025210 0.048731
14 0.915179 0.444670 0.007878 0.020305
