9 0.285977 0.648350 0.189076 0.233503
9 0.496061 0.648350 0.189076 0.233503
9 0.706145 0.648350 0.189076 0.233503
11 0.267689 0.035025 0.061146 0.070051
11 0.173135 0.035025 0.045685 0.070051
11 0.319463 0.035025 0.042403 0.070051
11 0.216547 0.035025 0.041139 0.070051
12 0.882476 0.035533 0.029412 0.071066
1 0.274201 0.226396 0.074170 0.044670
1 0.089909 0.035025 0.046005 0.070051
1 0.333689 0.092386 0.070854 0.044670
1 0.230772 0.092386 0.069590 0.044670
1 0.271509 0.092386 0.068786 0.044670
1 0.228881 0.271066 0.065807 0.044670
1 0.269613 0.181726 0.064995 0.044670
1 0.227707 0.137056 0.063460 0.044670
1 0.944652 0.035581 0.073932 0.036643
1 0.131602 0.035025 0.037380 0.070051
1 0.328043 0.226396 0.059562 0.044670
1 0.018382 0.035533 0.036765 0.071066
2 0.513393 0.092386 0.076155 0.036548
2 0.531250 0.781726 0.154937 0.064975
2 0.759191 0.600000 0.154937 0.064975
3 0.177784 0.788325 0.183298 0.043655
4 0.817489 0.334518 0.000525 0.001015
4 0.521008 0.180203 0.051471 0.019289
4 0.782826 0.294416 0.100315 0.016244
4 0.419643 0.041624 0.113445 0.022335
4 0.069853 0.805076 0.069328 0.020305
5 0.015494 0.816751 0.006828 0.013198
5 0.039653 0.812183 0.021534 0.014213
5 0.718225 0.724365 0.006828 0.013198
5 0.052521 0.913706 0.053571 0.034518
5 0.877101 0.763452 0.012605 0.024365
6 0.037815 0.096447 0.010504 0.020305
6 0.351891 0.180711 0.010504 0.020305
6 0.819853 0.781726 0.010504 0.020305
6 0.873950 0.672081 0.010504 0.020305
7 0.298845 0.134010 0.423319 0.097462
7 0.352941 0.515736 0.297269 0.032487
10 0.876050 0.120812 0.019958 0.038579
10 0.483718 0.836548 0.023109 0.044670
10 0.605830 0.697970 0.053046 0.049746
13 0.407038 0.074112 0.015756 0.030457
13 0.857143 0.675127 0.021008 0.040609
13 0.370798 0.792386 0.714286 0.090355
14 0.167017 0.378173 0.012605 0.023350
14 0.342962 0.408122 0.013655 0.028426
14 0.268645 0.845685 0.290441 0.040609
14 0.551471 0.689340 0.018908 0.036548
14 0.316176 0.790863 0.009454 0.018274
14 0.320378 0.283249 0.012605 0.024365
14 0.185137 0.128426 0.027836 0.080203
