1 0.381828 0.228093 0.076155 0.017259
2 0.779412 0.277157 0.127101 0.042640
3 0.134191 0.697970 0.083508 0.043655
4 0.415966 0.907614 0.113445 0.026396
4 0.471639 0.863959 0.113445 0.022335
4 0.425945 0.256345 0.044118 0.015228
5 0.634979 0.518782 0.012605 0.024365
5 0.614233 0.199492 0.006828 0.013198
5 0.387342 0.367005 0.006828 0.013198
6 0.854517 0.921827 0.010504 0.020305
6 0.129202 0.114721 0.010504 0.020305
6 0.413340 0.311675 0.010504 0.020305
6 0.269958 0.418274 0.010504 0.020305
7 0.823529 0.058883 0.327731 0.030457
7 0.355567 0.919797 0.423319 0.097462
7 0.694853 0.962437 0.297269 0.032487
7 0.469538 0.538071 0.423319 0.097462
7 0.679622 0.245685 0.314076 0.113706
7 0.496324 0.028934 0.747899 0.001015
10 0.934349 0.193401 0.029412 0.057868
10 0.628676 0.643147 0.086134 0.051777
10 0.475578 0.820812 0.044643 0.049746
10 0.709034 0.406091 0.019958 0.026396
10 0.450630 0.017259 0.019958 0.026396
12 0.377101 0.970558 0.016807 0.040609
12 0.279412 0.328934 0.023109 0.044670
13 0.197479 0.555330 0.014706 0.028426
13 0.153099 0.418274 0.129727 0.052792
13 0.417542 0.288325 0.286765 0.044670
14 0.079832 0.860914 0.012605 0.024365
14 0.766282 0.728426 0.016807 0.037563
14 0.454832 0.094416 0.023109 0.030457
14 0.048845 0.948223 0.023109 0.040609
14 0.117384 0.657868 0.009979 0.020305
14 0.755252 0.490863 0.012605 0.023350
