9 0.682511 0.455766 0.339286 0.352141
1 0.496061 0.025381 0.992122 0.050761
12 0.309611 0.571494 0.339286 0.075127
0 0.710351 0.943020 0.134626 0.052030
0 0.571781 0.943020 0.134634 0.052030
0 0.848916 0.943020 0.134626 0.052030
1 0.496057 0.860771 0.178186 0.043655
1 0.247456 0.860771 0.150144 0.043655
11 0.766524 0.075888 0.068893 0.050254
1 0.182974 0.137563 0.096516 0.056853
11 0.705776 0.075888 0.052603 0.050254
12 0.440651 0.571494 0.060399 0.043036
1 0.744658 0.860771 0.114430 0.043655
9 0.823004 0.157241 0.060399 0.035295
11 0.839692 0.075888 0.035427 0.050254
9 0.173422 0.077157 0.077411 0.020305
11 0.498404 0.190355 0.046194 0.034518
11 0.453330 0.190355 0.043954 0.034518
11 0.184086 0.190355 0.040113 0.034518
11 0.388467 0.190355 0.038931 0.034518
11 0.223559 0.190355 0.038833 0.034518
11 0.351275 0.190355 0.035452 0.034518
11 0.146747 0.190355 0.034565 0.034518
11 0.259121 0.190355 0.032292 0.034518
11 0.317863 0.190355 0.031373 0.034518
11 0.536806 0.190355 0.030610 0.034518
10 0.811474 0.075000 0.021008 0.048477
11 0.288722 0.190355 0.026909 0.034518
11 0.564785 0.190355 0.025350 0.034518
11 0.419643 0.190355 0.023421 0.034518
9 0.699362 0.158376 0.022965 0.006497
1 0.577284 0.137056 0.124893 0.021320
9 0.698891 0.135838 0.022023 0.006497
9 0.695138 0.113299 0.014516 0.006497
1 0.173422 0.084010 0.077411 0.034010
1 0.386838 0.137563 0.032144 0.056853
1 0.481293 0.137563 0.028862 0.056853
1 0.711949 0.139797 0.061584 0.022538
1 0.711949 0.117259 0.061584 0.022538
1 0.711949 0.162335 0.061584 0.022538
3 0.362395 0.041624 0.105042 0.032487
4 0.485294 0.523350 0.268908 0.019289
4 0.959559 0.819797 0.017857 0.015228
5 0.745536 0.102030 0.006828 0.013198
5 0.873950 0.679188 0.012605 0.024365
5 0.823267 0.293909 0.006828 0.013198
6 0.331145 0.412690 0.006828 0.013198
7 0.843487 0.701523 0.260504 0.162437
7 0.525210 0.504569 0.260504 0.162437
7 0.859769 0.888325 0.260504 0.162437
7 0.681723 0.281218 0.297269 0.032487
10 0.079569 0.773096 0.053046 0.049746
10 0.419118 0.582741 0.019958 0.038579
10 0.616597 0.855838 0.173319 0.073096
10 0.250263 0.400508 0.053046 0.049746
12 0.705095 0.332995 0.021534 0.034518
13 0.282563 0.407107 0.021008 0.040609
13 0.240021 0.273096 0.009454 0.018274
13 0.534664 0.797462 0.714286 0.090355
14 0.075105 0.300508 0.009454 0.018274
14 0.421744 0.705584 0.025210 0.048731
14 0.472689 0.953299 0.023109 0.044670
