19 0.500000 0.481726 1.000000 0.963452
2 0.500000 0.379188 0.157563 0.049746
2 0.500000 0.281218 0.157563 0.048731
2 0.500000 0.329949 0.157563 0.048731
2 0.500000 0.432995 0.157563 0.037563
2 0.884454 0.026396 0.131303 0.032487
2 0.747899 0.026396 0.131303 0.032487
1 0.057773 0.032265 0.094538 0.064530
10 0.543034 0.607614 0.067752 0.045685
10 0.057773 0.030742 0.094538 0.020876
0 0.975053 0.025381 0.039391 0.030457
1 0.462472 0.607614 0.078782 0.045685
1 0.513278 0.496447 0.108456 0.024365
1 0.885767 0.051777 0.128676 0.012183
1 0.315992 0.919797 0.068121 0.016244
1 0.106601 0.791878 0.054753 0.016244
1 0.898429 0.877157 0.044692 0.016244
1 0.303736 0.834518 0.043609 0.016244
1 0.303387 0.898477 0.042911 0.016244
1 0.519055 0.791878 0.042099 0.016244
