9 0.375254 0.372589 0.189946 0.244765
9 0.328076 0.622208 0.087185 0.112341
9 0.233013 0.622208 0.087185 0.112341
9 0.803391 0.622208 0.087185 0.112341
9 0.898454 0.622208 0.087185 0.112341
9 0.137950 0.622208 0.087185 0.112341
9 0.043240 0.622208 0.086479 0.112341
1 0.572553 0.280052 0.175240 0.059692
1 0.210884 0.037286 0.128701 0.074572
9 0.500000 0.215252 0.105042 0.065244
12 0.598781 0.037278 0.183824 0.035533
9 0.974962 0.622208 0.050075 0.112341
9 0.185916 0.037286 0.078765 0.074572
1 0.614783 0.542735 0.214680 0.033503
9 0.470227 0.988301 0.131532 0.023398
1 0.633144 0.717457 0.087185 0.065657
9 0.609112 0.988301 0.131532 0.023398
11 0.197971 0.465435 0.111689 0.028426
9 0.331342 0.988301 0.131532 0.023398
11 0.197971 0.739546 0.111689 0.028426
11 0.197971 0.233963 0.111689 0.028426
11 0.197971 0.426856 0.111689 0.028426
11 0.197971 0.349699 0.111689 0.028426
11 0.197971 0.700968 0.111689 0.028426
11 0.197971 0.623810 0.111689 0.028426
11 0.197971 0.778125 0.111689 0.028426
11 0.197971 0.118227 0.111689 0.028426
11 0.197971 0.156805 0.111689 0.028426
11 0.197971 0.662389 0.111689 0.028426
11 0.197971 0.195384 0.111689 0.028426
11 0.197971 0.272541 0.111689 0.028426
11 0.197971 0.542592 0.111689 0.028426
11 0.197971 0.504013 0.111689 0.028426
11 0.197971 0.311120 0.111689 0.028426
11 0.197971 0.388277 0.111689 0.028426
14 0.375960 0.758978 0.070116 0.045685
0 0.813148 0.037278 0.080636 0.038166
9 0.714671 0.337754 0.035452 0.068528
1 0.233013 0.717457 0.087185 0.065657
1 0.803391 0.717457 0.087185 0.065657
9 0.714671 0.642513 0.035452 0.068528
9 0.714671 0.446574 0.035452 0.068528
9 0.714671 0.544543 0.035452 0.068528
0 0.731761 0.037278 0.063788 0.038166
14 0.618345 0.758978 0.054326 0.045685
1 0.785575 0.323382 0.091649 0.039784
1 0.785575 0.628141 0.091649 0.039784
1 0.137950 0.706520 0.087185 0.043782
1 0.898454 0.706520 0.087185 0.043782
1 0.043240 0.706520 0.086479 0.043782
12 0.680401 0.037278 0.020582 0.035533
1 0.974962 0.717457 0.050075 0.065657
13 0.767151 0.771526 0.014706 0.028426
13 0.672088 0.771526 0.014706 0.028426
13 0.196773 0.771526 0.014706 0.028426
13 0.101710 0.771526 0.014706 0.028426
13 0.862214 0.771526 0.014706 0.028426
13 0.492286 0.336802 0.014706 0.028426
13 0.007000 0.771526 0.014000 0.028426
13 0.957277 0.771526 0.014706 0.028426
12 0.680397 0.037278 0.012351 0.035533
0 0.272929 0.675888 0.014706 0.028426
0 0.667534 0.675888 0.014706 0.028426
11 0.155803 0.118520 0.014337 0.022161
11 0.155803 0.157099 0.014337 0.022161
11 0.155803 0.195677 0.014337 0.022161
11 0.155803 0.234256 0.014337 0.022161
11 0.155803 0.272835 0.014337 0.022161
11 0.155803 0.311413 0.014337 0.022161
11 0.155803 0.349992 0.014337 0.022161
11 0.155803 0.388571 0.014337 0.022161
11 0.155803 0.427149 0.014337 0.022161
11 0.155803 0.465728 0.014337 0.022161
11 0.155803 0.504307 0.014337 0.022161
11 0.155803 0.542885 0.014337 0.022161
11 0.155803 0.624104 0.014337 0.022161
11 0.155803 0.662682 0.014337 0.022161
11 0.155803 0.701261 0.014337 0.022161
11 0.155803 0.739840 0.014337 0.022161
11 0.155803 0.778418 0.014337 0.022161
2 0.270483 0.340102 0.105042 0.046701
2 0.343487 0.639594 0.239496 0.052792
3 0.560399 0.813706 0.037815 0.047716
3 0.565126 0.942640 0.006303 0.013198
3 0.161502 0.548731 0.183298 0.043655
3 0.573004 0.243147 0.085084 0.059898
3 0.622374 0.504061 0.065126 0.031472
4 0.516282 0.701523 0.079832 0.048731
4 0.860294 0.385787 0.113445 0.026396
5 0.556723 0.242640 0.012605 0.024365
7 0.400210 0.238579 0.297269 0.032487
10 0.444853 0.307614 0.019958 0.026396
10 0.899160 0.506091 0.161765 0.025381
10 0.488445 0.024365 0.010504 0.020305
10 0.914128 0.285787 0.044643 0.049746
10 0.112920 0.263959 0.023109 0.044670
12 0.776261 0.017766 0.009454 0.019289
12 0.670168 0.032487 0.038866 0.040609
13 0.675945 0.960914 0.012605 0.023350
13 0.131303 0.382741 0.021008 0.040609
13 0.209559 0.534010 0.004202 0.004061
13 0.896008 0.677157 0.015756 0.030457
14 0.943803 0.444670 0.009454 0.018274
14 0.043855 0.208629 0.038340 0.031472
14 0.598739 0.156345 0.025210 0.048731
14 0.439338 0.157360 0.027836 0.038579
14 0.381303 0.286294 0.012605 0.024365
