9 0.500000 0.500000 0.000525 0.001015
2 0.816439 0.408122 0.157038 0.048731
2 0.147847 0.249746 0.076155 0.036548
2 0.621061 0.127919 0.157038 0.036548
2 0.652836 0.751269 0.101891 0.026396
2 0.502626 0.402030 0.163866 0.036548
3 0.450893 0.037056 0.115021 0.021320
4 0.741334 0.520305 0.094013 0.023350
4 0.655462 0.284772 0.195378 0.023350
5 0.418855 0.889848 0.006828 0.013198
5 0.607143 0.349239 0.012605 0.024365
6 0.022059 0.643655 0.010504 0.020305
6 0.349790 0.795939 0.010504 0.020305
6 0.529412 0.813198 0.010504 0.020305
6 0.736345 0.308629 0.010504 0.020305
7 0.492647 0.281218 0.423319 0.097462
7 0.219538 0.249746 0.423319 0.097462
10 0.415966 0.766497 0.173319 0.227411
10 0.696691 0.148731 0.053046 0.049746
10 0.792279 0.624365 0.131828 0.184772
12 0.892069 0.609645 0.011029 0.021320
12 0.099265 0.885279 0.038866 0.040609
13 0.128676 0.963452 0.014706 0.028426
13 0.582195 0.648731 0.129727 0.052792
13 0.530987 0.190355 0.021008 0.039594
13 0.057773 0.220305 0.014706 0.028426
13 0.568803 0.881218 0.015756 0.030457
14 0.763130 0.356345 0.010504 0.020305
14 0.637342 0.275127 0.023634 0.060914
