9 0.899681 0.194455 0.196062 0.204041
9 0.893146 0.407191 0.196062 0.204041
9 0.701915 0.623195 0.196062 0.204041
9 0.714986 0.197723 0.196062 0.204041
9 0.708451 0.410459 0.196062 0.204041
9 0.886611 0.619927 0.196062 0.204041
0 0.481269 0.524968 0.131081 0.046701
2 0.358669 0.524968 0.105042 0.046701
2 0.249089 0.524968 0.105042 0.046701
2 0.155265 0.524968 0.073529 0.046701
0 0.511181 0.579791 0.089113 0.024365
9 0.143711 0.214118 0.063025 0.030457
0 0.936331 0.048422 0.039104 0.035930
0 0.967437 0.050254 0.023109 0.039594
1 0.143711 0.223763 0.063025 0.019289
1 0.250693 0.575222 0.048098 0.017259
1 0.308836 0.575222 0.039153 0.017259
2 0.641807 0.697462 0.239496 0.052792
4 0.670168 0.240609 0.079832 0.048731
4 0.158876 0.555330 0.094013 0.024365
5 0.237132 0.616751 0.006828 0.013198
5 0.757878 0.812183 0.012605 0.024365
5 0.616859 0.712183 0.006828 0.013198
5 0.536765 0.797970 0.031513 0.040609
5 0.629989 0.894924 0.024685 0.047716
5 0.588761 0.748223 0.012605 0.024365
6 0.303571 0.885279 0.010504 0.020305
6 0.648634 0.830457 0.010504 0.020305
7 0.213235 0.348223 0.260504 0.162437
10 0.670431 0.974112 0.053046 0.049746
12 0.784664 0.550254 0.050420 0.048731
12 0.463761 0.043655 0.008403 0.016244
12 0.638655 0.778680 0.010504 0.020305
12 0.792279 0.948223 0.250525 0.048731
13 0.346113 0.859898 0.014706 0.028426
13 0.345063 0.029442 0.015756 0.030457
14 0.936975 0.301015 0.009454 0.017259
14 0.654937 0.754315 0.025210 0.048731
14 0.863708 0.692386 0.005777 0.010152
14 0.285977 0.216244 0.125525 0.136041
14 0.914391 0.455330 0.057773 0.045685
