12 0.496061 0.500000 0.992122 1.000000
12 0.496061 0.045685 0.992122 0.091371
1 0.620532 0.724873 0.192613 0.361421
1 0.371549 0.724873 0.192613 0.361421
1 0.869514 0.724873 0.192613 0.361421
1 0.122567 0.724873 0.192613 0.361421
9 0.122563 0.724873 0.159664 0.359391
9 0.620528 0.724873 0.159139 0.359391
9 0.371545 0.724873 0.159139 0.359391
9 0.869510 0.724873 0.159139 0.359391
0 0.496049 0.296470 0.275612 0.067211
0 0.164067 0.296470 0.275612 0.067211
0 0.828031 0.296470 0.275612 0.067211
9 0.069976 0.045677 0.100266 0.089324
11 0.872091 0.045685 0.067235 0.089340
11 0.747017 0.045685 0.067038 0.089340
11 0.938994 0.045685 0.066570 0.089340
11 0.809505 0.045685 0.057937 0.089340
11 0.684964 0.045685 0.057067 0.089340
10 0.620532 0.987088 0.192613 0.025825
10 0.620528 0.987595 0.161765 0.024810
9 0.869510 0.987595 0.161765 0.024810
9 0.371545 0.987595 0.161765 0.024810
9 0.122563 0.987595 0.161765 0.024810
1 0.872091 0.045685 0.067235 0.089340
1 0.747017 0.045685 0.067038 0.089340
1 0.938994 0.045685 0.066570 0.089340
1 0.809505 0.045685 0.057937 0.089340
1 0.684964 0.045685 0.057067 0.089340
0 0.107553 0.295860 0.011046 0.025381
0 0.164067 0.262357 0.275612 0.001015
0 0.496049 0.262357 0.275612 0.001015
0 0.828031 0.262357 0.275612 0.001015
0 0.772239 0.295860 0.009487 0.025381
0 0.436171 0.295860 0.008830 0.025381
1 0.060198 0.113198 0.067875 0.019289
1 0.171350 0.268464 0.057921 0.017259
1 0.620528 0.921827 0.049813 0.018274
2 0.913340 0.926904 0.074580 0.036548
3 0.901261 0.227919 0.132353 0.035533
3 0.009979 0.167513 0.006303 0.020305
3 0.889968 0.556853 0.083508 0.043655
4 0.390494 0.229949 0.047794 0.035533
4 0.231355 0.906091 0.124475 0.096447
4 0.514181 0.193401 0.034664 0.015228
5 0.518120 0.790355 0.006828 0.013198
5 0.419118 0.458883 0.012605 0.024365
5 0.649422 0.605584 0.024685 0.047716
6 0.875788 0.678680 0.006828 0.013198
6 0.243697 0.275127 0.010504 0.020305
6 0.345588 0.082234 0.010504 0.020305
6 0.691176 0.394924 0.010504 0.020305
6 0.877101 0.777665 0.010504 0.020305
6 0.767069 0.069543 0.006828 0.013198
7 0.307248 0.413198 0.260504 0.162437
7 0.265231 0.619289 0.260504 0.162437
10 0.479517 0.324365 0.161765 0.025381
10 0.545168 0.147208 0.173319 0.073096
10 0.285189 0.028934 0.057773 0.049746
10 0.665966 0.497970 0.161765 0.025381
10 0.922794 0.223858 0.086134 0.051777
12 0.289653 0.576142 0.571954 0.039594
12 0.626050 0.510660 0.038866 0.040609
12 0.141807 0.943147 0.014706 0.044670
12 0.781513 0.884772 0.010504 0.019289
13 0.019695 0.681218 0.022584 0.034518
13 0.634454 0.817259 0.286765 0.044670
14 0.385767 0.596954 0.290441 0.040609
14 0.805672 0.903553 0.073529 0.052792
14 0.183824 0.511168 0.009454 0.017259
14 0.859244 0.505584 0.012605 0.024365
14 0.509454 0.483249 0.010504 0.020305
14 0.816964 0.824873 0.027836 0.080203
