9 0.375254 0.372589 0.189946 0.244765
9 0.423139 0.622208 0.087185 0.112341
9 0.233013 0.622208 0.087185 0.112341
9 0.328076 0.622208 0.087185 0.112341
9 0.613265 0.622208 0.087185 0.112341
9 0.518202 0.622208 0.087185 0.112341
1 0.572553 0.280052 0.175240 0.059692
12 0.565832 0.037278 0.183824 0.035533
1 0.206330 0.037286 0.119592 0.074572
9 0.185916 0.037286 0.078765 0.074572
9 0.500000 0.222367 0.105042 0.053173
1 0.611447 0.514372 0.204922 0.033503
9 0.331342 0.988301 0.131532 0.023398
9 0.470227 0.988301 0.131532 0.023398
1 0.423139 0.717457 0.087185 0.065657
1 0.328076 0.717457 0.087185 0.065657
9 0.609112 0.988301 0.131532 0.023398
1 0.613265 0.717457 0.087185 0.065657
11 0.197971 0.465435 0.111689 0.028426
11 0.197971 0.739546 0.111689 0.028426
11 0.197971 0.233963 0.111689 0.028426
11 0.197971 0.426856 0.111689 0.028426
11 0.197971 0.855282 0.111689 0.028426
11 0.197971 0.893861 0.111689 0.028426
11 0.197971 0.816704 0.111689 0.028426
11 0.197971 0.349699 0.111689 0.028426
11 0.197971 0.700968 0.111689 0.028426
11 0.197971 0.623810 0.111689 0.028426
11 0.197971 0.778125 0.111689 0.028426
11 0.197971 0.118227 0.111689 0.028426
11 0.197971 0.156805 0.111689 0.028426
11 0.197971 0.662389 0.111689 0.028426
11 0.197971 0.195384 0.111689 0.028426
11 0.197971 0.272541 0.111689 0.028426
11 0.197971 0.542592 0.111689 0.028426
11 0.197971 0.504013 0.111689 0.028426
11 0.197971 0.311120 0.111689 0.028426
11 0.197971 0.388277 0.111689 0.028426
11 0.197971 0.932440 0.111689 0.028426
0 0.813148 0.037278 0.080636 0.038166
9 0.714671 0.465673 0.035452 0.068528
9 0.714671 0.770431 0.035452 0.068528
1 0.233013 0.717457 0.087185 0.065657
9 0.714671 0.574492 0.035452 0.068528
14 0.376736 0.745844 0.057880 0.045685
9 0.714671 0.672462 0.035452 0.068528
0 0.731761 0.037278 0.063788 0.038166
14 0.619120 0.745844 0.046276 0.045685
1 0.683602 0.771526 0.191094 0.020305
1 0.423139 0.706520 0.087185 0.043782
1 0.785575 0.756060 0.091649 0.039784
1 0.518202 0.706520 0.087185 0.043782
1 0.785575 0.451301 0.091649 0.039784
13 0.577025 0.771526 0.014706 0.028426
12 0.647453 0.037278 0.020582 0.035533
13 0.481962 0.771526 0.014706 0.028426
13 0.492286 0.336802 0.014706 0.028426
13 0.196773 0.771526 0.014706 0.028426
13 0.291836 0.771526 0.014706 0.028426
13 0.386899 0.771526 0.014706 0.028426
13 0.369615 0.771526 0.014706 0.028426
12 0.647449 0.037278 0.012351 0.035533
0 0.272929 0.675888 0.014706 0.028426
0 0.667534 0.675888 0.014706 0.028426
11 0.155803 0.118520 0.014337 0.022161
11 0.155803 0.157099 0.014337 0.022161
11 0.155803 0.195677 0.014337 0.022161
11 0.155803 0.234256 0.014337 0.022161
11 0.155803 0.272835 0.014337 0.022161
11 0.155803 0.311413 0.014337 0.022161
11 0.155803 0.349992 0.014337 0.022161
11 0.155803 0.388571 0.014337 0.022161
11 0.155803 0.427149 0.014337 0.022161
11 0.155803 0.465728 0.014337 0.022161
11 0.155803 0.504307 0.014337 0.022161
11 0.155803 0.542885 0.014337 0.022161
11 0.155803 0.624104 0.014337 0.022161
11 0.155803 0.662682 0.014337 0.022161
11 0.155803 0.701261 0.014337 0.022161
11 0.155803 0.739840 0.014337 0.022161
11 0.155803 0.778418 0.014337 0.022161
11 0.155803 0.816997 0.014337 0.022161
11 0.155803 0.855576 0.014337 0.022161
11 0.155803 0.894155 0.014337 0.022161
11 0.155803 0.932733 0.014337 0.022161
9 0.673483 0.037579 0.013130 0.018274
2 0.629989 0.354315 0.192752 0.056853
2 0.403099 0.225888 0.131828 0.031472
2 0.676208 0.563452 0.076155 0.036548
3 0.174632 0.872589 0.183298 0.043655
3 0.948004 0.908629 0.006303 0.020305
3 0.588761 0.571574 0.006303 0.020305
4 0.727941 0.724873 0.113445 0.026396
4 0.066439 0.893909 0.047794 0.035533
4 0.486607 0.778173 0.000525 0.001015
5 0.226103 0.480711 0.000525 0.001015
5 0.565389 0.092386 0.024685 0.048731
5 0.382616 0.612690 0.006828 0.013198
6 0.074580 0.343147 0.010504 0.020305
6 0.536239 0.635533 0.010504 0.020305
7 0.389181 0.580203 0.747899 0.001015
7 0.529937 0.314213 0.747899 0.001015
7 0.473214 0.530457 0.747899 0.001015
10 0.664391 0.805076 0.019958 0.026396
10 0.775735 0.664975 0.019958 0.026396
10 0.429622 0.186802 0.019958 0.026396
10 0.481618 0.878173 0.092437 0.038579
13 0.600315 0.234518 0.017857 0.032487
13 0.549895 0.286802 0.012605 0.027411
13 0.605042 0.557360 0.026261 0.050761
13 0.531775 0.444670 0.110819 0.036548
14 0.233193 0.569543 0.025210 0.048731
