9 0.491244 0.728434 0.578125 0.543131
1 0.817116 0.364745 0.250008 0.388372
9 0.817116 0.391141 0.250008 0.329489
9 0.243845 0.805195 0.208328 0.237040
9 0.123277 0.693314 0.126559 0.324159
0 0.496053 0.353315 0.097804 0.054822
0 0.222020 0.036041 0.068433 0.072081
0 0.155487 0.036041 0.064634 0.072081
0 0.093885 0.036041 0.058569 0.072081
0 0.010000 0.836984 0.019999 0.173969
0 0.496053 0.353315 0.057888 0.025381
1 0.374442 0.036041 0.057330 0.072081
1 0.430652 0.036041 0.055090 0.072081
1 0.942555 0.036041 0.078125 0.040609
0 0.848305 0.036041 0.011555 0.022335
1 0.276704 0.036041 0.040934 0.072081
0 0.965861 0.050761 0.010504 0.020305
0 0.534450 0.353315 0.008403 0.016244
1 0.474285 0.296954 0.119083 0.023350
1 0.328039 0.036041 0.035476 0.072081
1 0.744867 0.182234 0.105510 0.023350
1 0.092351 0.411675 0.104706 0.023350
1 0.441890 0.411675 0.101136 0.023350
1 0.458956 0.411675 0.088424 0.023350
1 0.083373 0.296954 0.086750 0.023350
2 0.835084 0.443147 0.116597 0.027411
2 0.335084 0.708629 0.113445 0.044670
2 0.625788 0.498477 0.076155 0.036548
3 0.813550 0.818274 0.057773 0.024365
3 0.138130 0.876142 0.057773 0.024365
4 0.568803 0.680203 0.113445 0.026396
4 0.739496 0.725381 0.111345 0.015228
4 0.566439 0.343147 0.067752 0.020305
5 0.890494 0.276650 0.006828 0.013198
5 0.448267 0.116244 0.006828 0.013198
5 0.672532 0.823858 0.006828 0.013198
5 0.898372 0.630964 0.006828 0.013198
6 0.932248 0.200000 0.010504 0.020305
6 0.288866 0.061929 0.010504 0.020305
6 0.420693 0.383756 0.010504 0.020305
7 0.836660 0.578680 0.297269 0.032487
7 0.408088 0.572589 0.327731 0.030457
7 0.622374 0.175635 0.297269 0.032487
7 0.585609 0.704061 0.747899 0.001015
10 0.547269 0.679695 0.086134 0.051777
12 0.261555 0.387817 0.204832 0.071066
12 0.588761 0.922843 0.090336 0.032487
13 0.070903 0.188832 0.004202 0.004061
13 0.171218 0.337056 0.008403 0.016244
13 0.722952 0.056853 0.158088 0.030457
13 0.873424 0.627411 0.021008 0.040609
13 0.861870 0.754822 0.042017 0.080203
13 0.375000 0.412183 0.012605 0.024365
14 0.427784 0.797970 0.007878 0.020305
14 0.579044 0.303553 0.009979 0.022335
