1 0.526158 0.974619 0.028599 0.018274
1 0.559632 0.974619 0.019441 0.018274
2 0.804359 0.282234 0.076155 0.036548
2 0.556985 0.773604 0.023634 0.040609
2 0.805672 0.172589 0.021008 0.040609
2 0.303046 0.522843 0.074580 0.036548
2 0.386292 0.675635 0.236870 0.047716
3 0.259191 0.479695 0.115021 0.021320
3 0.619748 0.809137 0.006303 0.020305
4 0.138655 0.838579 0.113445 0.026396
5 0.203519 0.110152 0.006828 0.013198
6 0.144958 0.097462 0.010504 0.020305
6 0.097689 0.058883 0.010504 0.020305
6 0.133403 0.561421 0.010504 0.020305
6 0.497374 0.543147 0.010504 0.020305
6 0.049895 0.254822 0.010504 0.020305
7 0.502626 0.795939 0.260504 0.162437
7 0.658613 0.887310 0.423319 0.097462
7 0.824055 0.067005 0.327731 0.030457
7 0.243172 0.487310 0.327731 0.030457
10 0.118960 0.630964 0.131828 0.254822
10 0.480830 0.614213 0.335609 0.507614
10 0.081408 0.855330 0.086134 0.051777
12 0.689601 0.258883 0.026261 0.050761
13 0.663078 0.163452 0.039391 0.014213
13 0.389181 0.127919 0.021008 0.040609
13 0.682511 0.660914 0.101366 0.034518
13 0.683561 0.279188 0.039391 0.036548
13 0.757353 0.388832 0.021008 0.040609
14 0.214286 0.644162 0.046218 0.045685
14 0.361082 0.779188 0.038340 0.031472
