9 0.351628 0.645209 0.231092 0.446701
0 0.496057 0.333526 0.121644 0.049984
0 0.640490 0.853403 0.121644 0.049984
9 0.640494 0.994012 0.202206 0.011977
9 0.033326 0.035771 0.018908 0.036548
1 0.241412 0.037294 0.036346 0.021320
1 0.195001 0.037294 0.030971 0.021320
1 0.156861 0.037294 0.019802 0.021320
1 0.278365 0.037294 0.012055 0.021320
3 0.968487 0.136548 0.006303 0.013198
3 0.773634 0.569036 0.132353 0.035533
3 0.625263 0.863452 0.083508 0.043655
4 0.236870 0.442132 0.008403 0.035533
4 0.267595 0.458376 0.027836 0.019289
5 0.589023 0.552792 0.006828 0.013198
6 0.979517 0.700508 0.010504 0.020305
6 0.722164 0.381726 0.010504 0.020305
7 0.237920 0.139086 0.423319 0.097462
7 0.590336 0.928934 0.327731 0.030457
10 0.774685 0.204061 0.173319 0.073096
10 0.662027 0.734010 0.335609 0.507614
12 0.556197 0.194924 0.248950 0.032487
13 0.662553 0.184772 0.051996 0.040609
13 0.203782 0.453807 0.012605 0.024365
13 0.472689 0.467005 0.015756 0.030457
13 0.502626 0.576650 0.050420 0.083249
13 0.903887 0.738071 0.021008 0.040609
14 0.557511 0.018782 0.007878 0.015228
14 0.665441 0.747208 0.105042 0.040609
