1 0.526158 0.974619 0.028599 0.018274
1 0.559632 0.974619 0.019441 0.018274
2 0.235294 0.045685 0.239496 0.052792
2 0.400998 0.273096 0.154937 0.064975
2 0.834034 0.487817 0.241597 0.039594
2 0.644958 0.551269 0.396008 0.054822
3 0.800420 0.729949 0.006303 0.020305
3 0.777836 0.848731 0.105042 0.032487
3 0.721376 0.417259 0.027836 0.012183
4 0.897059 0.867005 0.113445 0.026396
5 0.584296 0.870558 0.006828 0.013198
5 0.033351 0.040102 0.006828 0.013198
5 0.596901 0.828934 0.006828 0.013198
6 0.974790 0.686294 0.010504 0.020305
10 0.504989 0.622335 0.335609 0.507614
10 0.319065 0.549239 0.335609 0.507614
10 0.951943 0.316244 0.053046 0.049746
12 0.421218 0.804061 0.022059 0.042640
12 0.731618 0.068020 0.210084 0.032487
12 0.175420 0.932995 0.022059 0.024365
14 0.870536 0.690355 0.009979 0.022335
14 0.108718 0.696447 0.025210 0.048731
