0 0.832458 0.929442 0.268908 0.043655
0 0.634712 0.531472 0.122005 0.056853
1 0.071954 0.036548 0.110294 0.073096
0 0.221918 0.036548 0.059086 0.040609
0 0.943766 0.929442 0.046292 0.043655
0 0.167091 0.036548 0.046366 0.040609
0 0.953814 0.036548 0.043002 0.040609
0 0.305853 0.036548 0.042608 0.040609
0 0.349942 0.036548 0.041369 0.040609
9 0.632899 0.769583 0.028928 0.055917
9 0.666512 0.769583 0.028928 0.055917
9 0.700126 0.769583 0.028928 0.055917
9 0.733739 0.769583 0.028928 0.055917
0 0.632616 0.769036 0.029412 0.056853
0 0.666229 0.769036 0.029412 0.056853
0 0.699842 0.769036 0.029412 0.056853
0 0.733456 0.769036 0.029412 0.056853
0 0.909155 0.036548 0.037914 0.040609
0 0.268005 0.036548 0.028887 0.040609
0 0.656993 0.634518 0.012334 0.017259
1 0.873014 0.871066 0.053555 0.022335
1 0.675145 0.821320 0.046046 0.015228
1 0.709657 0.837563 0.038422 0.015228
2 0.113971 0.966497 0.189076 0.040609
2 0.808561 0.857360 0.283088 0.043655
2 0.212185 0.091371 0.239496 0.052792
2 0.248950 0.161929 0.149160 0.021320
2 0.432773 0.176142 0.130252 0.019289
2 0.618172 0.869036 0.113445 0.044670
2 0.836134 0.575635 0.189076 0.040609
3 0.264181 0.510152 0.111345 0.025381
4 0.870798 0.667005 0.113445 0.022335
4 0.424632 0.042640 0.094013 0.024365
5 0.371849 0.898477 0.012605 0.024365
5 0.422006 0.829949 0.006828 0.013198
5 0.816964 0.455330 0.006828 0.013198
6 0.116597 0.848731 0.010504 0.020305
6 0.556197 0.816244 0.010504 0.020305
6 0.876313 0.424873 0.006828 0.013198
7 0.430672 0.174112 0.747899 0.001015
7 0.415966 0.693401 0.423319 0.097462
7 0.815651 0.583756 0.260504 0.162437
7 0.778887 0.792893 0.297269 0.032487
7 0.235819 0.788832 0.327731 0.030457
7 0.434874 0.867513 0.747899 0.001015
7 0.680147 0.594924 0.297269 0.032487
10 0.875000 0.494416 0.092437 0.038579
10 0.452206 0.365990 0.071429 0.063959
10 0.733718 0.408629 0.086134 0.051777
10 0.219013 0.945178 0.010504 0.020305
10 0.073529 0.062437 0.057773 0.049746
10 0.492122 0.205076 0.010504 0.020305
13 0.028887 0.634518 0.050420 0.083249
14 0.444590 0.085279 0.125525 0.136041
14 0.733981 0.402538 0.038340 0.031472
14 0.724790 0.374112 0.054622 0.045685
14 0.459559 0.803046 0.025210 0.048731
14 0.905462 0.015736 0.009454 0.017259
