2 0.322479 0.023350 0.130252 0.020305
3 0.490546 0.913706 0.006303 0.020305
3 0.362920 0.158883 0.132353 0.035533
3 0.260504 0.388325 0.006303 0.013198
4 0.892332 0.758376 0.113445 0.026396
4 0.639181 0.135025 0.012605 0.024365
4 0.342437 0.201015 0.113445 0.026396
5 0.417279 0.133503 0.006828 0.013198
5 0.895483 0.313706 0.040966 0.034518
5 0.076155 0.710660 0.039916 0.034518
5 0.288078 0.682741 0.006828 0.013198
6 0.590861 0.616244 0.010504 0.020305
6 0.215336 0.267005 0.010504 0.020305
6 0.857668 0.942132 0.010504 0.020305
6 0.174370 0.987817 0.010504 0.020305
6 0.451681 0.858883 0.010504 0.020305
6 0.130252 0.322843 0.010504 0.020305
7 0.504202 0.936041 0.327731 0.030457
7 0.480567 0.237563 0.297269 0.032487
7 0.216912 0.526904 0.314076 0.113706
10 0.619748 0.452284 0.021008 0.047716
10 0.246324 0.696447 0.019958 0.026396
12 0.888655 0.497462 0.120798 0.044670
12 0.246586 0.116244 0.007878 0.017259
13 0.983193 0.721827 0.014706 0.028426
13 0.046481 0.054822 0.054097 0.048731
14 0.609506 0.690355 0.070903 0.038579
14 0.741597 0.767005 0.007353 0.015228
14 0.143382 0.539086 0.025210 0.048731
14 0.583508 0.878173 0.025210 0.048731
