10 0.496061 0.634201 0.896534 0.322843
1 0.496057 0.903395 0.330710 0.193211
1 0.826767 0.903395 0.330710 0.193211
1 0.165351 0.903395 0.330702 0.193211
1 0.584296 0.242616 0.798845 0.034914
1 0.584296 0.249722 0.798845 0.034914
10 0.975315 0.634201 0.049370 0.322843
10 0.020746 0.634201 0.041492 0.322843
1 0.584296 0.276515 0.798845 0.018671
1 0.584296 0.302292 0.798845 0.018671
17 0.084034 0.392798 0.168067 0.062627
17 0.084034 0.217608 0.168067 0.057551
17 0.084034 0.275159 0.168067 0.057551
17 0.084034 0.332709 0.168067 0.057551
2 0.409738 0.335121 0.228614 0.033503
17 0.084034 0.210501 0.168067 0.043338
17 0.084034 0.253839 0.168067 0.043338
17 0.084034 0.297176 0.168067 0.043338
17 0.084034 0.340514 0.168067 0.043338
17 0.084034 0.383852 0.168067 0.043338
17 0.084034 0.427189 0.168067 0.043338
17 0.084034 0.470527 0.168067 0.043338
17 0.084034 0.513864 0.168067 0.043338
17 0.202345 0.148572 0.134454 0.043338
17 0.202345 0.191910 0.134454 0.043338
0 0.595925 0.336136 0.143760 0.035533
0 0.593561 0.399080 0.112772 0.035533
0 0.593561 0.455933 0.112772 0.035533
0 0.593561 0.583852 0.112772 0.035533
4 0.590147 0.399080 0.105945 0.035533
0 0.597500 0.491466 0.104894 0.035533
0 0.597500 0.526999 0.104894 0.035533
0 0.597500 0.619385 0.104894 0.035533
0 0.597500 0.654918 0.104894 0.035533
10 0.068540 0.028886 0.091912 0.038579
18 0.699580 0.334105 0.064601 0.045685
1 0.736981 0.250904 0.128898 0.042735
10 0.233456 0.158376 0.097164 0.022335
1 0.256303 0.282194 0.142857 0.034914
1 0.256303 0.265855 0.142857 0.034914
0 0.912942 0.030457 0.055401 0.035533
0 0.778324 0.249841 0.038939 0.040609
0 0.787196 0.249841 0.038939 0.040609
0 0.852240 0.249841 0.038939 0.040609
0 0.692001 0.249841 0.038939 0.040609
0 0.950774 0.249841 0.038939 0.040609
18 0.417636 0.254918 0.038939 0.040609
18 0.473415 0.254918 0.038939 0.040609
18 0.424070 0.254918 0.038939 0.040609
18 0.428879 0.254918 0.038939 0.040609
18 0.519626 0.254918 0.038939 0.040609
18 0.505026 0.254918 0.038939 0.040609
18 0.483444 0.254918 0.038939 0.040609
4 0.568778 0.491466 0.047449 0.035533
4 0.568778 0.619385 0.047449 0.035533
4 0.568675 0.526999 0.047244 0.035533
4 0.568675 0.654918 0.047244 0.035533
4 0.558097 0.455933 0.041844 0.035533
4 0.555873 0.583852 0.037397 0.035533
18 0.286239 0.335121 0.018382 0.059898
0 0.013130 0.634708 0.015756 0.030457
0 0.978992 0.634708 0.015756 0.030457
0 0.487658 0.778982 0.004202 0.008122
0 0.496061 0.778982 0.004202 0.008122
0 0.504464 0.778982 0.004202 0.008122
