10 0.288866 0.690744 0.131828 0.329711
16 0.426996 0.386294 0.131828 0.254822
10 0.288866 0.386294 0.131828 0.254822
10 0.565126 0.786516 0.131828 0.254822
1 0.426996 0.386294 0.131828 0.254822
10 0.703256 0.593480 0.131828 0.228807
10 0.703256 0.362889 0.131828 0.208011
10 0.565126 0.354442 0.131828 0.191117
16 0.565126 0.554553 0.131828 0.184740
10 0.703256 0.813499 0.131828 0.186865
10 0.426996 0.613912 0.131828 0.176047
1 0.565126 0.554553 0.131828 0.184740
10 0.426996 0.787238 0.131828 0.146240
10 0.288866 0.933891 0.131828 0.132218
10 0.426996 0.936271 0.131828 0.127459
2 0.478204 0.109645 0.510504 0.025381
10 0.703256 0.959557 0.131828 0.080885
10 0.565126 0.963055 0.131828 0.073890
10 0.267332 0.038571 0.097164 0.046272
0 0.729312 0.945527 0.034139 0.075825
1 0.276265 0.177157 0.106626 0.045685
1 0.563054 0.177157 0.101177 0.045685
0 0.729312 0.930631 0.034139 0.046034
1 0.461799 0.177157 0.092929 0.045685
1 0.814277 0.177157 0.087259 0.045685
0 0.729312 0.969559 0.034139 0.027760
1 0.656734 0.177157 0.077780 0.045685
1 0.372456 0.177157 0.077354 0.045685
1 0.733136 0.177157 0.066620 0.045685
1 0.664132 0.229442 0.070025 0.038579
