1 0.269876 0.662127 0.177882 0.072763
1 0.523934 0.422303 0.178153 0.073096
9 0.496061 0.054822 0.107143 0.048731
1 0.496061 0.073096 0.107143 0.022335
2 0.874737 0.095431 0.192752 0.056853
2 0.633666 0.552792 0.131828 0.031472
3 0.363971 0.626904 0.132353 0.035533
3 0.890756 0.447716 0.057773 0.024365
4 0.577468 0.023858 0.000525 0.001015
5 0.438813 0.426904 0.006828 0.013198
5 0.300158 0.916751 0.042542 0.034518
5 0.832721 0.018782 0.000525 0.001015
6 0.378676 0.890355 0.010504 0.020305
6 0.110819 0.858883 0.010504 0.020305
6 0.113445 0.054822 0.010504 0.020305
7 0.325630 0.175635 0.260504 0.162437
7 0.329832 0.903553 0.314076 0.113706
7 0.609769 0.385279 0.747899 0.001015
7 0.482668 0.219289 0.297269 0.032487
10 0.734769 0.803553 0.057773 0.049746
10 0.305147 0.095431 0.010504 0.020305
10 0.874475 0.778173 0.024160 0.047716
12 0.212710 0.281218 0.025210 0.048731
13 0.086922 0.141117 0.110819 0.036548
13 0.768908 0.431472 0.014706 0.028426
13 0.063025 0.339086 0.016807 0.032487
13 0.682248 0.814213 0.050420 0.083249
13 0.597689 0.461929 0.059874 0.042640
14 0.015494 0.877157 0.022584 0.042640
14 0.264706 0.529442 0.014706 0.027411
14 0.156513 0.111168 0.007353 0.015228
14 0.772059 0.767005 0.009454 0.017259
14 0.700630 0.926904 0.021008 0.040609
14 0.547006 0.410152 0.007878 0.020305
14 0.063025 0.072081 0.012605 0.024365
