2 0.239496 0.643655 0.005252 0.040609
2 0.220063 0.051777 0.201681 0.036548
3 0.126313 0.410152 0.027836 0.012183
3 0.168067 0.191878 0.105042 0.032487
3 0.418592 0.846193 0.085084 0.059898
4 0.888130 0.606091 0.113445 0.026396
4 0.047006 0.125381 0.035189 0.015228
5 0.434611 0.812690 0.006828 0.013198
6 0.777836 0.265990 0.010504 0.020305
7 0.504202 0.808122 0.423319 0.097462
7 0.530987 0.035025 0.747899 0.001015
7 0.244223 0.258883 0.314076 0.113706
7 0.391807 0.256853 0.297269 0.032487
7 0.449580 0.339086 0.314076 0.113706
10 0.327731 0.507614 0.192227 0.026396
10 0.725840 0.448731 0.019958 0.026396
10 0.942227 0.519797 0.092437 0.038579
10 0.716387 0.844670 0.019958 0.026396
10 0.225840 0.722843 0.010504 0.020305
12 0.299895 0.565482 0.011555 0.022335
13 0.877363 0.123858 0.045693 0.040609
13 0.306723 0.054822 0.008403 0.016244
14 0.897059 0.603046 0.018908 0.036548
