9 0.703987 0.511358 0.359359 0.694638
9 0.038472 0.511358 0.076943 0.694638
0 0.192235 0.697430 0.136046 0.074778
1 0.192489 0.061715 0.157563 0.070638
0 0.837415 0.061715 0.081998 0.070638
0 0.661038 0.061715 0.076426 0.070638
0 0.965467 0.737928 0.069065 0.074778
0 0.723674 0.061715 0.048845 0.070638
0 0.772256 0.061715 0.048319 0.070638
0 0.457721 0.954109 0.076681 0.044670
0 0.534401 0.954109 0.076681 0.044670
0 0.103204 0.491053 0.021008 0.040609
0 0.888918 0.491053 0.021008 0.040609
0 0.485167 0.820606 0.005638 0.045685
0 0.501309 0.820606 0.005638 0.045685
0 0.517451 0.820606 0.005638 0.045685
1 0.192235 0.757662 0.061072 0.021320
2 0.608193 0.074112 0.239496 0.052792
2 0.298582 0.759391 0.076155 0.036548
3 0.392332 0.061929 0.105042 0.032487
3 0.494748 0.539594 0.085084 0.059898
4 0.360294 0.487310 0.015756 0.018274
4 0.553571 0.645685 0.008403 0.016244
4 0.481092 0.905584 0.072479 0.020305
5 0.596639 0.829442 0.077731 0.032487
5 0.804622 0.915736 0.039916 0.034518
5 0.242384 0.198477 0.000525 0.001015
5 0.366859 0.374112 0.006828 0.013198
6 0.747899 0.473096 0.010504 0.020305
6 0.017595 0.838071 0.006828 0.013198
7 0.672269 0.475127 0.297269 0.032487
7 0.417542 0.783756 0.327731 0.030457
7 0.400735 0.796447 0.747899 0.001015
7 0.313550 0.917766 0.260504 0.162437
10 0.402048 0.305584 0.335609 0.507614
10 0.352416 0.352284 0.010504 0.020305
13 0.410452 0.712690 0.089811 0.111675
13 0.051996 0.719797 0.012605 0.024365
13 0.914916 0.812183 0.014706 0.028426
13 0.390756 0.484264 0.097689 0.054822
14 0.739496 0.964467 0.025210 0.048731
14 0.041492 0.383756 0.012605 0.024365
14 0.142857 0.681218 0.012605 0.024365
14 0.103204 0.550254 0.005777 0.010152
