9 0.659139 0.352887 0.350315 0.380901
9 0.370536 0.928522 0.491597 0.142957
9 0.748687 0.928522 0.239496 0.142957
0 0.214466 0.428014 0.113281 0.040609
0 0.418424 0.774810 0.077510 0.048731
0 0.503992 0.774810 0.076820 0.048731
0 0.694537 0.774810 0.066513 0.048731
0 0.296813 0.774810 0.064987 0.048731
0 0.628594 0.774810 0.048566 0.048731
0 0.573357 0.774810 0.045102 0.048731
0 0.354488 0.774810 0.033556 0.048731
9 0.057248 0.041497 0.047269 0.034264
0 0.555246 0.040609 0.044544 0.032487
0 0.510927 0.040609 0.039891 0.032487
0 0.440487 0.040609 0.037027 0.032487
0 0.403558 0.040609 0.032629 0.032487
0 0.474991 0.040609 0.027779 0.032487
0 0.592244 0.040609 0.025251 0.032487
0 0.817489 0.510850 0.016807 0.032487
0 0.798582 0.510850 0.016807 0.032487
1 0.178399 0.974810 0.073710 0.040609
1 0.901043 0.040609 0.038857 0.032487
1 0.690680 0.993496 0.089868 0.013008
1 0.941591 0.040609 0.033835 0.032487
2 0.429884 0.975635 0.076155 0.036548
2 0.063550 0.667513 0.107143 0.029442
2 0.194328 0.089340 0.130252 0.020305
3 0.278624 0.465482 0.115021 0.021320
3 0.419380 0.242132 0.106618 0.021320
3 0.454569 0.572081 0.183298 0.043655
4 0.199317 0.743655 0.042542 0.019289
4 0.184874 0.036548 0.113445 0.026396
4 0.536765 0.196447 0.057773 0.047716
5 0.603729 0.555838 0.006828 0.013198
5 0.754464 0.918782 0.055147 0.034518
5 0.903624 0.467513 0.006828 0.013198
5 0.565389 0.780203 0.006828 0.013198
5 0.007090 0.495939 0.006828 0.013198
5 0.150998 0.816751 0.006828 0.013198
6 0.506565 0.628934 0.006828 0.013198
6 0.823004 0.068020 0.010504 0.020305
6 0.774160 0.245685 0.010504 0.020305
7 0.660189 0.172589 0.314076 0.113706
7 0.595063 0.125888 0.297269 0.032487
7 0.588761 0.109645 0.260504 0.162437
7 0.724265 0.797970 0.260504 0.162437
10 0.718225 0.310660 0.335609 0.507614
10 0.748424 0.602030 0.173319 0.227411
10 0.231880 0.261421 0.131828 0.254822
10 0.972689 0.232487 0.023109 0.044670
12 0.843750 0.644162 0.231618 0.049746
12 0.956933 0.810152 0.023109 0.044670
12 0.643382 0.670051 0.022059 0.024365
13 0.422532 0.268020 0.019433 0.014213
13 0.521534 0.517766 0.008403 0.016244
13 0.835084 0.126904 0.004202 0.004061
14 0.584296 0.221320 0.017332 0.032487
