12 0.504464 0.328934 0.457983 0.035533
9 0.239057 0.833114 0.068259 0.097383
9 0.470150 0.717378 0.068259 0.097383
9 0.701242 0.717378 0.068259 0.097383
9 0.239057 0.717378 0.068259 0.097383
9 0.701242 0.833114 0.068259 0.097383
9 0.932335 0.833114 0.068259 0.097383
9 0.470150 0.833114 0.068259 0.097383
11 0.060173 0.029442 0.110893 0.040609
11 0.060173 0.070051 0.110893 0.040609
11 0.060173 0.127919 0.110893 0.040609
11 0.060173 0.168528 0.110893 0.040609
11 0.060173 0.209137 0.110893 0.040609
11 0.060173 0.249746 0.110893 0.040609
11 0.060173 0.307614 0.110893 0.040609
0 0.585896 0.263959 0.064962 0.040609
0 0.402455 0.263959 0.059406 0.040609
0 0.645397 0.263959 0.054039 0.040609
0 0.813698 0.032487 0.053998 0.040609
0 0.948944 0.032487 0.052743 0.040609
0 0.309554 0.263959 0.043494 0.040609
0 0.453855 0.263959 0.043395 0.040609
0 0.352026 0.263959 0.041451 0.040609
0 0.495716 0.263959 0.040326 0.040609
0 0.863901 0.032487 0.038004 0.040609
0 0.534647 0.263959 0.037536 0.040609
0 0.688362 0.263959 0.031890 0.040609
0 0.902738 0.032487 0.031266 0.040609
0 0.035714 0.288325 0.021008 0.040609
0 0.956408 0.288325 0.021008 0.040609
0 0.727153 0.389848 0.021008 0.040609
12 0.269170 0.328934 0.012605 0.024365
0 0.477153 0.484264 0.016807 0.006091
0 0.496061 0.484264 0.016807 0.006091
0 0.514968 0.484264 0.016807 0.006091
1 0.741096 0.389848 0.068031 0.032487
1 0.910550 0.478680 0.112723 0.017259
1 0.047363 0.032487 0.061113 0.032487
1 0.352346 0.389848 0.049362 0.032487
1 0.599815 0.389848 0.045283 0.032487
1 0.493714 0.389848 0.043100 0.032487
1 0.647740 0.389848 0.042165 0.032487
1 0.306686 0.389848 0.033556 0.032487
1 0.270085 0.389848 0.031242 0.032487
1 0.429581 0.389848 0.031168 0.032487
1 0.308479 0.808629 0.048155 0.019289
1 0.687951 0.389848 0.029855 0.032487
2 0.137080 0.646701 0.201681 0.036548
2 0.760504 0.775127 0.033613 0.033503
2 0.305147 0.702030 0.116597 0.027411
2 0.691439 0.470051 0.216912 0.040609
2 0.800158 0.646701 0.054097 0.050761
2 0.807773 0.737056 0.074580 0.036548
3 0.311187 0.548731 0.083508 0.043655
3 0.405200 0.694924 0.183298 0.043655
3 0.142857 0.319797 0.006303 0.020305
4 0.698267 0.361929 0.094013 0.023350
4 0.847689 0.646701 0.113445 0.026396
4 0.607143 0.585787 0.113445 0.022335
4 0.700630 0.085787 0.047269 0.035533
4 0.752626 0.100508 0.113445 0.026396
5 0.318803 0.377665 0.028361 0.034518
5 0.500000 0.668020 0.028361 0.034518
6 0.591912 0.537056 0.010504 0.020305
6 0.497374 0.851777 0.010504 0.020305
7 0.202206 0.737056 0.327731 0.030457
10 0.714286 0.477157 0.019958 0.038579
10 0.133929 0.402538 0.071429 0.063959
12 0.203256 0.255838 0.022059 0.024365
14 0.977941 0.590355 0.030462 0.049746
14 0.438025 0.477157 0.012605 0.024365
