9 0.496061 0.629410 0.264706 0.243655
9 0.408088 0.883740 0.226366 0.232519
0 0.868435 0.871486 0.222164 0.208296
9 0.907957 0.883740 0.184086 0.232519
9 0.829569 0.629410 0.170168 0.243655
9 0.270221 0.629410 0.170168 0.243655
9 0.201418 0.883740 0.170168 0.232519
9 0.722426 0.883740 0.170168 0.232519
9 0.686450 0.629410 0.099265 0.243655
9 0.127101 0.629410 0.099265 0.243655
9 0.058298 0.883740 0.099265 0.232519
9 0.579307 0.883740 0.099265 0.232519
9 0.961528 0.629410 0.076943 0.243655
9 0.034533 0.629410 0.069066 0.243655
2 0.691152 0.034518 0.216912 0.040609
0 0.868435 0.889340 0.204307 0.040609
0 0.868435 0.938071 0.204307 0.040609
1 0.496053 0.118369 0.135980 0.041815
0 0.304737 0.034518 0.051782 0.041878
0 0.224589 0.034518 0.041089 0.041878
0 0.261990 0.034518 0.033712 0.041878
1 0.496061 0.430425 0.097082 0.040609
1 0.145221 0.034518 0.084034 0.044670
0 0.808011 0.034518 0.016807 0.032487
0 0.825868 0.034518 0.016807 0.032487
0 0.568253 0.034518 0.028887 0.015228
9 0.000131 0.883740 0.000263 0.232519
1 0.355982 0.034518 0.050707 0.041878
1 0.400579 0.034518 0.038488 0.041878
1 0.876301 0.034518 0.033638 0.033756
2 0.462710 0.133503 0.057773 0.017259
2 0.395483 0.322843 0.201681 0.036548
3 0.082195 0.651269 0.106618 0.021320
3 0.232143 0.231980 0.111345 0.025381
3 0.266807 0.813706 0.006303 0.013198
3 0.434086 0.075635 0.115021 0.021320
3 0.524685 0.331472 0.065126 0.031472
3 0.482405 0.953807 0.115021 0.021320
4 0.444328 0.463959 0.113445 0.026396
4 0.387080 0.158376 0.113445 0.026396
4 0.926471 0.404061 0.113445 0.026396
5 0.881303 0.065990 0.012605 0.024365
5 0.121586 0.577157 0.006828 0.013198
5 0.426471 0.273096 0.028361 0.034518
5 0.553046 0.797970 0.053571 0.034518
5 0.141019 0.400508 0.006828 0.013198
6 0.239496 0.079188 0.010504 0.020305
6 0.615546 0.617259 0.010504 0.020305
6 0.846639 0.789848 0.010504 0.020305
6 0.388655 0.773604 0.010504 0.020305
6 0.977941 0.678173 0.010504 0.020305
7 0.540441 0.717766 0.260504 0.162437
7 0.544118 0.347716 0.747899 0.001015
10 0.392857 0.618274 0.019958 0.026396
10 0.858193 0.189340 0.086134 0.051777
13 0.738183 0.207107 0.101366 0.034518
13 0.526523 0.719797 0.007878 0.016244
13 0.491334 0.408122 0.039391 0.036548
13 0.921218 0.926904 0.012605 0.024365
