1 0.580932 0.906385 0.163028 0.187230
1 0.750677 0.906385 0.163037 0.187230
1 0.411186 0.906385 0.163037 0.187230
1 0.241441 0.906385 0.163028 0.187230
2 0.503336 0.132487 0.772888 0.033503
3 0.067432 0.132487 0.085265 0.059898
12 0.931173 0.132487 0.072282 0.052792
4 0.069443 0.185279 0.088235 0.043655
4 0.069443 0.228934 0.088235 0.043655
4 0.069443 0.272589 0.088235 0.043655
4 0.069443 0.316244 0.088235 0.043655
4 0.069443 0.359898 0.088235 0.043655
4 0.069443 0.403553 0.088235 0.043655
11 0.175375 0.058376 0.060030 0.051364
11 0.228163 0.058376 0.045546 0.051364
11 0.123572 0.058376 0.043576 0.051364
11 0.082405 0.058376 0.038759 0.051364
1 0.625611 0.650857 0.137285 0.029442
9 0.035714 0.042132 0.042017 0.034772
0 0.527684 0.398905 0.085404 0.016339
0 0.543449 0.398905 0.080628 0.016339
0 0.535764 0.398905 0.079487 0.016339
0 0.391995 0.043909 0.044594 0.016339
0 0.907506 0.043401 0.032776 0.016339
9 0.369428 0.702728 0.010504 0.030457
0 0.167226 0.182868 0.021082 0.015863
14 0.961922 0.111977 0.007878 0.015228
1 0.038866 0.043147 0.048319 0.046954
1 0.761259 0.273176 0.120552 0.017259
1 0.472414 0.273176 0.110089 0.017259
1 0.318999 0.043147 0.079340 0.022335
1 0.956695 0.042846 0.041442 0.043655
1 0.611993 0.311342 0.105633 0.017259
1 0.611632 0.273176 0.104911 0.017259
2 0.576155 0.166497 0.021008 0.040609
2 0.246586 0.232487 0.216912 0.040609
3 0.487395 0.556345 0.006303 0.020305
3 0.705095 0.573604 0.027836 0.012183
4 0.751313 0.510660 0.106618 0.018274
4 0.143120 0.354315 0.162290 0.024365
4 0.788078 0.579695 0.162290 0.024365
4 0.368697 0.081218 0.113445 0.022335
5 0.420431 0.548731 0.006828 0.013198
5 0.079832 0.416244 0.053571 0.034518
6 0.755252 0.089340 0.010504 0.020305
6 0.791492 0.217259 0.010504 0.020305
7 0.486345 0.646701 0.423319 0.097462
7 0.839286 0.400000 0.297269 0.032487
7 0.481618 0.318274 0.747899 0.001015
10 0.524947 0.801523 0.044643 0.049746
10 0.628151 0.635533 0.019958 0.026396
10 0.619748 0.929442 0.086134 0.051777
12 0.301471 0.425381 0.019958 0.038579
13 0.036765 0.802538 0.021008 0.039594
13 0.745273 0.365990 0.029412 0.057868
13 0.558298 0.452792 0.008403 0.016244
13 0.746324 0.476142 0.015756 0.030457
14 0.681723 0.301523 0.023109 0.044670
14 0.612658 0.810152 0.005777 0.010152
14 0.863445 0.416244 0.013655 0.028426
14 0.213235 0.929949 0.012605 0.024365
14 0.735819 0.574619 0.012605 0.024365
