12 0.698267 0.140609 0.210084 0.040609
0 0.243697 0.804997 0.092962 0.048731
0 0.243697 0.804997 0.094013 0.036548
9 0.236287 0.072081 0.094948 0.030457
4 0.243697 0.464340 0.094013 0.023953
4 0.243697 0.432265 0.094013 0.023953
4 0.243697 0.496415 0.094013 0.023953
4 0.243697 0.880933 0.094013 0.023953
4 0.243697 0.400190 0.094013 0.023953
4 0.243697 0.958693 0.094013 0.023953
4 0.243697 0.574175 0.094013 0.023953
4 0.243697 0.766624 0.094013 0.023953
4 0.243697 0.606250 0.094013 0.023953
4 0.243697 0.638325 0.094013 0.023953
4 0.243697 0.670400 0.094013 0.023953
4 0.243697 0.734549 0.094013 0.023953
4 0.243697 0.702475 0.094013 0.023953
11 0.795956 0.072081 0.025210 0.048731
0 0.704963 0.072081 0.030676 0.040609
0 0.795956 0.072081 0.025210 0.048731
0 0.781697 0.376031 0.025826 0.036548
0 0.781180 0.433899 0.025826 0.036548
0 0.781697 0.491767 0.025826 0.036548
0 0.781180 0.549635 0.025826 0.036548
0 0.781697 0.607503 0.025826 0.036548
0 0.781180 0.665371 0.025826 0.036548
0 0.781697 0.723239 0.025826 0.036548
0 0.781180 0.781107 0.025826 0.036548
0 0.781697 0.838975 0.025826 0.036548
0 0.781180 0.896843 0.025826 0.036548
0 0.781697 0.954711 0.025826 0.036548
0 0.638865 0.324762 0.029239 0.025381
0 0.581235 0.324762 0.027557 0.025381
12 0.791229 0.142640 0.018908 0.036548
0 0.243697 0.804997 0.042165 0.016244
0 0.322270 0.324762 0.025317 0.025381
0 0.462144 0.324762 0.016528 0.025381
0 0.518489 0.324762 0.015641 0.025381
12 0.791229 0.140609 0.012605 0.024365
0 0.283088 0.324762 0.013130 0.025381
5 0.202731 0.880933 0.006828 0.013198
5 0.202731 0.958693 0.006828 0.013198
5 0.202731 0.432265 0.006828 0.013198
5 0.202731 0.464340 0.006828 0.013198
5 0.202731 0.496415 0.006828 0.013198
0 0.781180 0.997153 0.025826 0.005695
5 0.202731 0.400190 0.006828 0.013198
5 0.202731 0.766624 0.006828 0.013198
5 0.202731 0.574175 0.006828 0.013198
5 0.202731 0.606250 0.006828 0.013198
5 0.202731 0.638325 0.006828 0.013198
5 0.202731 0.670400 0.006828 0.013198
5 0.202731 0.702475 0.006828 0.013198
5 0.202731 0.734549 0.006828 0.013198
1 0.751826 0.072081 0.060949 0.040609
1 0.311634 0.140102 0.060375 0.040609
1 0.254271 0.140102 0.052250 0.040609
1 0.345482 0.607503 0.071740 0.025381
1 0.205328 0.140102 0.043535 0.040609
1 0.343533 0.665371 0.066792 0.025381
1 0.342872 0.838975 0.066521 0.025381
1 0.342650 0.896843 0.065028 0.025381
1 0.340402 0.376031 0.061581 0.025381
1 0.339737 0.954711 0.060251 0.025381
1 0.337538 0.723239 0.055853 0.025381
1 0.335314 0.549635 0.050355 0.025381
2 0.247637 0.074112 0.076155 0.036548
3 0.240284 0.543655 0.083508 0.043655
3 0.530462 0.926396 0.132353 0.035533
3 0.412815 0.688325 0.105042 0.032487
3 0.772059 0.360406 0.057773 0.024365
3 0.766807 0.043147 0.037815 0.047716
3 0.792017 0.356853 0.132353 0.035533
3 0.201418 0.185279 0.106618 0.021320
4 0.331933 0.777157 0.044118 0.015228
4 0.159139 0.112690 0.113445 0.026396
5 0.314338 0.825888 0.006828 0.013198
5 0.168330 0.034010 0.006828 0.013198
6 0.439076 0.434518 0.010504 0.020305
6 0.521534 0.047716 0.010504 0.020305
6 0.114233 0.333503 0.006828 0.013198
6 0.086134 0.276142 0.010504 0.020305
7 0.555147 0.816244 0.423319 0.097462
7 0.363971 0.068020 0.423319 0.097462
7 0.314076 0.942132 0.423319 0.097462
7 0.580357 0.456853 0.297269 0.032487
10 0.334296 0.340609 0.131828 0.254822
10 0.922794 0.787817 0.019958 0.038579
13 0.567227 0.163452 0.017857 0.034518
13 0.161502 0.161929 0.046744 0.043655
13 0.924370 0.155330 0.014706 0.028426
13 0.306197 0.052792 0.014706 0.028426
14 0.046218 0.356345 0.025210 0.048731
14 0.262080 0.926904 0.025210 0.048731
14 0.639706 0.153807 0.016807 0.037563
