4 0.500000 0.449128 0.308824 0.039594
0 0.500000 0.373493 0.315126 0.024365
0 0.628123 0.548620 0.058881 0.033503
0 0.366396 0.549635 0.047917 0.035533
1 0.529527 0.336945 0.106601 0.020305
1 0.419877 0.449128 0.101308 0.020305
2 0.530200 0.242132 0.131828 0.031472
2 0.228466 0.654822 0.168067 0.036548
3 0.356880 0.504569 0.027836 0.012183
3 0.253676 0.811675 0.037815 0.047716
3 0.565126 0.538071 0.057773 0.024365
4 0.792542 0.228426 0.161765 0.024365
5 0.937237 0.129442 0.006828 0.013198
5 0.397584 0.625381 0.031513 0.040609
5 0.539128 0.386294 0.006828 0.013198
6 0.490284 0.740609 0.006828 0.013198
6 0.991597 0.176650 0.010504 0.020305
6 0.651786 0.955330 0.010504 0.020305
7 0.563025 0.695939 0.747899 0.001015
7 0.306723 0.704569 0.297269 0.032487
7 0.636029 0.257868 0.327731 0.030457
10 0.121849 0.542132 0.019958 0.026396
10 0.449317 0.605584 0.053046 0.049746
10 0.843487 0.792893 0.022059 0.042640
12 0.341124 0.762944 0.234769 0.049746
12 0.050945 0.161421 0.021008 0.040609
13 0.616071 0.878173 0.017857 0.032487
13 0.101366 0.356345 0.012605 0.024365
13 0.634191 0.407107 0.065651 0.048731
13 0.766282 0.702538 0.015756 0.030457
13 0.520483 0.712183 0.714286 0.090355
