1 0.279543 0.886294 0.072742 0.203046
1 0.437631 0.886294 0.072742 0.203046
1 0.633535 0.886294 0.072742 0.203046
1 0.358587 0.886294 0.072742 0.203046
1 0.200499 0.886294 0.072742 0.203046
1 0.712579 0.886294 0.072742 0.203046
1 0.791623 0.886294 0.072742 0.203046
1 0.554491 0.886294 0.072742 0.203046
0 0.624056 0.445685 0.138967 0.060914
12 0.424476 0.445685 0.234982 0.022335
0 0.652237 0.445685 0.082606 0.060914
9 0.200499 0.883756 0.055935 0.081091
9 0.279543 0.883756 0.055935 0.081091
9 0.358587 0.891371 0.055935 0.081091
9 0.437631 0.883756 0.055935 0.081091
9 0.554491 0.881218 0.055935 0.081091
9 0.633535 0.873604 0.055935 0.081091
9 0.712579 0.873604 0.055935 0.081091
9 0.791623 0.881218 0.055935 0.081091
0 0.951660 0.953299 0.070419 0.044670
0 0.635233 0.020305 0.132911 0.022335
11 0.464015 0.109645 0.123851 0.020305
11 0.807707 0.109645 0.048976 0.048731
11 0.277775 0.109645 0.097041 0.020305
11 0.750574 0.109645 0.052685 0.036548
0 0.249975 0.945178 0.045053 0.036548
0 0.652237 0.445685 0.048992 0.026396
0 0.462447 0.740102 0.023109 0.048731
0 0.576451 0.445685 0.043757 0.024365
11 0.364192 0.109645 0.050584 0.020305
0 0.959013 0.953299 0.034705 0.020305
0 0.249975 0.945178 0.028246 0.018274
0 0.807707 0.109645 0.023766 0.020305
9 0.296727 0.020305 0.012605 0.024365
0 0.560875 0.445685 0.012605 0.024365
0 0.462447 0.740102 0.010504 0.024365
14 0.981618 0.017259 0.010504 0.020305
0 0.981618 0.017259 0.010504 0.020305
0 0.462447 0.740102 0.010504 0.020305
0 0.932207 0.953299 0.010504 0.020305
11 0.322093 0.109645 0.008403 0.016244
11 0.385283 0.109645 0.008403 0.016244
11 0.521739 0.109645 0.008403 0.016244
11 0.768514 0.109645 0.008403 0.016244
1 0.400013 0.519289 0.043215 0.029442
1 0.191439 0.109645 0.042017 0.024365
1 0.535004 0.518782 0.033523 0.028426
1 0.498478 0.518782 0.031127 0.028426
2 0.703782 0.590863 0.168067 0.036548
2 0.443015 0.801015 0.157038 0.048731
3 0.287290 0.183249 0.037815 0.047716
3 0.314601 0.220305 0.006303 0.020305
3 0.813813 0.795431 0.106618 0.021320
4 0.474265 0.525888 0.113445 0.026396
4 0.693803 0.169543 0.113445 0.026396
5 0.335609 0.126904 0.031513 0.040609
5 0.367384 0.500000 0.006828 0.013198
5 0.094013 0.174619 0.012605 0.024365
5 0.692489 0.481726 0.006828 0.013198
6 0.933824 0.680203 0.010504 0.020305
6 0.755777 0.980711 0.010504 0.020305
6 0.454832 0.214213 0.010504 0.020305
7 0.452731 0.384772 0.423319 0.097462
7 0.503151 0.269036 0.423319 0.097462
7 0.471639 0.441624 0.327731 0.030457
10 0.600315 0.364975 0.021008 0.047716
10 0.547794 0.791878 0.019958 0.026396
10 0.557248 0.269036 0.192227 0.026396
10 0.799895 0.612690 0.161765 0.025381
13 0.038340 0.448731 0.021008 0.040609
13 0.851891 0.119797 0.015756 0.030457
14 0.429097 0.771574 0.012605 0.024365
