9 0.496061 0.433503 0.420168 0.621320
1 0.496061 0.973604 0.512605 0.052792
1 0.503414 0.906599 0.476891 0.024365
1 0.496061 0.088832 0.193277 0.043655
0 0.973214 0.028426 0.025210 0.048731
11 0.897584 0.028426 0.033613 0.032487
11 0.939601 0.028426 0.033613 0.032487
0 0.697742 0.634518 0.016807 0.032487
0 0.697742 0.532995 0.012605 0.024365
0 0.697742 0.557360 0.012605 0.024365
0 0.697742 0.581726 0.012605 0.024365
0 0.697742 0.606091 0.012605 0.024365
1 0.411605 0.778680 0.069106 0.020305
1 0.504472 0.778680 0.066176 0.020305
1 0.593664 0.778680 0.061753 0.020305
2 0.751838 0.106091 0.283088 0.043655
2 0.312500 0.143147 0.189076 0.040609
2 0.525735 0.516244 0.149160 0.021320
2 0.067227 0.544162 0.105042 0.046701
2 0.118172 0.394416 0.116597 0.027411
2 0.514968 0.603046 0.157038 0.048731
2 0.485294 0.890863 0.773109 0.033503
2 0.460872 0.894416 0.023634 0.040609
3 0.514443 0.500000 0.183298 0.043655
3 0.901523 0.933503 0.183298 0.043655
4 0.162027 0.429949 0.236870 0.063959
4 0.307773 0.739086 0.113445 0.022335
5 0.450105 0.175635 0.053571 0.034518
5 0.093750 0.599492 0.006828 0.013198
5 0.556723 0.847716 0.012605 0.024365
6 0.428571 0.385787 0.010504 0.020305
6 0.393908 0.072081 0.010504 0.020305
6 0.330882 0.614213 0.010504 0.020305
7 0.450630 0.809645 0.747899 0.001015
7 0.578782 0.814721 0.747899 0.001015
10 0.283613 0.324873 0.019958 0.026396
10 0.720063 0.066497 0.029412 0.057868
10 0.642069 0.477157 0.335609 0.507614
12 0.617647 0.232487 0.393908 0.056853
12 0.770483 0.336041 0.068277 0.036548
13 0.657563 0.814213 0.014706 0.028426
14 0.209034 0.757360 0.012605 0.024365
14 0.278361 0.616244 0.073529 0.052792
14 0.459296 0.378680 0.022584 0.042640
14 0.094275 0.334010 0.170693 0.040609
