9 0.496061 0.733050 0.992122 0.533899
0 0.179064 0.032487 0.088580 0.040609
0 0.468487 0.372621 0.064765 0.044670
9 0.083709 0.032487 0.087423 0.032487
0 0.255367 0.032487 0.059825 0.040609
0 0.532645 0.372621 0.046744 0.024365
0 0.468487 0.372621 0.045857 0.024365
14 0.945296 0.092846 0.012605 0.024365
1 0.840291 0.337516 0.069402 0.022335
2 0.800945 0.087817 0.294118 0.027411
2 0.862658 0.500000 0.034139 0.021320
3 0.768645 0.056345 0.183298 0.043655
3 0.991071 0.724873 0.006303 0.020305
3 0.690914 0.908122 0.183298 0.043655
3 0.892332 0.386802 0.105042 0.032487
4 0.152836 0.514721 0.113445 0.026396
4 0.768120 0.272081 0.041492 0.048731
4 0.712447 0.181726 0.011029 0.018274
4 0.635504 0.629442 0.113445 0.026396
4 0.429622 0.094416 0.113445 0.026396
4 0.344538 0.378680 0.113445 0.026396
5 0.415704 0.206599 0.006828 0.013198
5 0.278099 0.044162 0.006828 0.013198
6 0.654149 0.852284 0.006828 0.013198
7 0.209034 0.660914 0.260504 0.162437
7 0.537815 0.585787 0.314076 0.113706
7 0.212710 0.406091 0.423319 0.097462
10 0.382353 0.578680 0.019958 0.026396
10 0.807773 0.094416 0.019958 0.026396
10 0.793592 0.778680 0.019958 0.026396
10 0.880252 0.120812 0.023109 0.044670
10 0.355042 0.943147 0.019958 0.026396
10 0.920431 0.493909 0.044643 0.049746
10 0.302258 0.306091 0.044643 0.049746
12 0.785977 0.856345 0.026786 0.049746
12 0.666229 0.407614 0.000525 0.001015
12 0.731618 0.403046 0.024160 0.046701
14 0.271271 0.632995 0.007878 0.015228
14 0.270746 0.977665 0.290441 0.040609
