9 0.214852 0.034010 0.103992 0.051777
1 0.135525 0.052792 0.262646 0.022335
1 0.500000 0.638071 0.058348 0.017259
1 0.169446 0.102538 0.040261 0.022335
1 0.830443 0.102538 0.027434 0.022335
1 0.499943 0.102538 0.020434 0.022335
2 0.603204 0.148223 0.216912 0.040609
2 0.711922 0.791878 0.192752 0.056853
2 0.123687 0.806091 0.076155 0.036548
2 0.729254 0.563452 0.076155 0.036548
3 0.688550 0.608122 0.006303 0.020305
3 0.574580 0.419797 0.006303 0.013198
4 0.548319 0.784772 0.161765 0.024365
4 0.379727 0.893401 0.113445 0.026396
4 0.822742 0.428426 0.100315 0.016244
4 0.653361 0.246193 0.057773 0.047716
4 0.526786 0.349239 0.130252 0.012183
5 0.445116 0.937056 0.055147 0.034518
5 0.135767 0.582234 0.006828 0.013198
5 0.256040 0.208629 0.006828 0.013198
6 0.952731 0.345178 0.010504 0.020305
6 0.772584 0.640609 0.010504 0.020305
6 0.535452 0.280711 0.006828 0.013198
7 0.804622 0.777665 0.260504 0.162437
7 0.765231 0.493401 0.327731 0.030457
7 0.480042 0.569036 0.747899 0.001015
7 0.171218 0.404061 0.327731 0.030457
7 0.868697 0.567513 0.260504 0.162437
10 0.095588 0.827919 0.086134 0.051777
10 0.210609 0.273096 0.022059 0.042640
10 0.807248 0.730964 0.010504 0.020305
10 0.557248 0.906091 0.086134 0.051777
10 0.575368 0.851777 0.131828 0.184772
10 0.121586 0.588325 0.053046 0.049746
10 0.297269 0.277665 0.024160 0.047716
12 0.931197 0.018274 0.022059 0.024365
12 0.871849 0.677157 0.010504 0.020305
13 0.118172 0.606091 0.021008 0.040609
13 0.206933 0.183756 0.014706 0.028426
13 0.033613 0.638071 0.012605 0.023350
13 0.397584 0.469036 0.021008 0.040609
14 0.532038 0.262944 0.012605 0.024365
14 0.245798 0.221320 0.025210 0.048731
14 0.918330 0.858883 0.007878 0.020305
