0 0.361759 0.434914 0.038644 0.031472
2 0.827994 0.722843 0.023634 0.040609
3 0.932248 0.698985 0.065126 0.031472
3 0.780987 0.594924 0.057773 0.024365
3 0.197742 0.157360 0.027836 0.012183
3 0.293592 0.064975 0.105042 0.032487
4 0.647059 0.350254 0.017857 0.018274
5 0.550683 0.460914 0.024685 0.048731
6 0.142857 0.638579 0.010504 0.020305
6 0.782563 0.505584 0.010504 0.020305
7 0.398634 0.613198 0.327731 0.030457
7 0.553571 0.850254 0.747899 0.001015
7 0.516807 0.667513 0.747899 0.001015
7 0.710084 0.621320 0.297269 0.032487
7 0.604517 0.971066 0.747899 0.001015
7 0.438550 0.119797 0.297269 0.032487
10 0.279412 0.185787 0.023109 0.044670
10 0.123950 0.031980 0.025210 0.047716
12 0.851366 0.611168 0.068277 0.036548
12 0.491597 0.158376 0.025210 0.048731
12 0.076155 0.729442 0.021008 0.023350
13 0.193277 0.132995 0.014706 0.028426
13 0.932773 0.511675 0.014706 0.028426
13 0.829832 0.065990 0.022059 0.042640
14 0.542017 0.361929 0.054622 0.045685
