10 0.635931 0.384264 0.399160 0.516751
10 0.296481 0.947208 0.357143 0.105584
0 0.256122 0.456345 0.276425 0.048731
0 0.119411 0.947208 0.201008 0.040609
0 0.178005 0.456345 0.120191 0.048731
0 0.948037 0.967513 0.071363 0.048731
19 0.946761 0.044670 0.065512 0.048731
0 0.183356 0.947208 0.073119 0.040609
0 0.948037 0.967513 0.067161 0.040609
0 0.045418 0.947208 0.053022 0.040609
0 0.109363 0.947208 0.049657 0.040609
0 0.178005 0.456345 0.069771 0.024365
0 0.183356 0.947208 0.056312 0.024365
0 0.946761 0.044670 0.048705 0.024365
17 0.180898 0.044670 0.045570 0.024365
17 0.300765 0.044670 0.044200 0.024365
17 0.241174 0.044670 0.041369 0.024365
0 0.045418 0.947208 0.036215 0.024365
0 0.109363 0.947208 0.032850 0.024365
0 0.954340 0.967513 0.037749 0.018274
10 0.858070 0.044670 0.016807 0.020305
17 0.197381 0.044670 0.012605 0.024365
17 0.255556 0.044670 0.012605 0.024365
17 0.316562 0.044670 0.012605 0.024365
0 0.924961 0.967513 0.012605 0.024365
1 0.051208 0.044670 0.077206 0.030457
1 0.373925 0.044670 0.068507 0.024365
1 0.873433 0.044670 0.047532 0.024365
1 0.043002 0.884264 0.048188 0.020305
1 0.128164 0.044670 0.026285 0.024365
