9 0.671218 0.685668 0.262605 0.315498
9 0.050707 0.674453 0.101415 0.293068
2 0.469665 0.337056 0.412019 0.021320
0 0.591009 0.105584 0.095408 0.064975
0 0.415975 0.105584 0.075745 0.064975
0 0.345847 0.105584 0.064511 0.064975
0 0.480904 0.105584 0.054113 0.064975
0 0.286814 0.105584 0.053555 0.064975
0 0.233809 0.105584 0.052455 0.064975
0 0.185723 0.105584 0.043716 0.064975
1 0.698845 0.495431 0.105247 0.048731
0 0.709423 0.337056 0.064346 0.040609
0 0.769433 0.044670 0.066176 0.038579
1 0.241597 0.397970 0.121849 0.040609
1 0.241597 0.332995 0.121849 0.040609
1 0.590927 0.495431 0.102186 0.048731
1 0.484773 0.495431 0.101718 0.048731
0 0.525633 0.105584 0.035345 0.064975
1 0.266294 0.758756 0.112420 0.040609
1 0.292833 0.495431 0.088605 0.048731
1 0.385525 0.495431 0.088375 0.048731
0 0.142857 0.665355 0.025210 0.048731
0 0.857143 0.665355 0.025210 0.048731
1 0.668535 0.105584 0.059644 0.064975
1 0.952940 0.766973 0.094119 0.040609
9 0.186975 0.052752 0.046218 0.024445
9 0.666705 0.495431 0.032563 0.032487
9 0.451246 0.495431 0.026261 0.032487
9 0.261136 0.495431 0.016807 0.032487
9 0.353942 0.495431 0.016807 0.032487
9 0.551651 0.495431 0.015231 0.032487
1 0.238253 0.235533 0.115161 0.024365
1 0.238253 0.190863 0.115161 0.024365
9 0.331088 0.994805 0.025210 0.010390
9 0.468906 0.994805 0.025210 0.010390
9 0.606716 0.994805 0.025210 0.010390
9 0.744535 0.994805 0.025210 0.010390
0 0.470588 0.871843 0.023109 0.008122
0 0.500000 0.871843 0.023109 0.008122
0 0.529412 0.871843 0.023109 0.008122
12 0.724790 0.337056 0.010504 0.020305
9 0.190389 0.994805 0.019433 0.010390
2 0.247637 0.275127 0.023634 0.040609
2 0.482668 0.811168 0.168067 0.036548
2 0.253939 0.577665 0.076155 0.036548
2 0.684611 0.197462 0.037290 0.027411
2 0.161239 0.183249 0.033613 0.033503
3 0.323529 0.875635 0.006303 0.013198
3 0.517332 0.120305 0.037815 0.047716
3 0.096113 0.625381 0.006303 0.020305
3 0.252889 0.403046 0.027836 0.012183
3 0.071954 0.739594 0.132353 0.035533
4 0.050158 0.436041 0.000525 0.001015
4 0.066702 0.571066 0.088235 0.043655
4 0.154674 0.479695 0.000525 0.001015
5 0.525998 0.690863 0.006828 0.013198
5 0.043330 0.339594 0.006828 0.013198
5 0.442489 0.315736 0.024685 0.048731
5 0.451418 0.131980 0.042542 0.034518
6 0.742122 0.787817 0.010504 0.020305
6 0.454832 0.873096 0.010504 0.020305
6 0.909139 0.067005 0.010504 0.020305
7 0.639706 0.534010 0.260504 0.162437
7 0.287815 0.422335 0.297269 0.032487
7 0.432773 0.307614 0.260504 0.162437
12 0.775210 0.769543 0.420168 0.056853
12 0.478466 0.026396 0.196429 0.032487
12 0.045431 0.608629 0.059349 0.027411
13 0.357143 0.250761 0.014706 0.028426
13 0.501838 0.187817 0.007878 0.016244
13 0.222164 0.295431 0.014706 0.028426
14 0.458771 0.100000 0.006828 0.013198
14 0.481880 0.865482 0.007878 0.015228
14 0.472689 0.709137 0.030462 0.049746
14 0.163866 0.902538 0.012605 0.024365
