1 0.526158 0.974619 0.028599 0.018274
1 0.559632 0.974619 0.019441 0.018274
2 0.405987 0.951269 0.197479 0.050761
3 0.509979 0.940609 0.085084 0.059898
3 0.701943 0.148731 0.115021 0.021320
3 0.081408 0.596447 0.111345 0.025381
3 0.440651 0.465482 0.085084 0.059898
3 0.333508 0.605584 0.065126 0.031472
4 0.815914 0.878173 0.094013 0.024365
4 0.112395 0.130964 0.113445 0.026396
5 0.959034 0.212183 0.053571 0.034518
5 0.159926 0.277665 0.006828 0.013198
5 0.676996 0.401015 0.016807 0.034518
5 0.833246 0.924873 0.024685 0.048731
5 0.103729 0.949746 0.006828 0.013198
5 0.609506 0.973096 0.006828 0.013198
6 0.236345 0.398985 0.010504 0.020305
6 0.058824 0.867005 0.010504 0.020305
7 0.549370 0.925381 0.747899 0.001015
7 0.149160 0.096447 0.297269 0.032487
7 0.402836 0.934518 0.747899 0.001015
7 0.568277 0.351269 0.423319 0.097462
7 0.577731 0.170558 0.314076 0.113706
10 0.537553 0.383249 0.053046 0.049746
12 0.867910 0.945685 0.043592 0.021320
12 0.600578 0.764975 0.060399 0.043655
13 0.763655 0.951269 0.040966 0.042640
14 0.765494 0.677157 0.007878 0.020305
14 0.209296 0.581726 0.290441 0.040609
14 0.950368 0.063452 0.013130 0.027411
14 0.236607 0.554315 0.007878 0.020305
14 0.795168 0.541117 0.012605 0.024365
