9 0.657563 0.338404 0.304622 0.392544
9 0.084034 0.786802 0.147059 0.385787
0 0.500000 0.574413 0.283613 0.102538
11 0.443327 0.091371 0.377560 0.048731
2 0.500000 0.532789 0.283613 0.043655
0 0.500000 0.605378 0.288866 0.040609
11 0.354533 0.219289 0.162520 0.034518
11 0.354533 0.253807 0.162520 0.034518
11 0.354533 0.288325 0.162520 0.034518
11 0.354533 0.322843 0.162520 0.034518
11 0.354533 0.357360 0.162520 0.034518
11 0.354533 0.391878 0.162520 0.034518
11 0.354533 0.426396 0.162520 0.034518
11 0.532809 0.219289 0.162520 0.034518
11 0.532809 0.253807 0.162520 0.034518
11 0.532809 0.288325 0.162520 0.034518
11 0.532809 0.322843 0.162520 0.034518
11 0.532809 0.357360 0.162520 0.034518
9 0.500000 0.935184 0.048845 0.108629
9 0.500000 0.717925 0.048845 0.108629
9 0.500000 0.826555 0.048845 0.108629
9 0.500000 0.609296 0.048845 0.108629
11 0.552107 0.149032 0.123367 0.036136
11 0.552107 0.185168 0.123367 0.036136
11 0.552107 0.221304 0.123367 0.036136
11 0.552107 0.257440 0.123367 0.036136
11 0.552107 0.293576 0.123367 0.036136
0 0.701139 0.091371 0.085905 0.044670
11 0.520360 0.091371 0.075630 0.048731
11 0.595141 0.091371 0.073932 0.048731
11 0.324473 0.214213 0.108341 0.034518
11 0.324473 0.248731 0.108341 0.034518
11 0.324473 0.283249 0.108341 0.034518
11 0.324473 0.317766 0.108341 0.034518
11 0.324473 0.352284 0.108341 0.034518
11 0.443318 0.214213 0.108341 0.034518
11 0.443318 0.248731 0.108341 0.034518
11 0.443318 0.283249 0.108341 0.034518
11 0.443318 0.317766 0.108341 0.034518
11 0.443318 0.352284 0.108341 0.034518
11 0.443318 0.386802 0.108341 0.034518
11 0.443318 0.421320 0.108341 0.034518
11 0.562164 0.214213 0.108341 0.034518
11 0.562164 0.248731 0.108341 0.034518
11 0.562164 0.283249 0.108341 0.034518
11 0.562164 0.317766 0.108341 0.034518
11 0.562164 0.352284 0.108341 0.034518
11 0.375718 0.149032 0.101177 0.036136
11 0.375718 0.185168 0.101177 0.036136
11 0.375718 0.221304 0.101177 0.036136
11 0.375718 0.257440 0.101177 0.036136
11 0.375718 0.293576 0.101177 0.036136
11 0.375718 0.329711 0.101177 0.036136
11 0.375718 0.365847 0.101177 0.036136
11 0.615029 0.149032 0.097952 0.036136
11 0.615029 0.185168 0.097952 0.036136
11 0.615029 0.221304 0.097952 0.036136
11 0.615029 0.257440 0.097952 0.036136
11 0.615029 0.293576 0.097952 0.036136
11 0.615029 0.329711 0.097952 0.036136
11 0.448025 0.091371 0.069041 0.048731
11 0.285899 0.091371 0.062705 0.048731
0 0.690635 0.091371 0.064896 0.044670
1 0.354533 0.219289 0.162520 0.034518
1 0.354533 0.253807 0.162520 0.034518
1 0.354533 0.288325 0.162520 0.034518
1 0.354533 0.322843 0.162520 0.034518
1 0.354533 0.357360 0.162520 0.034518
1 0.354533 0.391878 0.162520 0.034518
1 0.354533 0.426396 0.162520 0.034518
1 0.532809 0.219289 0.162520 0.034518
1 0.532809 0.253807 0.162520 0.034518
1 0.532809 0.288325 0.162520 0.034518
1 0.532809 0.322843 0.162520 0.034518
1 0.532809 0.357360 0.162520 0.034518
11 0.552107 0.149032 0.112863 0.025984
11 0.346027 0.091371 0.057552 0.048731
0 0.784245 0.091371 0.061761 0.044670
0 0.500000 0.605378 0.068934 0.040609
11 0.549197 0.221304 0.107044 0.025984
11 0.543592 0.185168 0.095834 0.025984
11 0.375718 0.365847 0.090673 0.025984
11 0.615029 0.185168 0.087447 0.025984
11 0.394154 0.091371 0.038701 0.046288
11 0.531123 0.257440 0.070895 0.025984
11 0.604849 0.149032 0.067087 0.025984
11 0.528731 0.293576 0.066111 0.025984
11 0.362058 0.329711 0.063353 0.025984
11 0.361020 0.149032 0.061277 0.025984
11 0.359814 0.185168 0.058865 0.025984
11 0.511694 0.091371 0.051996 0.025984
11 0.586475 0.091371 0.050297 0.025984
11 0.355005 0.221304 0.049247 0.025984
11 0.439359 0.091371 0.045406 0.025984
0 0.701139 0.091371 0.066997 0.016244
11 0.594341 0.257440 0.046071 0.025984
11 0.277233 0.091371 0.039071 0.025984
11 0.351156 0.293576 0.041549 0.025984
11 0.337361 0.091371 0.033917 0.025984
0 0.211020 0.404949 0.041787 0.019289
11 0.394154 0.091371 0.032399 0.025984
11 0.588502 0.221304 0.034393 0.025984
11 0.345268 0.257440 0.029773 0.025984
9 0.500000 0.994749 0.048845 0.010501
0 0.784245 0.091371 0.040753 0.016244
11 0.585494 0.329711 0.028378 0.025984
0 0.500000 0.605378 0.043724 0.015228
14 0.149160 0.610152 0.016807 0.032487
14 0.649160 0.360105 0.016807 0.032487
11 0.580673 0.293576 0.018735 0.025984
11 0.311999 0.091371 0.009454 0.018274
11 0.369551 0.091371 0.009454 0.018274
11 0.477293 0.091371 0.009454 0.018274
11 0.552923 0.091371 0.009454 0.018274
11 0.626855 0.091371 0.009454 0.018274
2 0.286239 0.145178 0.493697 0.022335
2 0.451681 0.626396 0.101891 0.044670
3 0.375263 0.610660 0.083508 0.043655
3 0.881303 0.510152 0.006303 0.013198
3 0.952206 0.937563 0.065126 0.031472
3 0.769433 0.956345 0.105042 0.032487
3 0.228729 0.161929 0.083508 0.043655
3 0.823529 0.075635 0.037815 0.047716
3 0.308298 0.208629 0.065126 0.031472
3 0.691964 0.567005 0.083508 0.043655
5 0.422269 0.203046 0.012605 0.024365
6 0.181460 0.432995 0.006828 0.013198
7 0.763130 0.700508 0.314076 0.113706
7 0.408088 0.011675 0.747899 0.001015
7 0.476891 0.432995 0.747899 0.001015
7 0.591912 0.090355 0.327731 0.030457
7 0.644958 0.647716 0.314076 0.113706
7 0.784139 0.480203 0.314076 0.113706
10 0.200105 0.209137 0.019958 0.026396
10 0.399685 0.416751 0.057773 0.049746
10 0.668067 0.637056 0.024160 0.047716
10 0.969013 0.648223 0.024160 0.047716
10 0.772847 0.287817 0.131828 0.254822
10 0.647059 0.794416 0.029412 0.057868
12 0.662815 0.830964 0.028361 0.017259
12 0.734244 0.285787 0.289916 0.057868
12 0.411239 0.508629 0.359244 0.351269
13 0.815651 0.588832 0.014706 0.028426
13 0.797269 0.509645 0.014706 0.028426
13 0.494485 0.638071 0.129727 0.120812
13 0.561975 0.498477 0.016807 0.032487
13 0.765756 0.516751 0.004202 0.004061
13 0.490021 0.645685 0.010504 0.022335
14 0.212710 0.409137 0.023109 0.044670
14 0.988971 0.818782 0.007353 0.015228
14 0.471113 0.021320 0.009454 0.018274
