1 0.256565 0.862452 0.224790 0.275095
1 0.489758 0.862452 0.224790 0.275095
1 0.722952 0.862452 0.224790 0.275095
9 0.685273 0.268020 0.208114 0.236897
9 0.082531 0.357884 0.165061 0.284264
0 0.496053 0.481726 0.381089 0.042640
1 0.478942 0.246193 0.336364 0.040609
11 0.411900 0.074619 0.100996 0.055838
0 0.257378 0.379695 0.091625 0.060914
0 0.255476 0.379695 0.087423 0.052792
11 0.645102 0.023350 0.087013 0.046701
11 0.352527 0.654822 0.107446 0.040609
11 0.229365 0.654822 0.105264 0.040609
11 0.532374 0.074619 0.071675 0.055838
0 0.833595 0.371605 0.067531 0.060914
11 0.281746 0.654822 0.098354 0.040609
11 0.425908 0.654822 0.091444 0.040609
11 0.468779 0.654822 0.091444 0.040609
11 0.393452 0.654822 0.091444 0.040609
0 0.255028 0.379695 0.068515 0.048731
11 0.785169 0.074619 0.060440 0.055838
0 0.833595 0.371605 0.063329 0.052792
11 0.299419 0.074619 0.055689 0.055838
11 0.211286 0.074619 0.052299 0.055838
11 0.679166 0.291307 0.119723 0.024365
2 0.469612 0.023350 0.101792 0.026396
11 0.328864 0.654822 0.069032 0.040609
11 0.234100 0.325825 0.114734 0.024365
0 0.347779 0.134518 0.079290 0.028426
11 0.231527 0.273033 0.109588 0.024365
11 0.452542 0.273033 0.109047 0.024365
11 0.725684 0.023350 0.048943 0.046701
11 0.393313 0.308185 0.101226 0.024365
11 0.555594 0.308185 0.093857 0.024365
0 0.833595 0.371605 0.044421 0.048731
0 0.544380 0.630489 0.035714 0.058883
11 0.219846 0.373541 0.086225 0.024365
11 0.216977 0.207678 0.080488 0.024365
11 0.215303 0.224556 0.077140 0.024365
11 0.215160 0.308185 0.076853 0.024365
11 0.546452 0.278744 0.075573 0.024365
11 0.546448 0.391815 0.075565 0.024365
11 0.255055 0.654822 0.044971 0.040609
0 0.978466 0.500000 0.027311 0.066101
11 0.379243 0.373541 0.073086 0.024365
11 0.573181 0.023350 0.031619 0.046701
11 0.708213 0.373541 0.067161 0.024365
11 0.196248 0.654822 0.039030 0.040609
11 0.651445 0.142322 0.064281 0.024365
11 0.208865 0.224556 0.064264 0.024365
0 0.254941 0.379695 0.068515 0.020305
0 0.965336 0.891371 0.028361 0.054822
11 0.706260 0.308185 0.063255 0.024365
11 0.374327 0.308185 0.063255 0.024365
0 0.662622 0.481726 0.042698 0.032487
11 0.777520 0.023350 0.029518 0.046701
11 0.703486 0.195114 0.057707 0.024365
11 0.647338 0.225952 0.056066 0.024365
9 0.647732 0.136548 0.067227 0.020305
11 0.369699 0.224556 0.053998 0.024365
11 0.201865 0.195114 0.050264 0.024365
0 0.619937 0.481726 0.032169 0.032487
11 0.199313 0.142322 0.045160 0.024365
11 0.198948 0.260470 0.044429 0.024365
11 0.530815 0.475444 0.044298 0.024365
11 0.419667 0.142322 0.043297 0.024365
11 0.528649 0.380647 0.039965 0.024365
11 0.694615 0.438896 0.039965 0.024365
11 0.362682 0.438896 0.039965 0.024365
11 0.361262 0.195114 0.037126 0.024365
0 0.833595 0.371605 0.044421 0.020305
11 0.525752 0.195114 0.034171 0.024365
11 0.193290 0.195114 0.033113 0.024365
11 0.359153 0.278744 0.032908 0.024365
11 0.192280 0.362373 0.031094 0.024365
11 0.690179 0.224556 0.031094 0.024365
11 0.358247 0.224556 0.031094 0.024365
11 0.190545 0.278744 0.027623 0.024365
0 0.177160 0.351793 0.017660 0.033503
0 0.814962 0.351793 0.017660 0.033503
11 0.811187 0.023350 0.012605 0.046701
11 0.352863 0.278744 0.020327 0.024365
11 0.518809 0.224556 0.020286 0.024365
0 0.441964 0.630489 0.015756 0.030457
0 0.466124 0.630489 0.015756 0.030457
0 0.490284 0.630489 0.015756 0.030457
0 0.514443 0.630489 0.015756 0.030457
11 0.407863 0.207678 0.019687 0.024365
11 0.811187 0.023342 0.012605 0.033614
11 0.183680 0.289911 0.013893 0.024365
11 0.349646 0.195114 0.013893 0.024365
9 0.811187 0.023905 0.012605 0.016244
11 0.346232 0.344099 0.007066 0.024365
11 0.605797 0.023342 0.008403 0.018353
0 0.441964 0.630489 0.007353 0.014213
0 0.466124 0.630489 0.007353 0.014213
0 0.490284 0.630489 0.007353 0.014213
0 0.514443 0.630489 0.007353 0.014213
0 0.527122 0.023350 0.009027 0.011358
9 0.855305 0.389927 0.008403 0.012183
9 0.855305 0.469115 0.008403 0.012183
9 0.855305 0.548303 0.008403 0.012183
9 0.855305 0.627490 0.008403 0.012183
9 0.855305 0.706678 0.008403 0.012183
9 0.855305 0.785866 0.008403 0.012183
9 0.855305 0.865054 0.008403 0.012183
9 0.855305 0.944242 0.008403 0.012183
1 0.868123 0.411168 0.034040 0.067005
1 0.865341 0.807107 0.028476 0.067005
1 0.207983 0.020305 0.079307 0.022335
1 0.862723 0.965482 0.023241 0.067005
1 0.860914 0.490355 0.019622 0.067005
1 0.860754 0.648731 0.019301 0.067005
1 0.860109 0.569543 0.018013 0.067005
1 0.860048 0.886294 0.017890 0.067005
2 0.634979 0.461929 0.197479 0.050761
2 0.295693 0.815736 0.033613 0.033503
2 0.232143 0.519797 0.130252 0.020305
3 0.609769 0.869543 0.132353 0.035533
3 0.872374 0.614721 0.006303 0.013198
4 0.902311 0.448223 0.111345 0.015228
4 0.188025 0.345178 0.113445 0.026396
4 0.566176 0.265990 0.116597 0.020305
5 0.599790 0.362437 0.012605 0.024365
5 0.348477 0.780203 0.006828 0.013198
5 0.847952 0.967513 0.050945 0.034518
5 0.932511 0.121320 0.006828 0.013198
5 0.153361 0.579695 0.012605 0.024365
5 0.865284 0.095431 0.074055 0.032487
5 0.503939 0.960406 0.042542 0.034518
6 0.535189 0.352284 0.010504 0.020305
6 0.873424 0.111675 0.010504 0.020305
6 0.149160 0.252792 0.010504 0.020305
6 0.641807 0.396954 0.010504 0.020305
7 0.735294 0.597970 0.260504 0.162437
7 0.756303 0.150254 0.423319 0.097462
7 0.530987 0.390863 0.327731 0.030457
7 0.427521 0.176650 0.297269 0.032487
10 0.417017 0.911168 0.025210 0.047716
10 0.714023 0.071574 0.053046 0.049746
12 0.864496 0.711168 0.089286 0.027411
13 0.708246 0.539594 0.129727 0.120812
13 0.176996 0.243655 0.008403 0.016244
13 0.810399 0.405076 0.042017 0.014213
13 0.027311 0.173604 0.014706 0.028426
14 0.321691 0.827411 0.007878 0.020305
14 0.321954 0.465482 0.014706 0.027411
