10 0.496061 0.388079 0.735294 0.467529
18 0.433561 0.054822 0.202731 0.065990
0 0.803309 0.054822 0.095588 0.050761
0 0.686712 0.054822 0.095588 0.050761
4 0.433561 0.040609 0.202731 0.013198
18 0.553309 0.054822 0.036765 0.065990
19 0.192046 0.722351 0.064240 0.020305
18 0.553309 0.052284 0.023634 0.045685
1 0.170706 0.131980 0.080382 0.044670
1 0.180147 0.054822 0.078256 0.045685
1 0.395200 0.131980 0.076229 0.044670
1 0.319804 0.131980 0.074563 0.044670
1 0.470162 0.131980 0.073694 0.044670
1 0.246709 0.131980 0.071626 0.044670
0 0.814076 0.054822 0.023881 0.013198
0 0.697475 0.054822 0.016257 0.013198
1 0.451582 0.666006 0.104123 0.025381
1 0.207429 0.666006 0.095006 0.025381
1 0.444118 0.874635 0.089195 0.020305
1 0.443253 0.823874 0.087464 0.020305
