0 0.361759 0.434914 0.038644 0.031472
2 0.352941 0.340609 0.241597 0.039594
2 0.648372 0.763959 0.088761 0.023350
2 0.289128 0.557868 0.087710 0.035533
3 0.684874 0.244162 0.065126 0.031472
3 0.392857 0.726396 0.085084 0.059898
3 0.726103 0.631472 0.027836 0.012183
3 0.431197 0.705076 0.085084 0.059898
4 0.283351 0.943655 0.042542 0.019289
5 0.562763 0.149746 0.006828 0.013198
5 0.715336 0.949239 0.016807 0.034518
5 0.606880 0.793401 0.006828 0.013198
6 0.023634 0.879188 0.010504 0.020305
6 0.885504 0.305584 0.010504 0.020305
7 0.160189 0.414213 0.314076 0.113706
7 0.649685 0.738071 0.423319 0.097462
7 0.405462 0.147716 0.747899 0.001015
7 0.678571 0.403046 0.423319 0.097462
10 0.128151 0.583756 0.192227 0.026396
10 0.238971 0.434010 0.161765 0.025381
10 0.678046 0.818782 0.086134 0.051777
10 0.390756 0.575635 0.010504 0.020305
10 0.749737 0.177157 0.044643 0.049746
10 0.476891 0.699492 0.019958 0.026396
12 0.410977 0.120812 0.250525 0.048731
13 0.849790 0.585787 0.014706 0.028426
13 0.413340 0.596954 0.004202 0.004061
13 0.417542 0.378680 0.022059 0.042640
14 0.446166 0.671066 0.017332 0.032487
14 0.086397 0.975635 0.016282 0.032487
14 0.898109 0.236548 0.012605 0.024365
