9 0.496061 0.733050 0.992122 0.533899
0 0.179064 0.032487 0.088580 0.040609
0 0.468487 0.372621 0.064765 0.044670
9 0.083709 0.032487 0.087423 0.032487
0 0.255367 0.032487 0.059825 0.040609
0 0.532645 0.372621 0.046744 0.024365
0 0.468487 0.372621 0.045857 0.024365
14 0.945296 0.092846 0.012605 0.024365
1 0.840291 0.337516 0.069402 0.022335
2 0.680410 0.809645 0.113971 0.039594
2 0.298319 0.876142 0.074580 0.036548
2 0.734244 0.444670 0.113445 0.044670
2 0.333771 0.581726 0.076155 0.036548
3 0.640231 0.146193 0.105042 0.032487
3 0.052521 0.538071 0.105042 0.032487
3 0.636029 0.844162 0.037815 0.047716
3 0.890494 0.241117 0.106618 0.021320
3 0.343225 0.565990 0.115021 0.021320
3 0.433298 0.563452 0.006303 0.020305
4 0.805672 0.534010 0.113445 0.026396
5 0.251050 0.649746 0.012605 0.024365
5 0.047532 0.921320 0.006828 0.013198
5 0.471901 0.148731 0.006828 0.013198
6 0.281250 0.416751 0.006828 0.013198
6 0.521008 0.166497 0.010504 0.020305
6 0.814601 0.557360 0.010504 0.020305
6 0.483718 0.635533 0.010504 0.020305
6 0.624475 0.080203 0.010504 0.020305
6 0.462185 0.032487 0.010504 0.020305
6 0.675420 0.876142 0.010504 0.020305
7 0.198004 0.173604 0.260504 0.162437
7 0.534139 0.124873 0.423319 0.097462
10 0.242647 0.885787 0.024160 0.047716
10 0.133403 0.632995 0.024160 0.047716
13 0.970588 0.800000 0.013655 0.028426
14 0.784664 0.268020 0.010504 0.020305
14 0.397059 0.711675 0.025210 0.048731
