9 0.495798 0.428426 0.991597 0.596463
12 0.496061 0.490355 0.420168 0.056853
9 0.507340 0.710660 0.121849 0.089340
9 0.178686 0.087310 0.104747 0.036548
12 0.676733 0.490355 0.058824 0.056853
12 0.613831 0.490355 0.058577 0.048731
1 0.496057 0.157360 0.270524 0.018274
0 0.498186 0.912690 0.056033 0.034518
4 0.470851 0.417259 0.050420 0.034518
4 0.521271 0.417259 0.050420 0.034518
0 0.152434 0.023350 0.052242 0.032487
0 0.406139 0.912690 0.048475 0.034518
0 0.598354 0.912690 0.045759 0.034518
0 0.250152 0.023350 0.048623 0.032487
0 0.550839 0.912690 0.044758 0.034518
0 0.842929 0.095431 0.045759 0.032487
0 0.357598 0.912690 0.044093 0.034518
0 0.822861 0.023350 0.037577 0.038579
0 0.202198 0.023350 0.038882 0.032487
0 0.450273 0.912690 0.035279 0.034518
0 0.640030 0.912690 0.033080 0.034518
10 0.789891 0.023350 0.019958 0.038579
12 0.855830 0.023350 0.019958 0.038579
0 0.449055 0.406599 0.006828 0.013198
12 0.855830 0.023350 0.018908 0.020305
10 0.789891 0.023350 0.010504 0.020305
13 0.234769 0.023350 0.008403 0.016244
1 0.587378 0.095431 0.079463 0.032487
1 0.714872 0.095431 0.069681 0.032487
1 0.784881 0.095431 0.061934 0.032487
1 0.478470 0.095431 0.056074 0.032487
1 0.374848 0.095431 0.047573 0.032487
1 0.653571 0.095431 0.044520 0.032487
1 0.424534 0.095431 0.043395 0.032487
1 0.527077 0.095431 0.032735 0.032487
1 0.441944 0.550761 0.022215 0.019289
1 0.523831 0.550761 0.018382 0.019289
3 0.797006 0.212690 0.115021 0.021320
3 0.522847 0.690863 0.083508 0.043655
3 0.459559 0.104061 0.065126 0.031472
3 0.491071 0.866497 0.132353 0.035533
3 0.352416 0.185787 0.006303 0.020305
4 0.257878 0.584772 0.113445 0.026396
4 0.709821 0.649746 0.041492 0.048731
4 0.783613 0.940102 0.113445 0.026396
5 0.771271 0.564975 0.006828 0.013198
6 0.660189 0.010152 0.010504 0.020305
6 0.503676 0.312690 0.010504 0.020305
7 0.529937 0.606599 0.747899 0.001015
7 0.408613 0.855838 0.297269 0.032487
7 0.490546 0.604061 0.297269 0.032487
7 0.739496 0.124873 0.327731 0.030457
7 0.357143 0.384772 0.423319 0.097462
10 0.377101 0.665990 0.019958 0.038579
10 0.517857 0.508629 0.010504 0.020305
12 0.592962 0.171066 0.185924 0.027411
12 0.590861 0.351269 0.248950 0.032487
13 0.664653 0.876142 0.032038 0.014213
13 0.540441 0.409137 0.014706 0.028426
14 0.330882 0.049746 0.025210 0.048731
14 0.601891 0.893401 0.023109 0.044670
