9 0.496053 0.350531 0.630236 0.437103
1 0.764349 0.708955 0.107315 0.226507
1 0.442403 0.699009 0.107315 0.206615
1 0.657034 0.699009 0.107315 0.206615
1 0.227773 0.699009 0.107315 0.206615
1 0.335088 0.699009 0.107315 0.206615
1 0.549719 0.699009 0.107315 0.206615
9 0.227773 0.689063 0.092396 0.178601
9 0.335088 0.689063 0.092396 0.178601
9 0.442403 0.689063 0.092396 0.178601
9 0.549719 0.689063 0.092396 0.178601
9 0.657034 0.689063 0.092396 0.178601
9 0.764349 0.689063 0.092396 0.178601
12 0.566016 0.091371 0.329627 0.044670
0 0.782157 0.333169 0.155700 0.040609
0 0.306985 0.461326 0.123293 0.044670
0 0.450199 0.931187 0.095629 0.045876
0 0.351690 0.931187 0.084583 0.045876
13 0.788866 0.091371 0.065651 0.044670
0 0.174727 0.025381 0.075819 0.036548
0 0.651166 0.931187 0.063115 0.045876
0 0.583139 0.931187 0.056132 0.045876
9 0.655725 0.989753 0.084034 0.020495
9 0.235557 0.989753 0.084034 0.020495
9 0.340599 0.989753 0.084034 0.020495
9 0.760767 0.989753 0.084034 0.020495
9 0.445641 0.989753 0.084034 0.020495
9 0.550683 0.989753 0.084034 0.020495
9 0.865809 0.989753 0.084034 0.020495
0 0.526544 0.931187 0.040252 0.045876
9 0.964417 0.989753 0.071166 0.020495
0 0.237243 0.025381 0.045012 0.036548
1 0.343130 0.091371 0.090935 0.044670
10 0.841649 0.091371 0.023109 0.044670
12 0.733456 0.093401 0.019958 0.048731
12 0.716124 0.091371 0.014706 0.032487
1 0.211717 0.091371 0.065766 0.044670
14 0.872612 0.161421 0.012605 0.024365
1 0.271131 0.091371 0.044659 0.044670
1 0.714680 0.025373 0.065733 0.020289
1 0.553042 0.025373 0.063001 0.020289
1 0.633178 0.025373 0.059455 0.020289
2 0.147059 0.080711 0.294118 0.027411
2 0.575630 0.660406 0.241597 0.039594
2 0.319853 0.254315 0.234244 0.035533
2 0.856355 0.847716 0.076155 0.036548
3 0.230567 0.565990 0.085084 0.059898
3 0.357405 0.315228 0.115021 0.021320
3 0.167542 0.244162 0.037815 0.047716
3 0.322479 0.520305 0.006303 0.013198
3 0.765231 0.085787 0.111345 0.025381
3 0.653361 0.624365 0.006303 0.020305
4 0.608718 0.176142 0.088235 0.043655
4 0.956670 0.631980 0.000525 0.001015
4 0.066176 0.843655 0.113445 0.026396
5 0.731618 0.517766 0.016807 0.032487
5 0.359506 0.858376 0.006828 0.013198
6 0.350315 0.905584 0.010504 0.020305
6 0.095588 0.351269 0.010504 0.020305
6 0.911239 0.289340 0.010504 0.020305
7 0.497899 0.212183 0.260504 0.162437
7 0.575105 0.115736 0.314076 0.113706
10 0.562500 0.372589 0.173319 0.073096
10 0.483718 0.619797 0.029412 0.057868
10 0.768120 0.657360 0.053046 0.049746
10 0.765231 0.085279 0.192227 0.026396
10 0.245798 0.597462 0.057773 0.049746
12 0.340861 0.151269 0.206933 0.044670
12 0.048057 0.011168 0.033088 0.016244
13 0.779412 0.882234 0.017857 0.034518
13 0.432511 0.826396 0.019433 0.014213
13 0.309874 0.262944 0.008403 0.016244
13 0.235819 0.711675 0.012605 0.024365
13 0.176471 0.211168 0.021008 0.040609
13 0.890756 0.813198 0.117647 0.050761
14 0.487920 0.672589 0.046218 0.045685
14 0.785714 0.821320 0.012605 0.024365
