10 0.372460 0.538571 0.483891 0.882218
1 0.743254 0.487809 0.236689 0.748207
18 0.743254 0.928918 0.236689 0.101523
0 0.139181 0.942132 0.262605 0.085279
18 0.743254 0.928918 0.209378 0.046701
0 0.219714 0.940102 0.075277 0.040609
0 0.058651 0.940102 0.075286 0.040609
0 0.139185 0.940102 0.075277 0.040609
0 0.586044 0.924857 0.031513 0.060914
10 0.153792 0.048731 0.046555 0.036548
1 0.364455 0.048731 0.071445 0.054822
0 0.824834 0.486183 0.021008 0.040609
1 0.297675 0.048731 0.062114 0.054822
0 0.586044 0.924857 0.031513 0.014213
18 0.650120 0.929933 0.012605 0.024365
1 0.143337 0.878680 0.111024 0.019289
0 0.586569 0.924857 0.006303 0.014213
1 0.208377 0.048731 0.045808 0.054822
1 0.248950 0.048731 0.035337 0.054822
