9 0.496061 0.405076 0.787815 0.609137
1 0.496061 0.252792 0.787815 0.304569
0 0.496061 0.217259 0.787815 0.233503
9 0.944984 0.405076 0.110032 0.609137
9 0.593225 0.929592 0.198858 0.140815
9 0.204569 0.929592 0.198858 0.140815
0 0.496061 0.921827 0.693441 0.032487
12 0.447951 0.030457 0.563477 0.038579
9 0.398897 0.943449 0.180984 0.113103
9 0.787553 0.943449 0.180984 0.113103
9 0.550482 0.471288 0.097550 0.117608
9 0.635960 0.471288 0.097550 0.117608
9 0.830287 0.633566 0.097550 0.117608
9 0.441632 0.633566 0.097550 0.117608
9 0.441632 0.471288 0.097550 0.117608
9 0.356154 0.471288 0.097550 0.117608
9 0.635960 0.633566 0.097550 0.117608
9 0.744809 0.633566 0.097550 0.117608
9 0.830287 0.471288 0.097550 0.117608
9 0.356154 0.633566 0.097550 0.117608
9 0.744809 0.471288 0.097550 0.117608
9 0.550482 0.633566 0.097550 0.117608
0 0.124212 0.227411 0.044118 0.253807
0 0.867910 0.227411 0.044118 0.253807
9 0.163078 0.470780 0.079832 0.116593
9 0.246061 0.470780 0.079832 0.116593
9 0.163078 0.627982 0.079832 0.116593
9 0.246061 0.627982 0.079832 0.116593
12 0.210330 0.027919 0.141807 0.035533
10 0.955168 0.030457 0.058151 0.050761
0 0.104057 0.030457 0.045529 0.050761
0 0.258001 0.146193 0.066981 0.032487
11 0.023081 0.080711 0.030405 0.039594
14 0.198185 0.146193 0.038340 0.032487
0 0.205821 0.921827 0.036084 0.030457
0 0.166886 0.921827 0.034040 0.030457
0 0.198185 0.146193 0.037290 0.030457
0 0.831785 0.119797 0.044938 0.022335
1 0.043535 0.030457 0.070263 0.050761
2 0.741506 0.030457 0.023634 0.040609
1 0.838010 0.030457 0.062804 0.050761
1 0.398897 0.751832 0.162815 0.017148
10 0.940799 0.030457 0.019958 0.026396
1 0.593225 0.751832 0.162815 0.017148
1 0.204569 0.751832 0.162815 0.017148
1 0.787553 0.751832 0.162815 0.017148
0 0.797154 0.038579 0.004202 0.004061
13 0.872037 0.039086 0.004202 0.004061
0 0.491129 0.081218 0.004202 0.004061
0 0.615119 0.081218 0.004202 0.004061
1 0.458890 0.119797 0.084140 0.028426
1 0.083119 0.119797 0.081268 0.028426
1 0.902479 0.030457 0.040925 0.050761
1 0.720822 0.080203 0.069418 0.028426
1 0.842158 0.080203 0.069820 0.028426
3 0.391282 0.810660 0.006303 0.013198
3 0.099265 0.020305 0.105042 0.032487
4 0.829307 0.639594 0.113445 0.026396
4 0.254202 0.285279 0.113445 0.026396
5 0.298319 0.634518 0.016807 0.034518
5 0.757090 0.663452 0.000525 0.001015
5 0.200630 0.555330 0.012605 0.024365
5 0.483981 0.589340 0.006828 0.013198
6 0.901523 0.930457 0.006828 0.013198
6 0.533613 0.372589 0.010504 0.020305
7 0.545693 0.481726 0.747899 0.001015
7 0.183298 0.731980 0.260504 0.162437
7 0.436450 0.667513 0.747899 0.001015
10 0.185662 0.655838 0.335609 0.507614
10 0.238445 0.648731 0.173319 0.073096
10 0.253676 0.044162 0.086134 0.051777
12 0.143382 0.117766 0.022059 0.024365
12 0.801996 0.942132 0.031513 0.060914
13 0.304622 0.375635 0.286765 0.044670
13 0.713235 0.023350 0.064076 0.020305
13 0.075630 0.683249 0.014706 0.028426
14 0.557773 0.430457 0.025210 0.048731
14 0.904937 0.661929 0.012605 0.024365
14 0.043330 0.523858 0.009979 0.022335
14 0.299370 0.185279 0.007353 0.015228
