9 0.496061 0.405076 0.787815 0.609137
0 0.496061 0.217259 0.787815 0.233503
9 0.944984 0.405076 0.110032 0.609137
9 0.051077 0.405076 0.102153 0.609137
1 0.944984 0.252792 0.110032 0.304569
9 0.204569 0.929592 0.198858 0.140815
0 0.496061 0.921827 0.693441 0.032487
12 0.448480 0.030457 0.571658 0.038579
9 0.357405 0.929592 0.079832 0.140815
9 0.440389 0.929592 0.079832 0.140815
9 0.356154 0.471288 0.097550 0.117608
9 0.441632 0.471288 0.097550 0.117608
9 0.441632 0.633566 0.097550 0.117608
9 0.635960 0.633566 0.097550 0.117608
9 0.550482 0.633566 0.097550 0.117608
9 0.744809 0.471288 0.097550 0.117608
9 0.550482 0.471288 0.097550 0.117608
9 0.830287 0.471288 0.097550 0.117608
9 0.744809 0.633566 0.097550 0.117608
9 0.550482 0.917989 0.097550 0.117608
9 0.356154 0.633566 0.097550 0.117608
9 0.744809 0.917989 0.097550 0.117608
9 0.635960 0.471288 0.097550 0.117608
9 0.830287 0.633566 0.097550 0.117608
9 0.830287 0.917989 0.097550 0.117608
9 0.635960 0.917989 0.097550 0.117608
0 0.124212 0.227411 0.044118 0.253807
0 0.867910 0.227411 0.044118 0.253807
9 0.161830 0.640506 0.086069 0.103760
9 0.247308 0.640506 0.086069 0.103760
9 0.161830 0.492076 0.086069 0.103760
9 0.247308 0.492076 0.086069 0.103760
12 0.206769 0.027919 0.141807 0.035533
10 0.957478 0.030457 0.053530 0.050761
0 0.100496 0.030457 0.045529 0.050761
11 0.023081 0.080711 0.030405 0.039594
0 0.205821 0.921827 0.036084 0.030457
0 0.166886 0.921827 0.034040 0.030457
0 0.831732 0.119797 0.045045 0.022335
2 0.746127 0.030457 0.023634 0.040609
1 0.041754 0.030457 0.066702 0.050761
1 0.842630 0.030457 0.062804 0.050761
1 0.204569 0.751832 0.162815 0.017148
10 0.945419 0.030457 0.019958 0.026396
1 0.787553 0.751832 0.162815 0.017148
1 0.593225 0.751832 0.162815 0.017148
1 0.398897 0.751832 0.162815 0.017148
0 0.801774 0.038579 0.004202 0.004061
13 0.876658 0.039086 0.004202 0.004061
0 0.503627 0.081218 0.004202 0.004061
0 0.866908 0.081218 0.004202 0.004061
1 0.083734 0.119797 0.082499 0.028426
1 0.907099 0.030457 0.040925 0.050761
1 0.719969 0.080203 0.068876 0.028426
1 0.543240 0.080203 0.064519 0.028426
1 0.448940 0.860914 0.105452 0.016244
2 0.791492 0.201015 0.130252 0.020305
2 0.270221 0.792893 0.023634 0.040609
3 0.154412 0.942640 0.006303 0.013198
3 0.301996 0.196447 0.065126 0.031472
3 0.257353 0.324873 0.057773 0.024365
3 0.606618 0.016751 0.111345 0.025381
3 0.882090 0.043147 0.115021 0.021320
4 0.350840 0.093401 0.113445 0.022335
4 0.569590 0.749239 0.162290 0.024365
5 0.147847 0.344162 0.024685 0.048731
5 0.131040 0.772081 0.024685 0.047716
6 0.360819 0.365482 0.010504 0.020305
6 0.270483 0.988832 0.010504 0.020305
6 0.944328 0.423350 0.010504 0.020305
7 0.794118 0.127919 0.297269 0.032487
7 0.563550 0.604061 0.423319 0.097462
10 0.378151 0.355838 0.029412 0.057868
10 0.503151 0.305584 0.019958 0.026396
10 0.674895 0.048731 0.092437 0.038579
12 0.418067 0.196447 0.010504 0.031472
12 0.902836 0.528934 0.011555 0.022335
13 0.611870 0.852792 0.012605 0.024365
13 0.417542 0.035533 0.021008 0.040609
14 0.186975 0.312690 0.025210 0.048731
14 0.179622 0.388832 0.006303 0.012183
14 0.491071 0.072081 0.009454 0.018274
14 0.263130 0.805076 0.012605 0.024365
