0 0.500000 0.219448 0.155462 0.031472
9 0.560522 0.380980 0.000525 0.001015
1 0.520020 0.362088 0.045931 0.012183
1 0.468561 0.362088 0.023109 0.012183
2 0.963498 0.231472 0.023634 0.040609
2 0.426208 0.423350 0.076155 0.036548
3 0.430672 0.928934 0.006303 0.020305
3 0.672269 0.115228 0.037815 0.047716
3 0.921481 0.927411 0.083508 0.043655
3 0.823529 0.037563 0.006303 0.020305
3 0.457195 0.181218 0.083508 0.043655
4 0.753939 0.480711 0.035189 0.015228
4 0.134454 0.346193 0.113445 0.026396
4 0.845588 0.242132 0.088235 0.043655
4 0.121061 0.191371 0.027836 0.019289
5 0.851103 0.243655 0.050945 0.034518
5 0.310137 0.949239 0.074055 0.032487
5 0.380252 0.386802 0.028361 0.034518
5 0.081145 0.867005 0.050945 0.034518
6 0.465599 0.535533 0.006828 0.013198
6 0.596639 0.200000 0.010504 0.020305
6 0.474265 0.604061 0.010504 0.020305
6 0.121849 0.514721 0.010504 0.020305
7 0.821954 0.896447 0.297269 0.032487
10 0.564601 0.466497 0.086134 0.051777
10 0.830882 0.606599 0.021008 0.047716
10 0.758666 0.240609 0.131828 0.184772
10 0.680672 0.242132 0.025210 0.047716
12 0.568015 0.872589 0.007878 0.017259
12 0.294643 0.313706 0.022059 0.024365
12 0.878151 0.063959 0.143908 0.044670
12 0.304097 0.426396 0.359244 0.351269
12 0.360819 0.949239 0.068277 0.036548
12 0.602416 0.017259 0.012605 0.024365
12 0.502363 0.576650 0.992122 0.056853
13 0.489496 0.826396 0.016807 0.032487
13 0.216387 0.370558 0.015756 0.030457
13 0.346113 0.262437 0.050420 0.031472
13 0.520483 0.911675 0.015756 0.030457
14 0.727679 0.968020 0.020483 0.039594
14 0.618697 0.788325 0.054622 0.045685
14 0.607668 0.160406 0.078782 0.038579
