9 0.496061 0.405076 0.787815 0.609137
0 0.496061 0.217259 0.787815 0.233503
1 0.266413 0.252792 0.328519 0.304569
9 0.944984 0.405076 0.110032 0.609137
1 0.783220 0.252792 0.213498 0.304569
9 0.051077 0.252792 0.102153 0.304569
1 0.474002 0.252792 0.086660 0.304569
0 0.496061 0.921827 0.693441 0.032487
12 0.459899 0.030457 0.569254 0.038579
1 0.635898 0.252792 0.081145 0.304569
1 0.556325 0.252792 0.077985 0.304569
9 0.398897 0.943449 0.180984 0.113103
9 0.163078 0.481948 0.079832 0.138928
9 0.246061 0.481948 0.079832 0.138928
9 0.163078 0.661485 0.079832 0.138928
9 0.246061 0.661485 0.079832 0.138928
9 0.830287 0.917989 0.097550 0.117608
9 0.744809 0.633566 0.097550 0.117608
9 0.635960 0.471288 0.097550 0.117608
9 0.550482 0.633566 0.097550 0.117608
9 0.356154 0.633566 0.097550 0.117608
9 0.356154 0.471288 0.097550 0.117608
9 0.441632 0.633566 0.097550 0.117608
9 0.830287 0.471288 0.097550 0.117608
9 0.161826 0.917989 0.097550 0.117608
9 0.247304 0.917989 0.097550 0.117608
9 0.550482 0.917989 0.097550 0.117608
9 0.550482 0.471288 0.097550 0.117608
9 0.830287 0.633566 0.097550 0.117608
9 0.635960 0.917989 0.097550 0.117608
9 0.441632 0.471288 0.097550 0.117608
9 0.635960 0.633566 0.097550 0.117608
9 0.744809 0.471288 0.097550 0.117608
9 0.744809 0.917989 0.097550 0.117608
0 0.124212 0.227411 0.044118 0.253807
0 0.867910 0.227411 0.044118 0.253807
12 0.219390 0.027919 0.141807 0.035533
10 0.957478 0.030457 0.053530 0.050761
0 0.113117 0.030457 0.045529 0.050761
0 0.258001 0.146193 0.066981 0.032487
1 0.048065 0.030457 0.079323 0.050761
11 0.023081 0.080711 0.030405 0.039594
14 0.198185 0.146193 0.038340 0.032487
0 0.205821 0.921827 0.036084 0.030457
0 0.166886 0.921827 0.034040 0.030457
0 0.198185 0.146193 0.037290 0.030457
2 0.756344 0.030457 0.023634 0.040609
1 0.842630 0.030457 0.062804 0.050761
0 0.052258 0.323858 0.015756 0.030457
10 0.945419 0.030457 0.019958 0.026396
0 0.033876 0.323858 0.015756 0.030457
1 0.593225 0.751832 0.162815 0.017148
1 0.787553 0.751832 0.162815 0.017148
1 0.398897 0.751832 0.162815 0.017148
0 0.801774 0.038579 0.004202 0.004061
0 0.525875 0.081218 0.004202 0.004061
13 0.876658 0.039086 0.004202 0.004061
0 0.610212 0.081218 0.004202 0.004061
1 0.796994 0.080203 0.082499 0.028426
1 0.907099 0.030457 0.040925 0.050761
2 0.845588 0.234518 0.201681 0.036548
2 0.861607 0.281218 0.023634 0.040609
2 0.687763 0.321827 0.076155 0.036548
2 0.265756 0.665990 0.144958 0.036548
2 0.086397 0.869036 0.076155 0.036548
3 0.312237 0.920812 0.027836 0.012183
3 0.503151 0.870558 0.085084 0.059898
3 0.127889 0.502030 0.106618 0.021320
4 0.414653 0.939594 0.124475 0.096447
5 0.371849 0.115736 0.012605 0.024365
5 0.570378 0.588832 0.040966 0.034518
5 0.477679 0.026904 0.006828 0.013198
5 0.096376 0.874619 0.006828 0.013198
5 0.913603 0.520305 0.006828 0.013198
5 0.669905 0.646193 0.006828 0.013198
5 0.610557 0.202538 0.006828 0.013198
6 0.190651 0.320812 0.010504 0.020305
6 0.755252 0.200000 0.010504 0.020305
7 0.201155 0.231472 0.314076 0.113706
7 0.438550 0.662944 0.260504 0.162437
7 0.392332 0.518782 0.314076 0.113706
7 0.456408 0.277665 0.747899 0.001015
7 0.498950 0.128934 0.423319 0.097462
7 0.690651 0.231472 0.314076 0.113706
7 0.399160 0.294416 0.327731 0.030457
10 0.397847 0.469543 0.053046 0.049746
10 0.456408 0.840609 0.192227 0.026396
10 0.297794 0.634518 0.173319 0.227411
10 0.912553 0.428934 0.053046 0.049746
10 0.651261 0.296954 0.071429 0.063959
12 0.665704 0.614721 0.367122 0.045685
13 0.875000 0.035533 0.113445 0.048731
13 0.183561 0.383756 0.012080 0.022335
13 0.947479 0.318782 0.014706 0.028426
14 0.834559 0.563452 0.007353 0.014213
