1 0.526158 0.974619 0.028599 0.018274
1 0.559632 0.974619 0.019441 0.018274
2 0.828256 0.246701 0.334034 0.048731
2 0.823792 0.438071 0.054097 0.021320
2 0.319328 0.123858 0.271008 0.038579
2 0.888655 0.461929 0.201681 0.036548
2 0.862395 0.359391 0.005252 0.040609
2 0.785452 0.912183 0.157038 0.049746
2 0.725578 0.106599 0.192752 0.056853
3 0.744223 0.327411 0.111345 0.025381
3 0.306985 0.585279 0.106618 0.021320
4 0.599790 0.158376 0.015756 0.018274
4 0.310924 0.945178 0.113445 0.026396
4 0.235819 0.350254 0.113445 0.026396
5 0.705620 0.384264 0.006828 0.013198
5 0.758666 0.260406 0.006828 0.013198
6 0.853992 0.610152 0.010504 0.020305
7 0.737920 0.268020 0.314076 0.113706
7 0.501050 0.634518 0.314076 0.113706
7 0.494748 0.292386 0.327731 0.030457
7 0.660714 0.175635 0.423319 0.097462
7 0.737395 0.802030 0.423319 0.097462
7 0.823529 0.562437 0.260504 0.162437
10 0.802521 0.785787 0.019958 0.026396
10 0.616597 0.263959 0.173319 0.073096
10 0.216387 0.865482 0.086134 0.051777
12 0.430672 0.315736 0.015756 0.030457
13 0.297794 0.988832 0.064076 0.020305
13 0.025210 0.601015 0.008403 0.016244
13 0.380515 0.291371 0.045693 0.040609
13 0.960609 0.284264 0.059874 0.042640
13 0.628151 0.856853 0.014706 0.028426
14 0.845063 0.540102 0.023109 0.044670
14 0.664391 0.756853 0.014706 0.027411
14 0.789128 0.139086 0.019433 0.036548
14 0.206408 0.952284 0.025210 0.048731
