10 0.540539 0.379188 0.918922 0.431269
10 0.931295 0.379188 0.137410 0.431269
18 0.447799 0.072081 0.450745 0.040609
10 0.169643 0.932662 0.128676 0.134676
10 0.580882 0.932662 0.128676 0.134676
10 0.855042 0.932662 0.128676 0.134676
10 0.443803 0.932662 0.128676 0.134676
10 0.717962 0.932662 0.128676 0.134676
10 0.306723 0.932662 0.128676 0.134676
10 0.963892 0.932662 0.072216 0.134676
18 0.826476 0.072081 0.120683 0.044670
18 0.715714 0.072081 0.084034 0.040609
18 0.810251 0.072081 0.088235 0.044670
1 0.203502 0.663452 0.162782 0.036548
1 0.194127 0.809137 0.177644 0.029442
0 0.130474 0.889689 0.041935 0.032487
0 0.192957 0.072081 0.035599 0.040609
0 0.759626 0.045178 0.056559 0.025381
0 0.677619 0.889689 0.039588 0.032487
0 0.266347 0.889689 0.039522 0.032487
0 0.951529 0.889689 0.039087 0.032487
0 0.403173 0.889689 0.039013 0.032487
0 0.539608 0.889689 0.037725 0.032487
0 0.813768 0.889689 0.037725 0.032487
0 0.819984 0.045178 0.051553 0.025381
18 0.810251 0.072081 0.066176 0.016244
0 0.866642 0.045178 0.040351 0.025381
0 0.969013 0.955330 0.019958 0.040609
0 0.856355 0.016244 0.027311 0.032487
1 0.136029 0.072081 0.061450 0.054822
1 0.486029 0.134772 0.112387 0.027919
0 0.811187 0.529442 0.016807 0.032487
18 0.660567 0.072081 0.016807 0.032487
0 0.832195 0.529442 0.016807 0.032487
0 0.853204 0.529442 0.016807 0.032487
18 0.872694 0.072081 0.028246 0.016751
16 0.881565 0.015228 0.010504 0.020305
0 0.107405 0.012437 0.004202 0.024873
1 0.968093 0.439086 0.063813 0.044670
0 0.105567 0.000508 0.000525 0.001015
18 0.235032 0.072081 0.008403 0.016244
18 0.660567 0.072081 0.008403 0.016244
1 0.676938 0.134772 0.083443 0.027919
1 0.842277 0.677665 0.055467 0.040609
1 0.758424 0.134772 0.077427 0.027919
1 0.394228 0.134772 0.069114 0.027919
1 0.603409 0.134772 0.061515 0.027919
