9 0.496061 0.405076 0.787815 0.609137
0 0.496061 0.217259 0.787815 0.233503
9 0.944984 0.405076 0.110032 0.609137
9 0.051077 0.405076 0.102153 0.609137
9 0.204569 0.627562 0.198858 0.308328
1 0.204569 0.649897 0.162815 0.352998
9 0.593225 0.574921 0.194738 0.147621
12 0.449769 0.030457 0.587891 0.038579
9 0.356154 0.532202 0.097550 0.117608
9 0.441632 0.532202 0.097550 0.117608
9 0.441632 0.694480 0.097550 0.117608
9 0.830287 0.694480 0.097550 0.117608
9 0.744809 0.532202 0.097550 0.117608
9 0.744809 0.694480 0.097550 0.117608
9 0.356154 0.694480 0.097550 0.117608
9 0.830287 0.532202 0.097550 0.117608
0 0.124212 0.227411 0.044118 0.253807
0 0.867910 0.227411 0.044118 0.253807
9 0.441632 0.960049 0.097550 0.079902
9 0.161826 0.960049 0.097550 0.079902
9 0.247304 0.960049 0.097550 0.079902
9 0.356154 0.960049 0.097550 0.079902
9 0.550482 0.960049 0.097550 0.079902
9 0.635960 0.960049 0.097550 0.079902
10 0.744814 0.973905 0.086069 0.052189
9 0.593217 0.718782 0.059349 0.076142
9 0.648405 0.718782 0.059349 0.076142
9 0.538028 0.718782 0.059349 0.076142
9 0.830291 0.973905 0.086069 0.052189
12 0.179720 0.027919 0.101366 0.035533
1 0.593217 0.728680 0.052423 0.095939
1 0.648405 0.728680 0.052423 0.095939
1 0.538028 0.728680 0.052423 0.095939
0 0.093668 0.030457 0.045529 0.050761
10 0.962181 0.030457 0.044126 0.050761
0 0.258001 0.146193 0.066981 0.032487
11 0.023081 0.080711 0.030405 0.039594
14 0.198185 0.146193 0.038340 0.032487
0 0.198185 0.146193 0.037290 0.030457
2 0.755531 0.030457 0.023634 0.040609
1 0.398897 0.812746 0.162815 0.017148
1 0.852034 0.030457 0.062804 0.050761
1 0.787553 0.812746 0.162815 0.017148
10 0.954824 0.030457 0.019958 0.026396
1 0.038340 0.030457 0.059874 0.050761
1 0.593225 0.812746 0.162815 0.017148
0 0.811179 0.038579 0.004202 0.004061
13 0.886062 0.039086 0.004202 0.004061
1 0.916504 0.030457 0.040925 0.050761
1 0.284660 0.080203 0.063690 0.028426
1 0.795829 0.031472 0.024398 0.050761
2 0.753676 0.852792 0.334034 0.048731
3 0.757090 0.281218 0.027836 0.012183
3 0.186712 0.778173 0.183298 0.043655
4 0.123424 0.086294 0.113445 0.026396
4 0.523634 0.525888 0.113445 0.026396
5 0.665966 0.241624 0.040966 0.034518
5 0.063813 0.083756 0.046744 0.015228
6 0.275210 0.954315 0.010504 0.020305
6 0.590336 0.104569 0.010504 0.020305
6 0.116597 0.426396 0.010504 0.020305
6 0.016282 0.303553 0.010504 0.020305
6 0.627101 0.690355 0.010504 0.020305
7 0.300945 0.850761 0.423319 0.097462
7 0.238445 0.097462 0.423319 0.097462
7 0.465336 0.762437 0.260504 0.162437
7 0.615546 0.958883 0.747899 0.001015
7 0.321954 0.945178 0.297269 0.032487
7 0.171744 0.237563 0.260504 0.162437
12 0.603466 0.602030 0.068277 0.036548
12 0.905987 0.940102 0.025210 0.048731
13 0.505252 0.910660 0.113445 0.048731
13 0.481355 0.147208 0.065651 0.048731
13 0.454044 0.969543 0.039391 0.036548
14 0.589811 0.042640 0.009454 0.018274
14 0.840861 0.101523 0.073529 0.052792
14 0.948529 0.656853 0.012605 0.024365
14 0.653887 0.052792 0.012605 0.024365
14 0.273109 0.318782 0.016807 0.032487
14 0.158613 0.133503 0.007353 0.015228
