9 0.496061 0.405076 0.787815 0.609137
0 0.496061 0.217259 0.787815 0.233503
9 0.944984 0.405076 0.110032 0.609137
9 0.051077 0.405076 0.102153 0.609137
9 0.204569 0.627562 0.198858 0.308328
1 0.204569 0.649897 0.162815 0.352998
9 0.593225 0.574921 0.194738 0.147621
12 0.447143 0.030457 0.582639 0.038579
9 0.356154 0.532202 0.097550 0.117608
9 0.441632 0.532202 0.097550 0.117608
9 0.441632 0.694480 0.097550 0.117608
9 0.830287 0.694480 0.097550 0.117608
9 0.744809 0.532202 0.097550 0.117608
9 0.744809 0.694480 0.097550 0.117608
9 0.356154 0.694480 0.097550 0.117608
9 0.830287 0.532202 0.097550 0.117608
0 0.124212 0.227411 0.044118 0.253807
0 0.867910 0.227411 0.044118 0.253807
9 0.441632 0.960049 0.097550 0.079902
9 0.161826 0.960049 0.097550 0.079902
9 0.247304 0.960049 0.097550 0.079902
9 0.356154 0.960049 0.097550 0.079902
9 0.550482 0.960049 0.097550 0.079902
9 0.635960 0.960049 0.097550 0.079902
10 0.744814 0.973905 0.086069 0.052189
9 0.593217 0.718782 0.059349 0.076142
9 0.648405 0.718782 0.059349 0.076142
9 0.538028 0.718782 0.059349 0.076142
9 0.830291 0.973905 0.086069 0.052189
12 0.179720 0.027919 0.101366 0.035533
1 0.593217 0.728680 0.052423 0.095939
1 0.648405 0.728680 0.052423 0.095939
1 0.538028 0.728680 0.052423 0.095939
0 0.093668 0.030457 0.045529 0.050761
10 0.962181 0.030457 0.044126 0.050761
0 0.258001 0.146193 0.066981 0.032487
11 0.023081 0.080711 0.030405 0.039594
14 0.198185 0.146193 0.038340 0.032487
0 0.198185 0.146193 0.037290 0.030457
2 0.750279 0.030457 0.023634 0.040609
1 0.398897 0.812746 0.162815 0.017148
1 0.852034 0.030457 0.062804 0.050761
1 0.787553 0.812746 0.162815 0.017148
10 0.954824 0.030457 0.019958 0.026396
1 0.038340 0.030457 0.059874 0.050761
1 0.593225 0.812746 0.162815 0.017148
2 0.764722 0.030457 0.005252 0.040609
0 0.811179 0.038579 0.004202 0.004061
13 0.886062 0.039086 0.004202 0.004061
1 0.916504 0.030457 0.040925 0.050761
1 0.284660 0.080203 0.063690 0.028426
1 0.795829 0.031472 0.024398 0.050761
2 0.100578 0.689340 0.076155 0.036548
3 0.026261 0.201015 0.006303 0.020305
3 0.803834 0.625888 0.083508 0.043655
3 0.739496 0.384264 0.085084 0.059898
4 0.509716 0.114721 0.094013 0.024365
4 0.461660 0.164467 0.113445 0.026396
5 0.218487 0.891371 0.040966 0.034518
5 0.369485 0.397462 0.006828 0.013198
6 0.774685 0.756345 0.010504 0.020305
6 0.733193 0.301523 0.010504 0.020305
6 0.757878 0.521827 0.010504 0.020305
7 0.280462 0.582741 0.423319 0.097462
7 0.559874 0.382741 0.327731 0.030457
7 0.535189 0.321320 0.747899 0.001015
7 0.166492 0.770558 0.327731 0.030457
7 0.613445 0.683249 0.260504 0.162437
10 0.697479 0.868528 0.057773 0.049746
10 0.219275 0.362944 0.131828 0.254822
12 0.160452 0.322843 0.320903 0.052792
13 0.879464 0.830457 0.051996 0.040609
13 0.402574 0.777665 0.065651 0.044670
13 0.885504 0.265482 0.042017 0.080203
13 0.166229 0.778680 0.039391 0.014213
13 0.277311 0.109645 0.051471 0.048731
13 0.423582 0.683249 0.019433 0.014213
