9 0.643120 0.424968 0.378151 0.511675
9 0.905987 0.890355 0.147059 0.170558
0 0.243960 0.653585 0.168067 0.056853
0 0.243960 0.580489 0.168067 0.056853
0 0.795283 0.077760 0.073825 0.042227
0 0.720149 0.077760 0.068039 0.042227
0 0.243956 0.662111 0.095219 0.022732
11 0.752757 0.072684 0.070575 0.030457
9 0.187237 0.072684 0.063025 0.032487
0 0.243960 0.580481 0.085905 0.022732
1 0.211052 0.077760 0.102252 0.042227
0 0.243960 0.642219 0.097197 0.017053
11 0.553600 0.072684 0.052923 0.030457
11 0.603384 0.072684 0.046645 0.030457
14 0.977416 0.809137 0.021008 0.040609
14 0.977416 0.809137 0.016807 0.032487
1 0.649398 0.072684 0.045381 0.030457
1 0.694779 0.072684 0.045381 0.030457
1 0.810383 0.072684 0.043625 0.030457
1 0.627458 0.018068 0.025842 0.019892
2 0.602416 0.676650 0.057773 0.017259
2 0.339811 0.573096 0.149160 0.021320
2 0.826681 0.328934 0.163866 0.036548
3 0.442227 0.704061 0.132353 0.035533
3 0.537815 0.191371 0.006303 0.013198
4 0.846639 0.714721 0.113445 0.026396
4 0.034139 0.753807 0.032563 0.019289
5 0.894695 0.767513 0.021534 0.014213
6 0.167017 0.739086 0.010504 0.020305
6 0.425420 0.401015 0.010504 0.020305
7 0.607668 0.771574 0.423319 0.097462
7 0.640756 0.603046 0.423319 0.097462
7 0.625000 0.842640 0.423319 0.097462
7 0.313550 0.716751 0.260504 0.162437
7 0.537290 0.653807 0.314076 0.113706
10 0.181723 0.155838 0.161765 0.025381
12 0.351628 0.472589 0.007878 0.015228
12 0.335347 0.344670 0.231618 0.049746
13 0.670693 0.541117 0.014706 0.028426
13 0.702468 0.648223 0.129727 0.120812
13 0.259716 0.376650 0.170693 0.040609
13 0.399160 0.258883 0.097689 0.054822
13 0.657300 0.290355 0.019433 0.014213
14 0.731355 0.470051 0.019433 0.036548
14 0.680147 0.669543 0.009454 0.017259
14 0.016544 0.808122 0.014181 0.028426
