0 0.165371 0.677887 0.084419 0.056853
1 0.778353 0.028426 0.181197 0.038579
1 0.394954 0.028426 0.167189 0.038579
1 0.583151 0.028426 0.167189 0.038579
0 0.831822 0.036548 0.074276 0.044670
9 0.156262 0.036548 0.066201 0.036548
1 0.408499 0.036548 0.040228 0.073096
1 0.357918 0.036548 0.027319 0.073096
1 0.765834 0.036548 0.024086 0.020305
3 0.204832 0.958376 0.006303 0.020305
3 0.601891 0.390355 0.006303 0.013198
3 0.840336 0.582234 0.085084 0.059898
3 0.029412 0.335533 0.006303 0.013198
3 0.045431 0.966497 0.027836 0.012183
4 0.124737 0.965990 0.094013 0.023350
4 0.790179 0.987817 0.051996 0.020305
5 0.315914 0.135533 0.006828 0.013198
5 0.847164 0.478173 0.031513 0.040609
6 0.122374 0.937056 0.010504 0.020305
6 0.844538 0.412183 0.010504 0.020305
6 0.359769 0.511675 0.010504 0.020305
7 0.413866 0.642640 0.423319 0.097462
10 0.242910 0.681218 0.335609 0.507614
10 0.159139 0.632487 0.019958 0.038579
10 0.954569 0.390355 0.053046 0.049746
10 0.469013 0.390355 0.086134 0.051777
10 0.897584 0.128426 0.071429 0.063959
13 0.578782 0.561421 0.008403 0.016244
13 0.559611 0.103553 0.170693 0.040609
14 0.708508 0.140102 0.023109 0.044670
14 0.913340 0.336041 0.016807 0.032487
14 0.569328 0.452792 0.008403 0.016244
14 0.052521 0.078173 0.021008 0.040609
14 0.942489 0.687310 0.007878 0.020305
