9 0.496061 0.664721 0.992122 0.537563
0 0.496061 0.397462 0.201681 0.136041
0 0.496061 0.779188 0.201681 0.034518
9 0.996061 0.664721 0.007878 0.537563
0 0.496061 0.346701 0.188025 0.024365
0 0.496061 0.397462 0.188025 0.024365
0 0.496061 0.448223 0.188025 0.024365
0 0.496061 0.779188 0.188025 0.024365
0 0.193803 0.382741 0.076155 0.058883
0 0.796752 0.940609 0.065651 0.042243
9 0.028846 0.100508 0.032481 0.085279
0 0.731101 0.939594 0.065651 0.040213
0 0.954106 0.075127 0.050822 0.034518
0 0.897970 0.075127 0.044643 0.034518
14 0.975315 0.940102 0.023109 0.044670
0 0.970588 0.024365 0.017857 0.034518
9 0.450704 0.397462 0.016807 0.024365
9 0.408933 0.024365 0.012605 0.024365
9 0.455612 0.346701 0.016807 0.024365
12 0.460987 0.448223 0.016807 0.024365
0 0.810137 0.963959 0.014706 0.028426
0 0.829044 0.963959 0.014706 0.028426
1 0.182322 0.978680 0.046301 0.018274
2 0.258929 0.628934 0.149160 0.021320
2 0.136555 0.189848 0.173319 0.036548
3 0.203256 0.812183 0.006303 0.020305
3 0.141019 0.949746 0.115021 0.021320
3 0.402311 0.813706 0.006303 0.013198
4 0.908613 0.320305 0.042017 0.019289
4 0.948792 0.846193 0.000525 0.001015
5 0.271534 0.663959 0.031513 0.040609
5 0.038078 0.296954 0.006828 0.013198
6 0.283613 0.573604 0.010504 0.020305
6 0.620798 0.959391 0.010504 0.020305
6 0.042017 0.617259 0.010504 0.020305
6 0.247374 0.189848 0.010504 0.020305
6 0.971639 0.172589 0.010504 0.020305
7 0.538340 0.215228 0.327731 0.030457
7 0.396008 0.295431 0.260504 0.162437
7 0.420168 0.006599 0.747899 0.001015
7 0.328782 0.270051 0.297269 0.032487
7 0.514706 0.150254 0.260504 0.162437
7 0.207458 0.174619 0.327731 0.030457
10 0.570116 0.723858 0.335609 0.507614
10 0.736870 0.868528 0.071429 0.063959
10 0.366071 0.370558 0.019958 0.026396
10 0.939863 0.085787 0.044643 0.049746
12 0.132353 0.654315 0.021008 0.023350
12 0.358981 0.375127 0.231618 0.049746
13 0.306723 0.343147 0.004202 0.004061
13 0.863445 0.760406 0.014706 0.028426
14 0.763130 0.955838 0.057773 0.045685
14 0.042017 0.246701 0.012605 0.024365
