0 0.496061 0.683185 0.978680 0.036548
1 0.450548 0.819416 0.202583 0.077157
1 0.660468 0.819416 0.202583 0.077157
1 0.870388 0.910787 0.202583 0.077157
1 0.870388 0.819416 0.202583 0.077157
1 0.660468 0.910787 0.202583 0.077157
1 0.450548 0.910787 0.202583 0.077157
12 0.481355 0.610596 0.207031 0.044670
0 0.496061 0.482075 0.147059 0.046701
0 0.496057 0.683185 0.157653 0.036548
1 0.450548 0.981789 0.202583 0.036421
1 0.870388 0.981789 0.202583 0.036421
1 0.660468 0.981789 0.202583 0.036421
0 0.499175 0.682678 0.123055 0.019289
3 0.582080 0.610596 0.057773 0.024365
1 0.426421 0.406242 0.081933 0.046494
1 0.392012 0.274262 0.081933 0.046494
1 0.600110 0.274262 0.081933 0.046494
0 0.599577 0.610596 0.029412 0.044670
0 0.496061 0.337056 0.012605 0.024365
12 0.599577 0.611612 0.011555 0.022335
4 0.561679 0.610596 0.008567 0.024365
4 0.377577 0.587754 0.000525 0.001015
2 0.249737 0.061929 0.076155 0.036548
2 0.709296 0.682234 0.076155 0.036548
3 0.104254 0.128426 0.183298 0.043655
3 0.485819 0.552284 0.105042 0.032487
3 0.394695 0.406599 0.106618 0.021320
4 0.315651 0.489340 0.025210 0.048731
4 0.165179 0.517259 0.094013 0.023350
5 0.916229 0.872081 0.024685 0.048731
5 0.491071 0.582741 0.012605 0.024365
5 0.294380 0.060406 0.024685 0.047716
5 0.108456 0.970558 0.021534 0.014213
5 0.660189 0.050761 0.012605 0.024365
6 0.171218 0.932995 0.010504 0.020305
6 0.502626 0.831472 0.010504 0.020305
7 0.258929 0.436548 0.297269 0.032487
7 0.778361 0.769543 0.423319 0.097462
7 0.431197 0.551269 0.423319 0.097462
7 0.274160 0.468020 0.327731 0.030457
7 0.264181 0.125888 0.327731 0.030457
10 0.403361 0.549239 0.019958 0.026396
10 0.429622 0.461929 0.022059 0.042640
12 0.869748 0.554822 0.021008 0.035533
12 0.470851 0.124873 0.033088 0.016244
13 0.101891 0.611168 0.021008 0.040609
13 0.624212 0.508629 0.020483 0.040609
13 0.933561 0.919797 0.089811 0.111675
13 0.479254 0.482234 0.129727 0.052792
13 0.393382 0.622335 0.021008 0.040609
13 0.799895 0.756345 0.016807 0.032487
14 0.564338 0.216751 0.007878 0.015228
14 0.718750 0.217259 0.009979 0.022335
14 0.174632 0.434518 0.005777 0.010152
14 0.099265 0.517259 0.057773 0.045685
