9 0.496061 0.400682 0.992122 0.659232
9 0.121455 0.908296 0.078782 0.183407
9 0.212841 0.908296 0.078782 0.183407
9 0.304228 0.908296 0.078782 0.183407
9 0.395614 0.908296 0.078782 0.183407
9 0.487001 0.908296 0.078782 0.183407
9 0.578388 0.908296 0.078782 0.183407
9 0.669774 0.908296 0.078782 0.183407
9 0.761161 0.908296 0.078782 0.183407
9 0.852547 0.908296 0.078782 0.183407
9 0.943934 0.908296 0.078782 0.183407
9 0.034730 0.908296 0.069459 0.183407
0 0.134519 0.965831 0.227022 0.040609
9 0.996061 0.400682 0.007878 0.659232
9 0.073529 0.035533 0.105042 0.025381
1 0.696240 0.035533 0.098526 0.041624
1 0.836409 0.035533 0.091460 0.041624
9 0.997965 0.908296 0.004070 0.183407
9 0.030987 0.399667 0.019958 0.038579
9 0.961134 0.399667 0.019958 0.038579
1 0.062229 0.965831 0.082442 0.040609
12 0.965599 0.035533 0.011029 0.021320
9 0.965599 0.035533 0.011029 0.021320
1 0.915860 0.035533 0.067440 0.041624
0 0.480305 0.749588 0.005252 0.010152
0 0.490809 0.749588 0.005252 0.010152
0 0.501313 0.749588 0.005252 0.010152
0 0.511817 0.749588 0.005252 0.010152
1 0.614500 0.035533 0.064954 0.041624
1 0.558536 0.035533 0.046973 0.041624
1 0.768091 0.035533 0.045176 0.041624
1 0.152295 0.036041 0.041984 0.041624
2 0.511817 0.791371 0.228466 0.033503
2 0.253939 0.413198 0.023634 0.040609
4 0.875000 0.155330 0.113445 0.026396
4 0.506303 0.593909 0.113445 0.026396
4 0.657300 0.054822 0.094013 0.024365
4 0.349002 0.726904 0.094013 0.024365
4 0.508141 0.188832 0.011029 0.018274
4 0.293592 0.548223 0.161765 0.024365
5 0.486345 0.779695 0.039916 0.034518
5 0.765756 0.288325 0.012605 0.024365
5 0.076155 0.694416 0.016807 0.032487
6 0.017857 0.013198 0.010504 0.020305
6 0.645483 0.362437 0.010504 0.020305
6 0.249475 0.529949 0.010504 0.020305
6 0.945378 0.360406 0.010504 0.020305
6 0.678046 0.929949 0.010504 0.020305
7 0.484769 0.516751 0.297269 0.032487
7 0.499475 0.229442 0.423319 0.097462
7 0.228466 0.487310 0.260504 0.162437
7 0.463235 0.258883 0.327731 0.030457
7 0.502101 0.867005 0.314076 0.113706
7 0.228466 0.916751 0.423319 0.097462
7 0.191702 0.660914 0.314076 0.113706
10 0.845063 0.238579 0.010504 0.020305
10 0.578519 0.681726 0.131828 0.254822
12 0.496586 0.300508 0.992122 0.056853
12 0.742122 0.463959 0.038866 0.040609
13 0.078782 0.332487 0.050420 0.031472
13 0.533088 0.894416 0.015756 0.030457
13 0.716124 0.678173 0.039391 0.036548
13 0.451681 0.785279 0.021008 0.039594
14 0.107143 0.316751 0.012605 0.024365
