9 0.629251 0.490720 0.389082 0.409296
9 0.761604 0.855806 0.124376 0.288388
1 0.296764 0.373382 0.223255 0.111675
9 0.230514 0.777562 0.124368 0.131900
9 0.363285 0.777562 0.124368 0.131900
9 0.496057 0.777562 0.124368 0.131900
9 0.628828 0.777562 0.124368 0.131900
1 0.228089 0.896415 0.119518 0.091593
1 0.359986 0.885041 0.117770 0.068845
0 0.360951 0.936453 0.131565 0.039784
0 0.216780 0.936453 0.131565 0.039784
0 0.294159 0.237143 0.089007 0.038975
0 0.204791 0.237143 0.081325 0.038975
1 0.493345 0.873668 0.118944 0.046098
11 0.382230 0.237143 0.078732 0.038975
9 0.202731 0.180901 0.068803 0.032487
0 0.192194 0.876364 0.082392 0.023541
12 0.759376 0.180909 0.051479 0.038975
1 0.611258 0.873668 0.089228 0.046098
1 0.729135 0.237143 0.088309 0.038975
1 0.690011 0.180909 0.068343 0.038975
1 0.454381 0.237143 0.046662 0.038975
1 0.804318 0.237143 0.043149 0.038975
1 0.208701 0.828760 0.054482 0.021320
1 0.810231 0.180909 0.031324 0.038975
2 0.705357 0.371574 0.367647 0.040609
2 0.911239 0.255838 0.021008 0.040609
2 0.081145 0.483249 0.076155 0.036548
2 0.545168 0.602030 0.189076 0.040609
3 0.947479 0.133503 0.037815 0.047716
3 0.060662 0.199492 0.106618 0.021320
3 0.877101 0.321320 0.037815 0.047716
3 0.591387 0.021827 0.006303 0.013198
4 0.746324 0.762944 0.044118 0.023350
4 0.795693 0.588325 0.050420 0.035533
4 0.409926 0.824873 0.032038 0.019289
5 0.381565 0.489848 0.006828 0.013198
5 0.938550 0.531980 0.012605 0.024365
5 0.037027 0.021827 0.006828 0.013198
5 0.185662 0.682741 0.006828 0.013198
5 0.279674 0.702030 0.006828 0.013198
5 0.945641 0.328934 0.024685 0.048731
6 0.213761 0.839594 0.010504 0.020305
6 0.830882 0.150254 0.010504 0.020305
6 0.234244 0.920812 0.010504 0.020305
7 0.555147 0.274112 0.260504 0.162437
7 0.338235 0.872081 0.327731 0.030457
10 0.216912 0.519797 0.173319 0.227411
10 0.639181 0.051777 0.019958 0.026396
10 0.871061 0.423858 0.044643 0.049746
13 0.654937 0.708629 0.014706 0.028426
13 0.828782 0.412183 0.015756 0.030457
14 0.616071 0.388325 0.046218 0.045685
14 0.922269 0.495431 0.023109 0.044670
14 0.291492 0.437563 0.025210 0.048731
