1 0.645520 0.534438 0.298918 0.044670
1 0.238971 0.065990 0.100315 0.050761
0 0.783129 0.018631 0.040359 0.037262
1 0.592568 0.522256 0.185859 0.020305
12 0.691817 0.023707 0.039391 0.027110
1 0.224892 0.605330 0.072159 0.031472
1 0.667936 0.077475 0.086102 0.020527
1 0.565430 0.546621 0.066406 0.020305
1 0.737231 0.023707 0.040934 0.027110
1 0.527635 0.077475 0.050921 0.020527
1 0.588990 0.077475 0.050781 0.020527
1 0.778177 0.077475 0.050264 0.020527
1 0.721347 0.522256 0.040712 0.020305
1 0.666188 0.546621 0.031989 0.020305
2 0.651786 0.382741 0.113445 0.044670
2 0.530987 0.917766 0.168067 0.036548
3 0.283088 0.026396 0.057773 0.024365
3 0.217700 0.972081 0.115021 0.021320
3 0.483718 0.829442 0.006303 0.020305
3 0.453782 0.963959 0.111345 0.025381
4 0.078782 0.054315 0.130252 0.011168
4 0.000788 0.220812 0.000525 0.001015
4 0.096376 0.717766 0.094013 0.024365
4 0.427521 0.761421 0.113445 0.026396
5 0.419905 0.790355 0.000525 0.001015
5 0.738445 0.434518 0.016807 0.032487
5 0.130515 0.632487 0.042542 0.034518
5 0.958771 0.910152 0.006828 0.013198
6 0.842437 0.629442 0.010504 0.020305
7 0.469538 0.670558 0.747899 0.001015
7 0.348739 0.098477 0.260504 0.162437
7 0.596113 0.450761 0.423319 0.097462
10 0.410714 0.113706 0.192227 0.026396
10 0.612395 0.294924 0.025210 0.047716
12 0.854779 0.600508 0.059349 0.027411
12 0.321691 0.882741 0.231618 0.049746
13 0.491071 0.581726 0.039916 0.038579
13 0.759716 0.932995 0.089811 0.111675
13 0.969013 0.313706 0.008403 0.016244
13 0.474790 0.485787 0.021008 0.039594
13 0.620273 0.069036 0.015756 0.030457
13 0.563813 0.812690 0.046744 0.043655
14 0.523897 0.965482 0.016282 0.032487
14 0.785452 0.968020 0.020483 0.039594
