1 0.308003 0.693306 0.374934 0.043655
9 0.466674 0.571954 0.077206 0.142069
12 0.372637 0.032995 0.248950 0.032487
12 0.353310 0.032995 0.210297 0.032487
9 0.178309 0.468940 0.131303 0.025381
9 0.595613 0.468940 0.131303 0.025381
9 0.595613 0.903807 0.131303 0.025381
4 0.822742 0.325397 0.113445 0.026396
4 0.822742 0.740625 0.113445 0.026396
4 0.822742 0.357884 0.113445 0.026396
4 0.822742 0.515244 0.113445 0.026396
4 0.822742 0.627935 0.113445 0.026396
4 0.822742 0.482757 0.113445 0.026396
4 0.822742 0.547732 0.113445 0.026396
4 0.822742 0.773112 0.113445 0.026396
4 0.822742 0.660422 0.113445 0.026396
4 0.822742 0.805600 0.113445 0.026396
1 0.822742 0.399508 0.113445 0.044670
0 0.149447 0.101586 0.080932 0.022335
0 0.672031 0.257582 0.080932 0.022335
9 0.175158 0.025381 0.073529 0.022335
0 0.724548 0.188484 0.040925 0.035533
5 0.724548 0.187976 0.040925 0.034518
12 0.477523 0.032995 0.039177 0.032487
9 0.175158 0.046701 0.073529 0.010152
9 0.140494 0.277221 0.021008 0.041624
0 0.816460 0.229394 0.033638 0.022335
11 0.109506 0.032995 0.016807 0.032487
9 0.125263 0.468084 0.019958 0.038579
9 0.542567 0.468084 0.019958 0.038579
9 0.542567 0.902951 0.019958 0.038579
0 0.109506 0.032995 0.016807 0.032487
6 0.771271 0.480727 0.010504 0.020305
6 0.771271 0.513214 0.010504 0.020305
6 0.771271 0.545701 0.010504 0.020305
9 0.534442 0.108169 0.018382 0.035533
1 0.680147 0.361532 0.097164 0.028426
6 0.771271 0.625904 0.010504 0.020305
6 0.771271 0.658391 0.010504 0.020305
9 0.334575 0.108169 0.018382 0.033503
1 0.157563 0.419083 0.097164 0.028426
1 0.680147 0.331694 0.097164 0.028426
6 0.771271 0.323366 0.010504 0.020305
6 0.771271 0.355853 0.010504 0.020305
9 0.210125 0.372494 0.007878 0.015228
1 0.680147 0.391371 0.097164 0.028426
6 0.771271 0.803569 0.010504 0.020305
6 0.771271 0.771082 0.010504 0.020305
6 0.771271 0.738595 0.010504 0.020305
9 0.310473 0.372494 0.007878 0.015228
9 0.133929 0.372494 0.007878 0.015228
0 0.872538 0.098017 0.026917 0.015228
1 0.157563 0.170003 0.097164 0.028426
1 0.680147 0.540562 0.097164 0.028426
1 0.680147 0.670289 0.097164 0.028426
1 0.157563 0.349032 0.097164 0.028426
1 0.680147 0.451047 0.097164 0.028426
1 0.680147 0.421209 0.097164 0.028426
11 0.109506 0.032995 0.010504 0.020305
2 0.806197 0.035533 0.101891 0.026396
3 0.689076 0.470051 0.057773 0.024365
3 0.631303 0.814721 0.006303 0.013198
3 0.234769 0.277157 0.006303 0.020305
3 0.792017 0.924365 0.111345 0.025381
3 0.341912 0.916751 0.105042 0.032487
4 0.205357 0.088325 0.113445 0.026396
4 0.164653 0.615736 0.047794 0.035533
4 0.183298 0.318782 0.130252 0.012183
5 0.473477 0.909137 0.006828 0.013198
5 0.844800 0.688832 0.006828 0.013198
5 0.402574 0.942640 0.006828 0.013198
6 0.009454 0.203046 0.010504 0.020305
6 0.161502 0.824873 0.006828 0.013198
7 0.422269 0.352284 0.423319 0.097462
7 0.742122 0.527919 0.423319 0.097462
7 0.217962 0.346193 0.423319 0.097462
10 0.382353 0.534010 0.023109 0.044670
12 0.785714 0.609137 0.016807 0.040609
13 0.505777 0.905584 0.014706 0.028426
