9 0.280397 0.486136 0.207261 0.225063
9 0.496061 0.486136 0.207261 0.225063
9 0.711725 0.486136 0.207261 0.225063
0 0.763926 0.947208 0.436532 0.071685
9 0.280397 0.929791 0.207261 0.140419
9 0.496061 0.929791 0.207261 0.140419
9 0.711725 0.929791 0.207261 0.140419
1 0.747809 0.227411 0.125706 0.097462
1 0.280397 0.652475 0.186253 0.056853
9 0.435481 0.185787 0.082803 0.087310
9 0.216994 0.185787 0.082803 0.087310
9 0.653969 0.185787 0.082803 0.087310
1 0.310834 0.215228 0.125706 0.073096
11 0.559550 0.024365 0.100159 0.048731
1 0.529321 0.203046 0.125706 0.048731
10 0.452448 0.526599 0.091986 0.038579
11 0.746598 0.024365 0.064051 0.048731
0 0.686351 0.945685 0.065651 0.040213
14 0.546255 0.526599 0.078823 0.038579
0 0.834674 0.945685 0.065651 0.042243
0 0.553165 0.573706 0.074867 0.038579
0 0.760512 0.945685 0.065651 0.042243
1 0.711725 0.638261 0.186253 0.028426
9 0.215861 0.024365 0.086660 0.028680
14 0.543043 0.539594 0.071150 0.038579
11 0.636932 0.024365 0.054605 0.048731
1 0.496061 0.638261 0.186253 0.028426
11 0.689404 0.024365 0.050338 0.048731
1 0.711725 0.770241 0.186253 0.024365
1 0.280397 0.796637 0.186253 0.024365
1 0.711725 0.747906 0.186253 0.024365
1 0.496061 0.747906 0.186253 0.024365
0 0.541106 0.539594 0.042263 0.038579
14 0.490657 0.573706 0.033343 0.038579
14 0.975315 0.945178 0.023109 0.044670
14 0.485298 0.539594 0.027532 0.038579
13 0.795431 0.021827 0.012605 0.024365
11 0.812763 0.021827 0.013655 0.026396
14 0.584953 0.427107 0.007730 0.020305
14 0.577903 0.407614 0.007730 0.020305
14 0.589885 0.356447 0.007730 0.020305
14 0.561523 0.407614 0.007730 0.020305
1 0.160333 0.979680 0.040614 0.015228
2 0.605567 0.115736 0.201681 0.036548
3 0.856355 0.664467 0.083508 0.043655
3 0.856880 0.959898 0.183298 0.043655
3 0.501576 0.154822 0.085084 0.059898
3 0.782300 0.612690 0.106618 0.021320
3 0.640494 0.661929 0.027836 0.012183
3 0.553046 0.141624 0.085084 0.059898
4 0.412290 0.387817 0.015756 0.018274
4 0.819853 0.646701 0.113445 0.026396
4 0.523634 0.376650 0.113445 0.026396
4 0.860294 0.423858 0.060924 0.019289
5 0.436187 0.806599 0.006828 0.013198
5 0.492910 0.428934 0.006828 0.013198
5 0.332458 0.058883 0.028361 0.034518
5 0.674107 0.650761 0.042542 0.034518
5 0.781250 0.714213 0.006828 0.013198
5 0.429359 0.551777 0.046744 0.015228
6 0.924370 0.253807 0.010504 0.020305
6 0.214286 0.308629 0.010504 0.020305
6 0.842962 0.286294 0.010504 0.020305
6 0.022059 0.027411 0.010504 0.020305
6 0.666492 0.751269 0.010504 0.020305
7 0.524160 0.238579 0.260504 0.162437
7 0.330357 0.912690 0.314076 0.113706
7 0.514181 0.191878 0.423319 0.097462
7 0.565126 0.765482 0.314076 0.113706
10 0.777311 0.400000 0.022059 0.042640
10 0.222164 0.833503 0.023109 0.044670
12 0.619223 0.678173 0.252101 0.058883
13 0.217437 0.996954 0.004202 0.004061
14 0.752101 0.198985 0.010504 0.020305
14 0.181460 0.925888 0.089811 0.111675
