10 0.355305 0.468536 0.099790 0.172827
10 0.700368 0.463848 0.063025 0.163452
10 0.700368 0.728188 0.063025 0.151269
18 0.372637 0.033503 0.248950 0.032487
1 0.553772 0.462421 0.192531 0.043655
1 0.556719 0.848176 0.198423 0.043655
10 0.700368 0.857630 0.063025 0.091371
1 0.544499 0.928982 0.173984 0.043655
1 0.542197 0.821780 0.169380 0.043655
1 0.193368 0.566386 0.151966 0.043655
1 0.194410 0.487199 0.154051 0.043655
0 0.157563 0.108185 0.097164 0.036548
0 0.680147 0.184375 0.097164 0.036548
0 0.680147 0.444622 0.097164 0.028426
0 0.157563 0.343274 0.097164 0.028426
0 0.680147 0.414784 0.097164 0.028426
4 0.822742 0.465387 0.113445 0.022335
4 0.822742 0.256250 0.113445 0.022335
4 0.822742 0.360819 0.113445 0.022335
4 0.822742 0.284676 0.113445 0.022335
4 0.822742 0.493813 0.113445 0.022335
4 0.822742 0.227824 0.113445 0.022335
4 0.822742 0.389245 0.113445 0.022335
4 0.822742 0.522240 0.113445 0.022335
0 0.134893 0.911041 0.051823 0.032487
1 0.200532 0.360295 0.166295 0.027411
0 0.717359 0.109185 0.055303 0.035533
5 0.717359 0.108677 0.055303 0.034518
0 0.690807 0.227126 0.082146 0.017259
10 0.188288 0.025381 0.063025 0.020305
10 0.138393 0.033503 0.026261 0.050761
18 0.479788 0.033503 0.034647 0.032487
0 0.564584 0.227126 0.052833 0.017259
0 0.620367 0.227126 0.050330 0.017259
10 0.188288 0.046193 0.063025 0.011168
17 0.109506 0.033503 0.016807 0.032487
1 0.680147 0.295431 0.097164 0.028426
0 0.835728 0.150095 0.028517 0.022335
1 0.157563 0.402951 0.097164 0.028426
5 0.109506 0.033503 0.016807 0.032487
6 0.771271 0.227824 0.010504 0.020305
6 0.771271 0.256250 0.010504 0.020305
6 0.771271 0.284676 0.010504 0.020305
0 0.109506 0.033503 0.016807 0.032487
6 0.771271 0.360819 0.010504 0.020305
6 0.771271 0.389245 0.010504 0.020305
6 0.771271 0.522240 0.010504 0.020305
6 0.771271 0.493813 0.010504 0.020305
6 0.771271 0.465387 0.010504 0.020305
1 0.680147 0.265593 0.097164 0.028426
0 0.201943 0.588690 0.008403 0.016244
17 0.109506 0.033503 0.010504 0.020305
