9 0.417279 0.361429 0.455882 0.495447
1 0.574842 0.760406 0.140756 0.237532
1 0.732405 0.760406 0.140756 0.237532
1 0.417279 0.760406 0.140756 0.237532
1 0.259716 0.734795 0.140756 0.186310
9 0.574842 0.718274 0.140756 0.153268
9 0.732405 0.718274 0.140756 0.153268
9 0.417279 0.718274 0.140756 0.153268
9 0.259716 0.718044 0.140756 0.152808
1 0.732405 0.318274 0.140756 0.096447
1 0.732405 0.434518 0.140756 0.071066
1 0.732405 0.202030 0.140756 0.071066
2 0.820624 0.040609 0.118172 0.042164
0 0.892718 0.040609 0.026014 0.042164
1 0.137585 0.040609 0.102375 0.035660
0 0.426811 0.046701 0.032801 0.024365
1 0.309098 0.046701 0.071913 0.024365
1 0.225664 0.046701 0.040170 0.024365
1 0.391503 0.046701 0.037815 0.024365
1 0.728204 0.584787 0.015756 0.030457
2 0.192489 0.735025 0.076155 0.036548
2 0.837973 0.645685 0.157038 0.036548
3 0.804359 0.508122 0.106618 0.021320
3 0.231618 0.827411 0.006303 0.020305
3 0.766282 0.153807 0.065126 0.031472
3 0.268382 0.617766 0.085084 0.059898
3 0.928571 0.426904 0.006303 0.013198
4 0.318803 0.278173 0.015756 0.018274
4 0.099265 0.206091 0.113445 0.026396
4 0.659664 0.970558 0.113445 0.026396
4 0.183298 0.358376 0.079832 0.048731
5 0.264181 0.805076 0.012605 0.024365
5 0.179359 0.854315 0.006828 0.013198
5 0.427784 0.978173 0.006828 0.013198
5 0.884454 0.948223 0.039916 0.034518
5 0.507090 0.414721 0.024685 0.047716
5 0.667279 0.900000 0.006828 0.013198
5 0.648897 0.685279 0.021534 0.014213
6 0.205882 0.278173 0.010504 0.020305
6 0.182773 0.465990 0.010504 0.020305
6 0.514181 0.964467 0.010504 0.020305
10 0.266282 0.669543 0.024160 0.047716
10 0.772584 0.178680 0.019958 0.026396
10 0.252626 0.773096 0.024160 0.047716
12 0.583508 0.921827 0.016807 0.040609
12 0.373687 0.688832 0.020483 0.023350
12 0.161765 0.068020 0.021008 0.040609
13 0.225578 0.262944 0.158088 0.030457
14 0.742384 0.198985 0.009979 0.020305
14 0.025735 0.603046 0.005252 0.010152
14 0.107143 0.273096 0.012605 0.024365
