9 0.684086 0.256853 0.147059 0.253807
1 0.296218 0.814721 0.120798 0.053807
1 0.550420 0.814721 0.120798 0.053807
1 0.423319 0.814721 0.120798 0.053807
1 0.677521 0.814721 0.120798 0.053807
1 0.550420 0.973604 0.120798 0.052792
1 0.677521 0.973604 0.120798 0.052792
1 0.423319 0.973604 0.120798 0.052792
1 0.296218 0.973604 0.120798 0.052792
9 0.248424 0.812183 0.025210 0.048731
9 0.375525 0.812183 0.025210 0.048731
9 0.502626 0.812183 0.025210 0.048731
9 0.629727 0.812183 0.025210 0.048731
9 0.248424 0.971574 0.025210 0.048731
9 0.375525 0.971574 0.025210 0.048731
9 0.502626 0.971574 0.025210 0.048731
9 0.629727 0.971574 0.025210 0.048731
9 0.243172 0.036548 0.021008 0.040609
1 0.619407 0.669543 0.083139 0.017259
1 0.391470 0.669543 0.080324 0.017259
1 0.510377 0.693909 0.038759 0.017259
2 0.638655 0.306599 0.136555 0.040609
2 0.646008 0.329442 0.234244 0.035533
2 0.308824 0.852792 0.189076 0.040609
2 0.494748 0.206091 0.128151 0.048731
2 0.200893 0.749239 0.157038 0.036548
2 0.331933 0.045178 0.241597 0.039594
3 0.060137 0.608629 0.083508 0.043655
3 0.523634 0.201523 0.111345 0.025381
3 0.388918 0.558376 0.027836 0.012183
3 0.659401 0.724365 0.183298 0.043655
3 0.424370 0.493909 0.085084 0.059898
4 0.462185 0.739086 0.008403 0.016244
4 0.616334 0.639086 0.309349 0.039594
5 0.300158 0.532995 0.055147 0.034518
5 0.034926 0.218782 0.006828 0.013198
5 0.132616 0.589340 0.006828 0.013198
5 0.031250 0.363452 0.050945 0.034518
6 0.219013 0.707614 0.010504 0.020305
6 0.869223 0.916751 0.010504 0.020305
6 0.840861 0.218274 0.010504 0.020305
6 0.658088 0.428426 0.010504 0.020305
7 0.316702 0.871066 0.297269 0.032487
7 0.684349 0.312690 0.423319 0.097462
7 0.633929 0.939086 0.327731 0.030457
7 0.553571 0.535025 0.260504 0.162437
10 0.894958 0.167513 0.019958 0.026396
10 0.252363 0.436548 0.335609 0.507614
10 0.639181 0.079188 0.019958 0.026396
10 0.644958 0.262437 0.161765 0.025381
12 0.900735 0.159391 0.014706 0.032487
13 0.784139 0.897462 0.064076 0.020305
13 0.516807 0.031472 0.012605 0.024365
13 0.041492 0.073096 0.014706 0.028426
14 0.327731 0.463959 0.084034 0.091371
14 0.487920 0.487310 0.084034 0.091371
14 0.114758 0.337056 0.014181 0.028426
14 0.366071 0.672081 0.022059 0.042640
