9 0.032038 0.927919 0.030462 0.064975
1 0.065364 0.028426 0.097115 0.040609
0 0.477662 0.906599 0.047252 0.022335
9 0.958771 0.905584 0.048845 0.020305
9 0.028624 0.028426 0.023634 0.040609
1 0.335281 0.906599 0.072610 0.022335
1 0.247058 0.906599 0.070222 0.022335
1 0.098325 0.906599 0.068499 0.022335
1 0.412811 0.906599 0.048836 0.022335
1 0.172261 0.906599 0.045759 0.022335
2 0.502626 0.116751 0.168067 0.036548
2 0.680147 0.540102 0.367647 0.040609
3 0.480042 0.839086 0.085084 0.059898
3 0.660189 0.765990 0.132353 0.035533
3 0.616597 0.943147 0.105042 0.032487
3 0.050683 0.031980 0.083508 0.043655
4 0.245273 0.226396 0.093487 0.020305
4 0.162815 0.852284 0.268908 0.019289
5 0.037815 0.621320 0.012605 0.024365
5 0.117910 0.353807 0.006828 0.013198
5 0.840599 0.437056 0.006828 0.013198
5 0.140756 0.587817 0.040966 0.034518
5 0.145483 0.886294 0.016807 0.032487
6 0.647584 0.554315 0.010504 0.020305
6 0.018908 0.263959 0.010504 0.020305
6 0.745273 0.402030 0.010504 0.020305
7 0.515756 0.547208 0.314076 0.113706
7 0.545168 0.730457 0.747899 0.001015
7 0.507353 0.274619 0.747899 0.001015
7 0.461660 0.911675 0.314076 0.113706
7 0.534139 0.124365 0.747899 0.001015
7 0.595063 0.968528 0.297269 0.032487
10 0.032038 0.941624 0.057773 0.049746
10 0.703256 0.738579 0.071429 0.063959
10 0.241071 0.429442 0.023109 0.044670
12 0.402048 0.676142 0.013130 0.085279
13 0.878939 0.383756 0.054097 0.048731
13 0.169118 0.101523 0.050420 0.083249
14 0.088235 0.335025 0.012605 0.024365
14 0.655462 0.085279 0.012605 0.024365
14 0.881828 0.152284 0.025210 0.048731
14 0.948004 0.561421 0.023109 0.030457
14 0.691176 0.809645 0.007353 0.015228
