1 0.598296 0.582360 0.268235 0.041624
12 0.372637 0.033503 0.248950 0.032487
9 0.691094 0.895828 0.078782 0.101523
9 0.144958 0.448350 0.065651 0.090355
9 0.415597 0.956440 0.063550 0.087119
1 0.558188 0.951761 0.161133 0.043655
4 0.822742 0.699905 0.113445 0.026396
4 0.822742 0.474524 0.113445 0.026396
4 0.822742 0.587214 0.113445 0.026396
4 0.822742 0.732392 0.113445 0.026396
4 0.822742 0.317164 0.113445 0.026396
4 0.822742 0.442037 0.113445 0.026396
4 0.822742 0.507011 0.113445 0.026396
4 0.822742 0.619702 0.113445 0.026396
4 0.822742 0.764879 0.113445 0.026396
4 0.822742 0.284676 0.113445 0.026396
1 0.822742 0.358788 0.113445 0.044670
1 0.172532 0.033503 0.094538 0.050761
0 0.724958 0.169686 0.040105 0.035533
5 0.724958 0.169178 0.040105 0.034518
0 0.139813 0.102094 0.061663 0.022335
0 0.662397 0.238785 0.061663 0.022335
9 0.138393 0.033503 0.026261 0.050761
9 0.188288 0.023858 0.063025 0.018274
0 0.826771 0.204918 0.045546 0.022335
9 0.188288 0.045178 0.063025 0.014213
12 0.483657 0.033503 0.026909 0.032487
9 0.119485 0.352554 0.019958 0.038579
9 0.119485 0.871209 0.019958 0.038579
9 0.473633 0.352554 0.019958 0.038579
9 0.473633 0.755869 0.019958 0.038579
1 0.680147 0.342735 0.097164 0.028426
11 0.109506 0.033503 0.016807 0.032487
1 0.157563 0.449429 0.097164 0.028426
6 0.771271 0.440006 0.010504 0.020305
6 0.771271 0.472494 0.010504 0.020305
6 0.771271 0.504981 0.010504 0.020305
1 0.680147 0.312897 0.097164 0.028426
6 0.771271 0.585184 0.010504 0.020305
6 0.771271 0.617671 0.010504 0.020305
0 0.109506 0.033503 0.016807 0.032487
1 0.603852 0.099032 0.183889 0.015228
6 0.771271 0.282646 0.010504 0.020305
6 0.771271 0.315133 0.010504 0.020305
14 0.883141 0.106647 0.015756 0.030457
1 0.680147 0.491926 0.097164 0.028426
6 0.771271 0.762849 0.010504 0.020305
6 0.771271 0.730362 0.010504 0.020305
6 0.771271 0.697874 0.010504 0.020305
1 0.157563 0.200349 0.097164 0.028426
1 0.157563 0.260025 0.097164 0.028426
1 0.680147 0.372573 0.097164 0.028426
11 0.109506 0.033503 0.010504 0.020305
9 0.468381 0.405044 0.008403 0.016244
2 0.227941 0.900508 0.073529 0.046701
2 0.515231 0.937563 0.033613 0.033503
3 0.871324 0.119289 0.006303 0.013198
3 0.910189 0.697970 0.065126 0.031472
3 0.144958 0.343147 0.105042 0.032487
3 0.252101 0.459898 0.105042 0.032487
4 0.143382 0.789848 0.113445 0.026396
5 0.949842 0.051269 0.006828 0.013198
6 0.805147 0.386802 0.010504 0.020305
6 0.249475 0.858883 0.010504 0.020305
6 0.932248 0.834518 0.010504 0.020305
6 0.478992 0.064975 0.010504 0.020305
7 0.357668 0.255838 0.423319 0.097462
7 0.258403 0.082234 0.423319 0.097462
7 0.645483 0.089340 0.297269 0.032487
7 0.611345 0.632487 0.297269 0.032487
10 0.347164 0.719797 0.019958 0.026396
10 0.028361 0.027919 0.025210 0.047716
12 0.530462 0.277665 0.021008 0.023350
13 0.984769 0.748223 0.021008 0.040609
13 0.902836 0.699492 0.021008 0.040609
13 0.157826 0.593909 0.129727 0.140102
13 0.628414 0.833503 0.022584 0.034518
13 0.357931 0.593401 0.044643 0.019289
14 0.777311 0.364467 0.025210 0.048731
14 0.764181 0.328934 0.025210 0.048731
