9 0.496061 0.504315 0.771534 0.619416
1 0.496061 0.034518 0.992122 0.069036
11 0.925945 0.451713 0.132353 0.042640
11 0.925945 0.345114 0.132353 0.042640
11 0.925945 0.398414 0.132353 0.042640
1 0.929248 0.287817 0.125730 0.053299
1 0.929248 0.226523 0.125730 0.053299
1 0.929248 0.165228 0.125730 0.053299
1 0.939732 0.451713 0.104779 0.042640
1 0.939732 0.345114 0.104779 0.042640
1 0.939732 0.398414 0.104779 0.042640
0 0.038603 0.944670 0.033088 0.042640
11 0.996061 0.031980 0.007878 0.063959
12 0.880170 0.226523 0.011029 0.021320
2 0.355830 0.031472 0.192752 0.056853
2 0.787290 0.917766 0.239496 0.052792
2 0.516019 0.177665 0.076155 0.036548
3 0.245273 0.422335 0.057773 0.024365
3 0.893382 0.136041 0.057773 0.024365
3 0.145746 0.893909 0.183298 0.043655
3 0.612920 0.073096 0.057773 0.024365
3 0.620273 0.924873 0.006303 0.020305
3 0.193803 0.463452 0.085084 0.059898
3 0.092962 0.405584 0.006303 0.013198
4 0.487395 0.150254 0.113445 0.026396
4 0.073004 0.108122 0.130252 0.011168
4 0.494223 0.356853 0.088235 0.043655
5 0.393645 0.943147 0.021534 0.014213
5 0.345851 0.768020 0.006828 0.013198
5 0.498950 0.730964 0.031513 0.040609
6 0.549895 0.432487 0.010504 0.020305
7 0.509979 0.391878 0.423319 0.097462
7 0.507878 0.691878 0.747899 0.001015
7 0.692227 0.495431 0.260504 0.162437
7 0.476891 0.421320 0.260504 0.162437
7 0.534139 0.939086 0.297269 0.032487
7 0.506303 0.365990 0.747899 0.001015
7 0.318803 0.227411 0.423319 0.097462
10 0.283613 0.501523 0.019958 0.026396
10 0.475840 0.309137 0.025210 0.047716
10 0.011029 0.017259 0.010504 0.020305
12 0.064076 0.418782 0.015756 0.035533
12 0.543067 0.475635 0.523109 0.023350
12 0.367122 0.549746 0.008403 0.017259
13 0.894958 0.868020 0.097689 0.054822
13 0.465861 0.858883 0.039916 0.038579
14 0.575893 0.899492 0.009979 0.020305
14 0.148634 0.314721 0.012605 0.024365
14 0.738445 0.066497 0.007353 0.015228
14 0.387868 0.084264 0.007878 0.020305
14 0.508666 0.464975 0.125525 0.136041
14 0.384454 0.275127 0.010504 0.020305
