12 0.120798 0.222335 0.204832 0.071066
1 0.120798 0.625635 0.194328 0.078839
1 0.120798 0.554870 0.194328 0.060660
12 0.120798 0.169741 0.204832 0.025999
11 0.310358 0.042640 0.049222 0.085279
11 0.358419 0.042640 0.046900 0.085279
12 0.970063 0.042640 0.044118 0.085279
0 0.970063 0.042640 0.044118 0.085279
11 0.310358 0.042640 0.040293 0.085279
1 0.722238 0.042640 0.068589 0.085279
11 0.358419 0.042640 0.037971 0.085279
1 0.469969 0.042640 0.066792 0.085279
1 0.070116 0.043655 0.115021 0.046701
1 0.536990 0.042640 0.049394 0.085279
1 0.118172 0.931766 0.215336 0.017433
12 0.970063 0.042640 0.013655 0.085279
1 0.406989 0.042640 0.041311 0.085279
1 0.658581 0.042640 0.040868 0.085279
12 0.036765 0.223350 0.015756 0.030457
1 0.615509 0.042640 0.027418 0.085279
1 0.213559 0.042640 0.026663 0.085279
1 0.581744 0.042640 0.022256 0.085279
2 0.184086 0.327919 0.076155 0.036548
2 0.776261 0.613706 0.411765 0.021320
2 0.347426 0.210152 0.157038 0.048731
2 0.088498 0.322843 0.076155 0.036548
2 0.470326 0.405584 0.131828 0.031472
2 0.778099 0.910152 0.088761 0.023350
3 0.337185 0.846193 0.085084 0.059898
3 0.851891 0.908122 0.111345 0.025381
4 0.655725 0.650761 0.113971 0.026396
5 0.470851 0.454315 0.006828 0.013198
5 0.538078 0.432995 0.006828 0.013198
5 0.061975 0.355330 0.016807 0.032487
5 0.852153 0.459391 0.006828 0.013198
5 0.295693 0.184772 0.028361 0.034518
5 0.018645 0.858376 0.006828 0.013198
6 0.853204 0.974112 0.006828 0.013198
7 0.545693 0.375635 0.423319 0.097462
7 0.667017 0.947208 0.423319 0.097462
7 0.555147 0.523858 0.327731 0.030457
7 0.640231 0.368528 0.327731 0.030457
7 0.726366 0.943147 0.297269 0.032487
7 0.242647 0.641624 0.423319 0.097462
7 0.632878 0.829442 0.297269 0.032487
7 0.495273 0.813198 0.327731 0.030457
7 0.459559 0.229949 0.747899 0.001015
10 0.249475 0.838071 0.086134 0.051777
10 0.554622 0.849746 0.019958 0.026396
10 0.664391 0.042640 0.019958 0.026396
10 0.467962 0.156345 0.022059 0.042640
12 0.342700 0.909645 0.164391 0.038579
12 0.512868 0.292893 0.231618 0.049746
12 0.863183 0.428934 0.007878 0.017259
13 0.961397 0.414213 0.039391 0.036548
13 0.849790 0.149239 0.014706 0.028426
13 0.951418 0.680203 0.065651 0.044670
14 0.207721 0.818274 0.019433 0.036548
14 0.454044 0.356853 0.007878 0.015228
14 0.789916 0.326904 0.073529 0.052792
14 0.061712 0.122843 0.007878 0.020305
14 0.460609 0.802030 0.494748 0.290355
