9 0.398019 0.735462 0.381647 0.416926
12 0.496061 0.081218 0.342962 0.040609
1 0.327817 0.267195 0.241244 0.036548
1 0.696281 0.958582 0.162356 0.036136
9 0.496061 0.027919 0.096524 0.028426
1 0.690298 0.629743 0.150391 0.036136
11 0.162692 0.028426 0.050699 0.046701
13 0.823435 0.028426 0.046932 0.043242
0 0.766421 0.028426 0.056591 0.032075
1 0.289440 0.963721 0.164489 0.021320
12 0.655462 0.081218 0.024160 0.040609
1 0.700015 0.780155 0.169823 0.019892
0 0.220326 0.181916 0.026261 0.032487
0 0.740571 0.181916 0.026261 0.032487
1 0.700015 0.451317 0.169823 0.019892
0 0.151269 0.125571 0.016807 0.032487
0 0.840853 0.125571 0.016807 0.032487
12 0.655462 0.081218 0.012605 0.024365
4 0.324317 0.060406 0.000525 0.001015
1 0.683134 0.181916 0.121176 0.019892
1 0.193597 0.124873 0.085708 0.026396
1 0.631335 0.126594 0.073644 0.025777
1 0.550941 0.126594 0.066135 0.025777
1 0.279584 0.126594 0.065257 0.025777
1 0.354853 0.126594 0.064273 0.025777
3 0.787553 0.062437 0.106618 0.021320
3 0.671744 0.775127 0.006303 0.013198
3 0.289128 0.072589 0.083508 0.043655
4 0.299632 0.741624 0.035189 0.015228
4 0.280987 0.679695 0.088235 0.043655
5 0.483193 0.445685 0.012605 0.024365
5 0.459821 0.097970 0.006828 0.013198
5 0.266807 0.812183 0.012605 0.024365
5 0.452468 0.415736 0.006828 0.013198
6 0.188025 0.564467 0.010504 0.020305
6 0.990546 0.678173 0.010504 0.020305
7 0.190126 0.547208 0.327731 0.030457
7 0.585609 0.843147 0.747899 0.001015
7 0.299895 0.193909 0.423319 0.097462
7 0.310924 0.715736 0.327731 0.030457
10 0.725840 0.471574 0.086134 0.051777
10 0.570378 0.091371 0.023109 0.044670
12 0.388393 0.902538 0.026786 0.032487
12 0.943803 0.807107 0.027311 0.032487
12 0.707983 0.328426 0.185924 0.027411
13 0.846113 0.490355 0.014706 0.028426
14 0.968750 0.739086 0.014181 0.028426
14 0.279937 0.807107 0.008403 0.016244
