0 0.496061 0.196954 0.991071 0.040609
0 0.496061 0.562437 0.991071 0.040609
0 0.752171 0.047716 0.130638 0.093401
12 0.431247 0.047716 0.335511 0.034518
12 0.496061 0.885279 0.185924 0.028426
12 0.707195 0.795939 0.185924 0.028426
12 0.496061 0.751269 0.185924 0.028426
12 0.707195 0.751269 0.185924 0.028426
12 0.496061 0.795939 0.185924 0.028426
12 0.707195 0.885279 0.185924 0.028426
12 0.496061 0.840609 0.185924 0.028426
12 0.707195 0.840609 0.185924 0.028426
0 0.204245 0.336437 0.059226 0.052792
0 0.785238 0.047716 0.064502 0.044670
0 0.715718 0.047716 0.057732 0.044670
9 0.212759 0.047716 0.076254 0.024365
9 0.363995 0.180711 0.021008 0.040609
9 0.363995 0.243655 0.021008 0.040609
9 0.363995 0.306599 0.021008 0.040609
0 0.021090 0.196447 0.025374 0.020305
9 0.199842 0.845685 0.015756 0.030457
9 0.211397 0.845685 0.015756 0.030457
9 0.222952 0.845685 0.015756 0.030457
9 0.234506 0.845685 0.015756 0.030457
9 0.246061 0.845685 0.015756 0.030457
9 0.257616 0.845685 0.015756 0.030457
9 0.269170 0.845685 0.015756 0.030457
0 0.019244 0.561929 0.021681 0.020305
3 0.011555 0.480711 0.006303 0.020305
3 0.011555 0.521320 0.006303 0.020305
0 0.031152 0.196447 0.005252 0.020305
0 0.027459 0.561929 0.005252 0.020305
12 0.272420 0.046701 0.007353 0.014213
1 0.216423 0.746193 0.048918 0.032487
1 0.784487 0.648731 0.066004 0.020305
1 0.033679 0.480711 0.050551 0.020305
1 0.032346 0.521320 0.047884 0.020305
2 0.974790 0.212690 0.033613 0.033503
2 0.512080 0.401523 0.130252 0.019289
2 0.545431 0.497970 0.118172 0.041624
3 0.135504 0.633503 0.006303 0.020305
4 0.859244 0.405076 0.113445 0.026396
4 0.503151 0.442640 0.113445 0.026396
5 0.480305 0.104569 0.024685 0.048731
5 0.007878 0.156345 0.012605 0.024365
5 0.345063 0.792893 0.016807 0.034518
6 0.429097 0.961421 0.010504 0.020305
6 0.263655 0.298477 0.010504 0.020305
6 0.192227 0.852792 0.010504 0.020305
6 0.994485 0.039086 0.006828 0.013198
6 0.149685 0.834518 0.010504 0.020305
7 0.267857 0.219289 0.260504 0.162437
7 0.384979 0.295431 0.297269 0.032487
7 0.823529 0.626396 0.327731 0.030457
7 0.715336 0.121827 0.260504 0.162437
7 0.226366 0.951269 0.297269 0.032487
10 0.290179 0.582234 0.131828 0.254822
10 0.542017 0.612183 0.173319 0.073096
10 0.249475 0.949746 0.024160 0.047716
10 0.481618 0.531472 0.057773 0.049746
10 0.397059 0.665482 0.024160 0.047716
10 0.862132 0.108629 0.131828 0.184772
12 0.144958 0.514721 0.088235 0.044670
13 0.938025 0.486294 0.017857 0.032487
13 0.671218 0.094416 0.021008 0.040609
13 0.408613 0.179695 0.113445 0.048731
14 0.691702 0.334518 0.016807 0.037563
14 0.304622 0.854822 0.015756 0.018274
