1 0.514177 0.580346 0.088014 0.283058
1 0.221786 0.580346 0.088006 0.283058
1 0.611640 0.580346 0.088006 0.283058
1 0.806571 0.580346 0.088014 0.283058
1 0.319250 0.580346 0.088014 0.283058
1 0.709103 0.580346 0.088014 0.283058
1 0.416713 0.580346 0.088006 0.283058
9 0.513393 0.293012 0.157563 0.076380
12 0.505515 0.375872 0.389706 0.024365
12 0.737477 0.023350 0.168067 0.034518
13 0.931825 0.023350 0.101686 0.034518
0 0.017332 0.226396 0.030462 0.067005
0 0.017332 0.159391 0.030462 0.067005
0 0.017332 0.092386 0.030462 0.067005
11 0.017332 0.960406 0.030462 0.067005
0 0.017332 0.960406 0.030462 0.067005
0 0.852822 0.023350 0.043716 0.034518
12 0.709821 0.375872 0.012605 0.024365
12 0.664473 0.023350 0.009454 0.018274
1 0.740152 0.848271 0.073529 0.034518
12 0.709821 0.375872 0.006303 0.012183
1 0.038866 0.023350 0.058824 0.040609
1 0.640563 0.882789 0.093085 0.021320
1 0.640563 0.840149 0.093085 0.021320
1 0.640563 0.861469 0.093085 0.021320
2 0.160714 0.653807 0.168067 0.036548
2 0.861607 0.926904 0.076155 0.036548
2 0.387605 0.219289 0.101891 0.044670
2 0.687500 0.526396 0.411765 0.021320
2 0.335872 0.668528 0.118172 0.041624
2 0.757353 0.959391 0.005252 0.040609
2 0.214023 0.425888 0.037290 0.027411
2 0.559874 0.677157 0.201681 0.036548
3 0.721376 0.223350 0.027836 0.012183
3 0.229254 0.922335 0.115021 0.021320
3 0.698529 0.782234 0.111345 0.025381
4 0.397059 0.443655 0.113445 0.026396
4 0.307248 0.291371 0.113445 0.026396
4 0.238445 0.494416 0.079832 0.048731
5 0.555672 0.509645 0.040966 0.034518
5 0.349265 0.837563 0.012605 0.024365
5 0.186712 0.172081 0.006828 0.013198
5 0.413078 0.606091 0.055147 0.034518
6 0.170168 0.027411 0.010504 0.020305
6 0.454832 0.093401 0.010504 0.020305
6 0.957983 0.424365 0.010504 0.020305
6 0.380777 0.573604 0.010504 0.020305
7 0.220063 0.228426 0.260504 0.162437
7 0.798845 0.155330 0.297269 0.032487
7 0.241071 0.727919 0.423319 0.097462
7 0.472689 0.595431 0.747899 0.001015
10 0.336922 0.331980 0.335609 0.507614
10 0.647059 0.309645 0.019958 0.026396
10 0.293330 0.290355 0.335609 0.507614
10 0.359244 0.922335 0.025210 0.047716
10 0.872899 0.445685 0.092437 0.038579
10 0.245798 0.064975 0.022059 0.042640
12 0.174370 0.636548 0.023109 0.044670
12 0.351891 0.346701 0.021008 0.037563
13 0.821954 0.704569 0.014706 0.028426
13 0.761555 0.619289 0.015756 0.030457
