10 0.500000 0.251777 0.672269 0.389848
10 0.662815 0.254949 0.304622 0.331218
1 0.337185 0.273009 0.304622 0.218702
10 0.073529 0.251777 0.147059 0.370355
10 0.926471 0.251777 0.147059 0.370355
18 0.255777 0.559581 0.141807 0.154188
10 0.581670 0.559296 0.141282 0.153617
10 0.418855 0.559296 0.141282 0.153617
10 0.744485 0.559296 0.141282 0.153617
1 0.500000 0.550048 0.647059 0.036136
1 0.255777 0.559581 0.141807 0.154188
1 0.255777 0.725809 0.141807 0.065387
1 0.418855 0.725238 0.141282 0.065387
1 0.581670 0.725238 0.141282 0.065387
0 0.906513 0.954315 0.161765 0.042640
0 0.906513 0.954315 0.153361 0.034518
1 0.076480 0.028522 0.127749 0.056853
1 0.744485 0.714729 0.141282 0.044369
17 0.794626 0.028522 0.053161 0.057043
1 0.075630 0.550048 0.151261 0.036136
1 0.924370 0.550048 0.151261 0.036136
17 0.707199 0.028522 0.044996 0.057043
0 0.928379 0.028522 0.059209 0.040799
17 0.748872 0.028522 0.038349 0.057043
17 0.666594 0.028522 0.036215 0.057043
17 0.838785 0.028522 0.035156 0.057043
18 0.978992 0.028522 0.023109 0.044670
18 0.993697 0.028522 0.012605 0.056853
0 0.772108 0.663039 0.015756 0.030457
0 0.772108 0.861136 0.015756 0.030457
18 0.978992 0.028522 0.014706 0.028426
20 0.989496 0.928934 0.012605 0.024365
4 0.987132 0.028522 0.000525 0.001015
