1 0.325368 0.626174 0.399160 0.144607
18 0.496061 0.215228 0.325630 0.042640
1 0.147584 0.089340 0.143382 0.097462
17 0.695107 0.108629 0.136965 0.046701
17 0.515375 0.108629 0.094070 0.046701
17 0.808159 0.108629 0.089138 0.046701
0 0.879333 0.052078 0.073792 0.056440
17 0.426856 0.108629 0.082967 0.046701
0 0.807248 0.931980 0.097164 0.036548
18 0.959284 0.218782 0.055172 0.059898
0 0.805935 0.051269 0.068277 0.044670
17 0.884478 0.108629 0.063501 0.046701
17 0.594517 0.108629 0.064215 0.046701
18 0.747637 0.051269 0.022059 0.042640
18 0.647847 0.215228 0.022059 0.042640
17 0.750985 0.106599 0.018750 0.036244
17 0.840123 0.106599 0.018750 0.036244
17 0.455735 0.106599 0.018750 0.036244
17 0.903624 0.106599 0.018750 0.036244
4 0.333508 0.194416 0.000525 0.001015
