1 0.274340 0.715371 0.322315 0.043655
9 0.401105 0.466331 0.079832 0.126285
9 0.704569 0.866783 0.063025 0.128934
1 0.602030 0.502173 0.238413 0.043655
12 0.372637 0.033503 0.248950 0.032487
1 0.220170 0.619940 0.213974 0.043655
1 0.215710 0.418924 0.205054 0.043655
9 0.704569 0.409692 0.063025 0.081218
1 0.569705 0.421367 0.173762 0.043655
0 0.215595 0.870479 0.137597 0.032487
9 0.704569 0.969686 0.063025 0.060628
0 0.680147 0.431424 0.097164 0.028426
4 0.822742 0.229854 0.113445 0.026396
4 0.822742 0.645082 0.113445 0.026396
4 0.822742 0.262341 0.113445 0.026396
4 0.822742 0.419702 0.113445 0.026396
4 0.822742 0.532392 0.113445 0.026396
4 0.822742 0.387214 0.113445 0.026396
4 0.822742 0.452189 0.113445 0.026396
4 0.822742 0.710057 0.113445 0.026396
4 0.822742 0.564879 0.113445 0.026396
4 0.822742 0.677570 0.113445 0.026396
1 0.822742 0.303966 0.113445 0.044670
0 0.662766 0.241085 0.079028 0.032487
0 0.459928 0.923438 0.033613 0.072827
0 0.588834 0.241085 0.068835 0.032487
1 0.172532 0.033503 0.094538 0.050761
0 0.718217 0.109185 0.053588 0.035533
5 0.718217 0.108677 0.053588 0.034518
0 0.145586 0.102094 0.073209 0.022335
0 0.668170 0.178284 0.073209 0.022335
0 0.495794 0.241085 0.045521 0.032487
9 0.138393 0.033503 0.026261 0.050761
12 0.478343 0.033503 0.037536 0.032487
9 0.188288 0.024365 0.063025 0.018274
0 0.536486 0.241085 0.035862 0.032487
0 0.129989 0.870487 0.033613 0.033074
9 0.188288 0.045178 0.063025 0.013198
0 0.717080 0.241085 0.029601 0.032487
1 0.619937 0.627427 0.171448 0.017259
1 0.171555 0.367148 0.116744 0.027411
11 0.109506 0.033503 0.016807 0.032487
5 0.109506 0.033503 0.016807 0.032487
0 0.823529 0.150095 0.027327 0.022335
6 0.771271 0.385184 0.010504 0.020305
6 0.771271 0.417671 0.010504 0.020305
6 0.771271 0.450159 0.010504 0.020305
0 0.109506 0.033503 0.016807 0.032487
1 0.157563 0.170511 0.097164 0.028426
6 0.771271 0.530362 0.010504 0.020305
6 0.771271 0.562849 0.010504 0.020305
1 0.157563 0.200349 0.097164 0.028426
1 0.680147 0.252395 0.097164 0.028426
6 0.771271 0.227824 0.010504 0.020305
6 0.771271 0.260311 0.010504 0.020305
6 0.771271 0.708027 0.010504 0.020305
6 0.771271 0.675539 0.010504 0.020305
6 0.771271 0.643052 0.010504 0.020305
9 0.436507 0.871304 0.010504 0.020305
0 0.459928 0.995995 0.033613 0.008011
11 0.109506 0.033503 0.010504 0.020305
2 0.209034 0.038071 0.149160 0.021320
2 0.881040 0.616244 0.076155 0.036548
3 0.237920 0.593401 0.132353 0.035533
3 0.145483 0.870051 0.105042 0.032487
3 0.782038 0.685279 0.057773 0.024365
3 0.397584 0.511675 0.105042 0.032487
5 0.589023 0.057360 0.000525 0.001015
5 0.440914 0.694924 0.006828 0.013198
6 0.084559 0.838579 0.010504 0.020305
6 0.780987 0.658883 0.010504 0.020305
6 0.069328 0.171574 0.010504 0.020305
6 0.147059 0.264975 0.010504 0.020305
6 0.079307 0.711675 0.010504 0.020305
6 0.127626 0.416244 0.010504 0.020305
6 0.517595 0.657360 0.006828 0.013198
7 0.745273 0.763452 0.314076 0.113706
7 0.686450 0.073096 0.423319 0.097462
7 0.627101 0.702538 0.423319 0.097462
7 0.670693 0.713706 0.314076 0.113706
7 0.623424 0.227411 0.327731 0.030457
7 0.571954 0.303553 0.423319 0.097462
7 0.302521 0.213198 0.314076 0.113706
10 0.381040 0.609137 0.335609 0.507614
10 0.534664 0.151777 0.024160 0.047716
10 0.590336 0.393401 0.021008 0.047716
12 0.633929 0.179188 0.008403 0.035533
12 0.100578 0.915736 0.047794 0.026396
12 0.256303 0.409137 0.216387 0.032487
13 0.890756 0.681218 0.021008 0.040609
13 0.559874 0.756345 0.008403 0.016244
13 0.370536 0.732487 0.129727 0.120812
13 0.558298 0.395939 0.014706 0.028426
14 0.456670 0.249746 0.022584 0.042640
14 0.554359 0.102030 0.038340 0.031472
14 0.100840 0.318782 0.023109 0.044670
14 0.921218 0.179695 0.023109 0.044670
