9 0.650210 0.255132 0.202206 0.295828
0 0.496061 0.036548 0.551471 0.073096
1 0.270656 0.605877 0.083853 0.265593
1 0.450979 0.605877 0.083861 0.265593
1 0.541139 0.605877 0.083853 0.265593
1 0.721462 0.605877 0.083861 0.265593
1 0.360815 0.605877 0.083861 0.265593
1 0.631298 0.605877 0.083861 0.265593
1 0.631298 0.866505 0.083861 0.244273
1 0.541139 0.866505 0.083853 0.244273
1 0.360815 0.866505 0.083861 0.244273
1 0.721462 0.866505 0.083861 0.244273
1 0.270656 0.866505 0.083853 0.244273
1 0.450979 0.866505 0.083861 0.244273
2 0.328523 0.302316 0.197487 0.051142
9 0.360815 0.527110 0.083861 0.108058
9 0.450979 0.527110 0.083861 0.108058
9 0.631298 0.527110 0.083861 0.108058
9 0.721462 0.527110 0.083861 0.108058
9 0.360815 0.798398 0.083861 0.108058
9 0.450979 0.798398 0.083861 0.108058
9 0.631298 0.798398 0.083861 0.108058
9 0.721462 0.798398 0.083861 0.108058
9 0.270656 0.527110 0.083853 0.108058
9 0.541139 0.527110 0.083853 0.108058
9 0.270656 0.798398 0.083853 0.108058
9 0.541139 0.798398 0.083853 0.108058
12 0.392898 0.037056 0.164473 0.038579
11 0.636304 0.036548 0.038562 0.073096
11 0.674866 0.036548 0.038562 0.073096
11 0.713428 0.036548 0.038562 0.073096
11 0.751990 0.036548 0.038562 0.073096
2 0.454413 0.302316 0.054294 0.051142
0 0.712382 0.940006 0.072085 0.034074
11 0.585511 0.036041 0.052521 0.045685
0 0.501395 0.037563 0.042017 0.039594
0 0.255338 0.707345 0.042714 0.027760
0 0.435658 0.707345 0.042714 0.027760
0 0.525821 0.707345 0.042714 0.027760
0 0.615977 0.707345 0.042714 0.027760
0 0.255338 0.957313 0.042714 0.027760
0 0.345494 0.957313 0.042714 0.027760
0 0.435658 0.957313 0.042714 0.027760
0 0.525821 0.957313 0.042714 0.027760
0 0.615977 0.957313 0.042714 0.027760
0 0.706141 0.957313 0.042714 0.027760
0 0.702850 0.707345 0.036133 0.027760
9 0.305196 0.348842 0.010504 0.020305
9 0.761555 0.444099 0.004727 0.015006
9 0.760504 0.999730 0.006828 0.000539
2 0.616859 0.170558 0.076155 0.036548
2 0.328782 0.608122 0.021008 0.040609
3 0.559086 0.623858 0.106618 0.021320
3 0.753151 0.263452 0.132353 0.035533
4 0.686187 0.650254 0.047794 0.035533
4 0.852941 0.945685 0.088235 0.043655
5 0.828519 0.591371 0.024685 0.047716
5 0.883666 0.699492 0.074055 0.032487
5 0.086397 0.438071 0.006828 0.013198
6 0.108193 0.377665 0.010504 0.020305
7 0.389706 0.715736 0.297269 0.032487
7 0.701681 0.101523 0.327731 0.030457
7 0.257353 0.425381 0.297269 0.032487
7 0.711134 0.738071 0.314076 0.113706
10 0.277048 0.849239 0.131828 0.254822
10 0.507878 0.113706 0.023109 0.044670
12 0.033351 0.262437 0.004727 0.017259
12 0.035189 0.528426 0.021008 0.023350
12 0.315651 0.510152 0.183824 0.035533
12 0.149422 0.414213 0.018382 0.040609
12 0.094013 0.511675 0.061975 0.044670
13 0.766019 0.192893 0.045693 0.040609
13 0.835609 0.864975 0.004202 0.004061
13 0.857143 0.028426 0.051471 0.048731
13 0.110294 0.299492 0.015756 0.030457
13 0.632090 0.655838 0.110819 0.036548
14 0.504202 0.874112 0.097689 0.054822
