1 0.502105 0.903236 0.951607 0.032487
1 0.491884 0.647716 0.931165 0.032487
1 0.490321 0.919480 0.928038 0.032487
1 0.486599 0.775476 0.920595 0.032487
1 0.499208 0.037056 0.276597 0.035343
9 0.064076 0.036969 0.105042 0.045511
9 0.040589 0.124873 0.070674 0.060914
12 0.090213 0.310121 0.148634 0.019289
12 0.854500 0.120019 0.089286 0.027411
12 0.922515 0.120019 0.059349 0.027411
4 0.066123 0.291339 0.100455 0.016244
2 0.226304 0.310121 0.053924 0.021320
0 0.964511 0.037048 0.042616 0.028157
0 0.969004 0.120019 0.033630 0.027411
2 0.272617 0.310121 0.034483 0.021320
0 0.181936 0.310121 0.030593 0.021320
1 0.491748 0.895114 0.168174 0.016244
1 0.733669 0.412183 0.153443 0.016244
1 0.519872 0.911358 0.147133 0.016244
1 0.100077 0.460914 0.147551 0.016244
1 0.892258 0.037056 0.089171 0.028426
1 0.269937 0.428426 0.140814 0.016244
1 0.867192 0.895114 0.139025 0.016244
3 0.762605 0.436041 0.111345 0.025381
3 0.507353 0.394924 0.105042 0.032487
3 0.175945 0.832995 0.037815 0.047716
3 0.586134 0.159391 0.057773 0.024365
4 0.414653 0.420305 0.162290 0.024365
5 0.582721 0.352792 0.006828 0.013198
5 0.320641 0.907614 0.074055 0.032487
5 0.968225 0.639086 0.024685 0.047716
5 0.972952 0.179188 0.006828 0.013198
5 0.801471 0.535025 0.053571 0.034518
5 0.723477 0.139594 0.006828 0.013198
6 0.317227 0.012183 0.010504 0.020305
6 0.047269 0.852792 0.010504 0.020305
6 0.042017 0.725888 0.010504 0.020305
6 0.952206 0.773604 0.010504 0.020305
7 0.315651 0.036548 0.327731 0.030457
7 0.735819 0.422335 0.297269 0.032487
7 0.201681 0.105584 0.297269 0.032487
7 0.538340 0.741117 0.423319 0.097462
7 0.569328 0.835533 0.327731 0.030457
10 0.105042 0.445685 0.173319 0.227411
10 0.097689 0.622335 0.010504 0.020305
12 0.192227 0.605076 0.332983 0.048731
12 0.876050 0.367513 0.105042 0.032487
13 0.323267 0.225888 0.044643 0.019289
13 0.894958 0.165482 0.017857 0.034518
13 0.558298 0.936041 0.051471 0.048731
13 0.149947 0.440609 0.054097 0.048731
13 0.724002 0.231980 0.046744 0.043655
13 0.828256 0.084264 0.087185 0.050761
14 0.971113 0.688325 0.051471 0.036548
