1 0.496061 0.148461 0.783613 0.114086
9 0.706408 0.670923 0.066702 0.171066
1 0.266712 0.751380 0.314412 0.043655
1 0.596700 0.947494 0.279765 0.043655
1 0.593434 0.921098 0.273232 0.043655
12 0.372637 0.033503 0.248950 0.032487
9 0.170316 0.148461 0.110064 0.071447
12 0.351271 0.033503 0.206219 0.032487
9 0.411912 0.639705 0.066702 0.108629
1 0.568573 0.642544 0.196626 0.043655
1 0.594136 0.989229 0.274636 0.021542
4 0.822742 0.783534 0.113445 0.026396
4 0.822742 0.368306 0.113445 0.026396
4 0.822742 0.400793 0.113445 0.026396
4 0.822742 0.525666 0.113445 0.026396
4 0.822742 0.558154 0.113445 0.026396
4 0.822742 0.590641 0.113445 0.026396
4 0.822742 0.670844 0.113445 0.026396
4 0.822742 0.848509 0.113445 0.026396
4 0.822742 0.703331 0.113445 0.026396
4 0.822742 0.816022 0.113445 0.026396
1 0.239816 0.335961 0.118665 0.043655
1 0.822742 0.442418 0.113445 0.044670
1 0.172532 0.033503 0.094538 0.050761
1 0.680147 0.624080 0.097164 0.044670
0 0.719443 0.247636 0.051134 0.035533
5 0.719443 0.247129 0.051134 0.034518
0 0.149443 0.102094 0.080923 0.022335
0 0.672027 0.316735 0.080923 0.022335
1 0.680147 0.577998 0.097164 0.044670
12 0.475483 0.033503 0.043256 0.032487
1 0.365862 0.335961 0.090837 0.043655
9 0.138393 0.033503 0.026261 0.050761
9 0.188288 0.024365 0.062500 0.018274
9 0.188288 0.045178 0.063025 0.013198
11 0.109506 0.033503 0.016807 0.032487
0 0.821486 0.288547 0.027327 0.022335
6 0.771271 0.523636 0.010504 0.020305
6 0.771271 0.556123 0.010504 0.020305
6 0.771271 0.588610 0.010504 0.020305
0 0.109506 0.033503 0.016807 0.032487
6 0.771271 0.668813 0.010504 0.020305
6 0.771271 0.701301 0.010504 0.020305
6 0.771271 0.366275 0.010504 0.020305
6 0.771271 0.398763 0.010504 0.020305
6 0.771271 0.846478 0.010504 0.020305
6 0.771271 0.813991 0.010504 0.020305
6 0.771271 0.781504 0.010504 0.020305
9 0.165687 0.991624 0.009454 0.016751
9 0.177365 0.991624 0.009454 0.016751
9 0.877786 0.110906 0.010086 0.019496
11 0.109506 0.033503 0.010504 0.020305
2 0.538603 0.879695 0.236870 0.047716
2 0.554359 0.137056 0.054097 0.050761
2 0.345588 0.629949 0.116597 0.027411
2 0.324842 0.659898 0.023634 0.040609
2 0.701155 0.093909 0.271008 0.039594
2 0.503676 0.170558 0.396008 0.054822
3 0.127363 0.490863 0.115021 0.021320
3 0.707458 0.897970 0.111345 0.025381
3 0.282563 0.173604 0.006303 0.020305
4 0.753676 0.854315 0.123950 0.096447
4 0.792542 0.559391 0.079832 0.048731
4 0.159664 0.528934 0.113445 0.026396
4 0.656513 0.240609 0.008403 0.016244
4 0.787815 0.304569 0.093487 0.020305
4 0.068015 0.418274 0.067752 0.020305
4 0.410977 0.702538 0.094013 0.024365
5 0.178309 0.728426 0.006828 0.013198
5 0.520746 0.865482 0.024685 0.047716
6 0.489758 0.379188 0.006828 0.013198
7 0.677521 0.398985 0.260504 0.162437
7 0.527311 0.727919 0.423319 0.097462
7 0.595063 0.449746 0.327731 0.030457
7 0.382878 0.906599 0.260504 0.162437
7 0.601366 0.321320 0.747899 0.001015
7 0.514706 0.233503 0.327731 0.030457
7 0.415441 0.536041 0.314076 0.113706
10 0.186187 0.755838 0.053046 0.049746
12 0.290966 0.053807 0.248950 0.032487
12 0.209559 0.077157 0.248950 0.032487
13 0.639181 0.923858 0.014706 0.028426
13 0.136292 0.160406 0.019433 0.014213
13 0.123424 0.481218 0.015756 0.030457
13 0.139443 0.162437 0.007878 0.016244
13 0.781513 0.084264 0.008403 0.016244
13 0.305672 0.802030 0.004202 0.004061
13 0.377363 0.732995 0.039391 0.036548
14 0.357405 0.624873 0.026786 0.045685
14 0.259979 0.752792 0.006303 0.013198
14 0.522059 0.459898 0.008403 0.016244
