9 0.498030 0.500000 0.996061 1.000000
11 0.635861 0.025714 0.074260 0.051428
11 0.463719 0.082265 0.065668 0.051523
0 0.851718 0.025714 0.066521 0.051428
11 0.382575 0.082265 0.062697 0.051523
11 0.239812 0.082265 0.057322 0.051523
11 0.605017 0.082265 0.055639 0.051523
11 0.570596 0.025714 0.052267 0.051428
11 0.699719 0.025714 0.049452 0.051428
11 0.309849 0.082265 0.048828 0.051523
11 0.536875 0.082265 0.046719 0.051523
11 0.749171 0.025714 0.045447 0.051428
11 0.796177 0.025714 0.044561 0.051428
11 0.763093 0.082265 0.035755 0.051523
1 0.496057 0.975000 0.127454 0.033756
11 0.665938 0.082265 0.032276 0.051523
1 0.175342 0.026872 0.109613 0.037500
11 0.713646 0.082265 0.029215 0.051523
1 0.463719 0.082265 0.065668 0.051523
1 0.382575 0.082265 0.062697 0.051523
1 0.635861 0.025714 0.059291 0.051428
1 0.239812 0.082265 0.057322 0.051523
1 0.605017 0.082265 0.055639 0.051523
1 0.309849 0.082265 0.048828 0.051523
1 0.536875 0.082265 0.046719 0.051523
1 0.570596 0.025714 0.037298 0.051428
1 0.763093 0.082265 0.035755 0.051523
1 0.699719 0.025714 0.034483 0.051428
2 0.534664 0.570558 0.074580 0.036548
2 0.728992 0.698477 0.239496 0.052792
2 0.569853 0.439594 0.163866 0.036548
3 0.042017 0.597970 0.006303 0.020305
3 0.620011 0.503046 0.115021 0.021320
3 0.297794 0.093909 0.132353 0.035533
3 0.180147 0.452792 0.006303 0.020305
3 0.546218 0.951777 0.037815 0.047716
3 0.575630 0.252284 0.111345 0.025381
3 0.127363 0.851269 0.083508 0.043655
4 0.694065 0.812183 0.094013 0.024365
4 0.255777 0.150254 0.113445 0.026396
5 0.474002 0.683756 0.006828 0.013198
5 0.424895 0.713706 0.012605 0.024365
6 0.827206 0.038579 0.010504 0.020305
6 0.500000 0.362437 0.010504 0.020305
7 0.560924 0.599492 0.747899 0.001015
7 0.719013 0.571574 0.297269 0.032487
7 0.832458 0.508629 0.327731 0.030457
7 0.548319 0.565990 0.747899 0.001015
10 0.463761 0.389340 0.024160 0.047716
10 0.266807 0.896954 0.024160 0.047716
12 0.694065 0.231472 0.017332 0.032487
13 0.686975 0.727919 0.016807 0.032487
14 0.633666 0.950761 0.038340 0.031472
14 0.763655 0.744162 0.025210 0.048731
14 0.338235 0.212183 0.012605 0.004061
14 0.136555 0.650761 0.025210 0.048731
14 0.109769 0.675127 0.023109 0.040609
14 0.838761 0.418274 0.022059 0.042640
