1 0.282272 0.679918 0.335880 0.043655
9 0.437040 0.517989 0.063025 0.182741
12 0.372637 0.033503 0.248950 0.032487
12 0.346364 0.033503 0.196404 0.032487
5 0.712406 0.111516 0.077813 0.032487
4 0.822742 0.645082 0.113445 0.026396
4 0.822742 0.229854 0.113445 0.026396
4 0.822742 0.419702 0.113445 0.026396
4 0.822742 0.532392 0.113445 0.026396
4 0.822742 0.262341 0.113445 0.026396
4 0.822742 0.387214 0.113445 0.026396
4 0.822742 0.452189 0.113445 0.026396
4 0.822742 0.710057 0.113445 0.026396
4 0.822742 0.564879 0.113445 0.026396
4 0.822742 0.677570 0.113445 0.026396
1 0.822742 0.303966 0.113445 0.044670
0 0.712406 0.111516 0.077813 0.032487
1 0.172532 0.033503 0.094538 0.050761
0 0.154871 0.102094 0.091780 0.022335
0 0.677455 0.218480 0.091780 0.022335
12 0.470576 0.033503 0.053071 0.032487
9 0.138393 0.033503 0.026261 0.050761
9 0.188288 0.024365 0.062500 0.018274
0 0.730883 0.149381 0.028255 0.035533
5 0.730883 0.148874 0.028255 0.034518
9 0.188288 0.045178 0.063025 0.013198
0 0.826730 0.150095 0.032924 0.022335
11 0.109506 0.033503 0.016807 0.032487
1 0.157563 0.359914 0.097164 0.028426
1 0.680147 0.322430 0.097164 0.028426
6 0.771271 0.385184 0.010504 0.020305
6 0.771271 0.417671 0.010504 0.020305
6 0.771271 0.450159 0.010504 0.020305
0 0.109506 0.033503 0.016807 0.032487
6 0.771271 0.530362 0.010504 0.020305
6 0.771271 0.562849 0.010504 0.020305
6 0.771271 0.227824 0.010504 0.020305
6 0.771271 0.260311 0.010504 0.020305
1 0.680147 0.292592 0.097164 0.028426
6 0.771271 0.708027 0.010504 0.020305
1 0.157563 0.419591 0.097164 0.028426
6 0.771271 0.675539 0.010504 0.020305
6 0.771271 0.643052 0.010504 0.020305
1 0.680147 0.382107 0.097164 0.028426
1 0.587530 0.613928 0.143858 0.017259
1 0.157563 0.300238 0.097164 0.028426
1 0.157563 0.389753 0.097164 0.028426
1 0.157563 0.170511 0.097164 0.028426
11 0.109506 0.033503 0.010504 0.020305
2 0.854254 0.679695 0.236870 0.047716
2 0.701943 0.027411 0.023634 0.040609
3 0.267332 0.741117 0.057773 0.024365
4 0.820378 0.913706 0.113445 0.026396
4 0.363445 0.046701 0.113445 0.026396
5 0.282563 0.078173 0.028361 0.034518
5 0.160714 0.034518 0.053571 0.034518
5 0.674632 0.401015 0.024685 0.048731
6 0.979779 0.946701 0.006828 0.013198
6 0.441176 0.525888 0.010504 0.020305
6 0.611870 0.960406 0.010504 0.020305
7 0.649160 0.397970 0.327731 0.030457
7 0.603466 0.944162 0.297269 0.032487
7 0.585084 0.320305 0.747899 0.001015
7 0.540966 0.067513 0.747899 0.001015
7 0.562500 0.475127 0.327731 0.030457
7 0.783088 0.719797 0.297269 0.032487
10 0.851891 0.390355 0.029412 0.057868
10 0.422006 0.320305 0.044643 0.049746
10 0.479254 0.901015 0.044643 0.049746
10 0.198004 0.279695 0.025210 0.047716
12 0.299895 0.511675 0.059874 0.026396
12 0.922269 0.125888 0.034664 0.032487
13 0.203782 0.893401 0.113445 0.048731
13 0.873424 0.262944 0.004202 0.004061
13 0.498424 0.452792 0.004202 0.004061
13 0.007353 0.123858 0.009454 0.018274
13 0.054622 0.590863 0.014706 0.028426
14 0.067752 0.807107 0.008403 0.016244
14 0.131303 0.836548 0.008403 0.016244
14 0.854254 0.564467 0.023634 0.060914
14 0.134979 0.046193 0.006303 0.013198
14 0.228992 0.039594 0.012605 0.024365
14 0.878151 0.969543 0.023109 0.044670
14 0.819328 0.846193 0.054622 0.045685
