1 0.526158 0.974619 0.028599 0.018274
1 0.559632 0.974619 0.019441 0.018274
2 0.849002 0.139086 0.054097 0.050761
2 0.581933 0.118782 0.101891 0.026396
2 0.303571 0.209645 0.236345 0.055838
2 0.190914 0.959391 0.076155 0.036548
2 0.567489 0.421320 0.076155 0.036548
2 0.831670 0.274619 0.054097 0.021320
3 0.282300 0.234518 0.027836 0.012183
3 0.651786 0.488325 0.105042 0.032487
3 0.198529 0.176142 0.006303 0.013198
4 0.079307 0.387817 0.113445 0.026396
4 0.465599 0.175127 0.309349 0.039594
4 0.204044 0.128934 0.098214 0.024365
4 0.425158 0.192386 0.042542 0.019289
4 0.451943 0.717766 0.094013 0.024365
5 0.347952 0.718274 0.006828 0.013198
5 0.897321 0.287310 0.050945 0.034518
5 0.638918 0.920305 0.006828 0.013198
5 0.701155 0.409137 0.012605 0.024365
6 0.919118 0.209137 0.010504 0.020305
6 0.982668 0.212183 0.010504 0.020305
6 0.800945 0.774619 0.010504 0.020305
6 0.006828 0.728934 0.010504 0.020305
6 0.585609 0.858883 0.010504 0.020305
7 0.426471 0.210660 0.747899 0.001015
7 0.468487 0.362437 0.314076 0.113706
7 0.536239 0.508629 0.423319 0.097462
10 0.939601 0.044162 0.086134 0.051777
10 0.408613 0.534518 0.161765 0.025381
10 0.623687 0.611168 0.131828 0.184772
10 0.627626 0.635025 0.161765 0.025381
10 0.667017 0.369036 0.086134 0.051777
12 0.128414 0.306091 0.231618 0.049746
12 0.517332 0.037563 0.035714 0.032487
13 0.867122 0.174619 0.004202 0.004061
13 0.018908 0.908629 0.015756 0.030457
14 0.405987 0.645178 0.007353 0.015228
14 0.740021 0.402030 0.010504 0.020305
14 0.858981 0.546193 0.070903 0.038579
14 0.739758 0.370051 0.007878 0.015228
