9 0.625131 0.474032 0.157563 0.204061
1 0.309821 0.707519 0.363240 0.047716
1 0.308897 0.869131 0.361394 0.047716
1 0.269761 0.497383 0.310005 0.047716
9 0.464548 0.447081 0.060399 0.142037
12 0.372637 0.033503 0.248950 0.032487
1 0.630039 0.730203 0.201681 0.047716
1 0.157563 0.412452 0.097164 0.056853
1 0.157563 0.732598 0.097164 0.056853
4 0.822742 0.542989 0.113445 0.026396
4 0.822742 0.575476 0.113445 0.026396
4 0.822742 0.272938 0.113445 0.026396
4 0.822742 0.391720 0.113445 0.026396
4 0.822742 0.424207 0.113445 0.026396
4 0.822742 0.510501 0.113445 0.026396
4 0.822742 0.240451 0.113445 0.026396
4 0.822742 0.305425 0.113445 0.026396
1 0.680147 0.855568 0.097164 0.056853
1 0.172532 0.033503 0.094538 0.050761
0 0.138270 0.105108 0.058577 0.028426
0 0.689215 0.162484 0.058577 0.028426
1 0.245950 0.188372 0.103770 0.037563
9 0.188288 0.023858 0.063025 0.020305
0 0.729254 0.112230 0.031513 0.041624
9 0.138393 0.033503 0.026261 0.050761
5 0.729254 0.111723 0.031513 0.040609
1 0.680147 0.284708 0.097164 0.034518
1 0.157563 0.185707 0.097164 0.034518
1 0.680147 0.248779 0.097164 0.034518
12 0.483456 0.033503 0.027311 0.032487
0 0.800683 0.152126 0.027311 0.028426
9 0.123162 0.346225 0.019958 0.038579
9 0.524160 0.346225 0.019958 0.038579
9 0.524160 0.677728 0.019958 0.038579
9 0.188288 0.046193 0.052521 0.014213
11 0.109506 0.033503 0.016807 0.034518
6 0.771271 0.238420 0.010504 0.020305
6 0.771271 0.270907 0.010504 0.020305
6 0.771271 0.303395 0.010504 0.020305
5 0.109506 0.033503 0.016807 0.034518
6 0.771271 0.389689 0.010504 0.020305
6 0.771271 0.422176 0.010504 0.020305
0 0.109506 0.032487 0.016807 0.032487
6 0.771271 0.573445 0.010504 0.020305
6 0.771271 0.540958 0.010504 0.020305
6 0.771271 0.508471 0.010504 0.020305
9 0.123162 0.989205 0.019958 0.021589
11 0.109506 0.032487 0.010504 0.020305
2 0.680147 0.611168 0.271008 0.038579
2 0.680935 0.247716 0.076155 0.036548
2 0.100578 0.049746 0.076155 0.036548
2 0.399685 0.129949 0.005252 0.040609
2 0.673582 0.671066 0.076155 0.036548
3 0.767595 0.765482 0.027836 0.012183
3 0.384979 0.473604 0.037815 0.047716
3 0.576943 0.383249 0.183298 0.043655
3 0.779412 0.971066 0.132353 0.035533
3 0.484769 0.232487 0.105042 0.032487
3 0.406775 0.383756 0.027836 0.012183
3 0.839811 0.534010 0.006303 0.020305
4 0.375000 0.934010 0.113445 0.026396
4 0.176208 0.897462 0.039391 0.024365
4 0.220063 0.477665 0.044118 0.023350
5 0.689338 0.758883 0.006828 0.013198
5 0.095851 0.479695 0.006828 0.013198
5 0.170956 0.411675 0.006828 0.013198
5 0.471376 0.154315 0.074055 0.032487
6 0.823004 0.689340 0.010504 0.020305
6 0.392069 0.426904 0.006828 0.013198
7 0.558298 0.041624 0.327731 0.030457
7 0.435399 0.453807 0.314076 0.113706
7 0.172269 0.509645 0.327731 0.030457
10 0.034139 0.702538 0.019958 0.026396
10 0.213498 0.296447 0.335609 0.507614
10 0.326681 0.916244 0.021008 0.047716
10 0.732143 0.310152 0.057773 0.049746
10 0.129202 0.890355 0.019958 0.038579
10 0.274685 0.037056 0.071429 0.063959
10 0.890231 0.406091 0.019958 0.026396
10 0.552521 0.683249 0.010504 0.020305
12 0.462185 0.912690 0.018908 0.036548
13 0.199580 0.283756 0.012605 0.027411
14 0.049370 0.830457 0.012605 0.024365
14 0.762605 0.550254 0.018908 0.036548
14 0.504202 0.826396 0.051471 0.036548
14 0.894433 0.124873 0.051471 0.036548
