0 0.496061 0.388325 0.992122 0.776650
0 0.496061 0.888325 0.992122 0.223350
12 0.755498 0.045685 0.274685 0.087310
11 0.090008 0.140300 0.137999 0.065371
12 0.862555 0.045685 0.087882 0.091371
0 0.949572 0.045685 0.085100 0.091371
11 0.074756 0.321804 0.107496 0.065371
11 0.074280 0.231052 0.106544 0.065371
1 0.283035 0.046193 0.284557 0.027411
11 0.061027 0.503307 0.080037 0.065371
11 0.055287 0.594059 0.068556 0.065371
11 0.049366 0.412556 0.056714 0.065371
1 0.070903 0.045685 0.099790 0.048731
14 0.945189 0.045685 0.051848 0.036548
12 0.638877 0.160406 0.043543 0.020305
14 0.961660 0.045685 0.018908 0.036548
12 0.884437 0.045685 0.018908 0.036548
11 0.931378 0.045685 0.016150 0.031472
12 0.842970 0.045685 0.016150 0.031472
12 0.617893 0.001523 0.000525 0.001015
1 0.331822 0.045178 0.070764 0.023350
1 0.203207 0.045178 0.059398 0.023350
1 0.130470 0.045178 0.052004 0.023350
1 0.515576 0.045178 0.048697 0.023350
1 0.453593 0.045178 0.041196 0.023350
1 0.400099 0.045178 0.031718 0.023350
1 0.264673 0.045178 0.029461 0.023350
2 0.665441 0.317259 0.294118 0.027411
2 0.742384 0.885787 0.236870 0.047716
2 0.332458 0.180711 0.239496 0.052792
3 0.436975 0.112690 0.105042 0.032487
3 0.155462 0.285787 0.065126 0.031472
3 0.840599 0.834010 0.183298 0.043655
3 0.698529 0.492893 0.132353 0.035533
4 0.609769 0.558883 0.088235 0.043655
4 0.558298 0.625381 0.113445 0.026396
4 0.924632 0.335025 0.077206 0.012183
5 0.237920 0.083249 0.016807 0.034518
5 0.150210 0.920812 0.012605 0.024365
5 0.752363 0.032487 0.024685 0.048731
5 0.323267 0.038071 0.024685 0.047716
6 0.632353 0.344162 0.010504 0.020305
6 0.311975 0.262944 0.010504 0.020305
6 0.478992 0.524873 0.010504 0.020305
6 0.704832 0.461929 0.010504 0.020305
6 0.462185 0.108629 0.010504 0.020305
6 0.557773 0.211168 0.010504 0.020305
6 0.060924 0.736041 0.010504 0.020305
7 0.732143 0.850761 0.327731 0.030457
7 0.613445 0.570558 0.423319 0.097462
7 0.212185 0.118782 0.314076 0.113706
10 0.150210 0.777157 0.086134 0.051777
10 0.743960 0.502538 0.335609 0.507614
10 0.273109 0.110660 0.023109 0.044670
10 0.422269 0.250761 0.173319 0.073096
10 0.638130 0.111168 0.024160 0.047716
12 0.387080 0.107614 0.076681 0.024365
13 0.094538 0.275635 0.050420 0.031472
14 0.253676 0.464975 0.015756 0.030457
14 0.525473 0.571574 0.016282 0.032487
14 0.447216 0.184264 0.007878 0.015228
