0 0.473128 0.663610 0.634807 0.048731
0 0.494748 0.262183 0.475840 0.048731
12 0.669380 0.863610 0.332983 0.048731
0 0.527528 0.262183 0.135266 0.048731
0 0.666680 0.262183 0.131975 0.048731
0 0.374581 0.663610 0.121947 0.048731
0 0.970385 0.950368 0.059231 0.099265
0 0.228364 0.664118 0.145278 0.028426
0 0.486312 0.052284 0.090451 0.043433
12 0.565856 0.824016 0.126986 0.024365
0 0.970851 0.958883 0.042542 0.082234
0 0.479484 0.052284 0.076796 0.041402
0 0.374581 0.663610 0.094636 0.028426
0 0.385984 0.052284 0.059784 0.043433
0 0.583911 0.052284 0.054326 0.043433
0 0.240661 0.052284 0.054326 0.043433
0 0.379157 0.052284 0.046128 0.041402
0 0.691513 0.049746 0.075712 0.024365
0 0.577083 0.052284 0.040671 0.041402
9 0.170431 0.052284 0.029412 0.056853
0 0.233833 0.052284 0.040671 0.041402
0 0.776581 0.049746 0.069213 0.024365
0 0.311958 0.052284 0.037848 0.043433
0 0.168330 0.870717 0.025210 0.048731
0 0.197742 0.870717 0.025210 0.048731
0 0.227153 0.870717 0.025210 0.048731
0 0.256565 0.870717 0.025210 0.048731
0 0.285977 0.870717 0.025210 0.048731
0 0.315389 0.870717 0.025210 0.048731
0 0.344800 0.870717 0.025210 0.048731
0 0.374212 0.870717 0.025210 0.048731
0 0.403624 0.870717 0.025210 0.048731
0 0.433036 0.870717 0.025210 0.048731
0 0.462447 0.870717 0.025210 0.048731
0 0.168330 0.927570 0.025210 0.048731
0 0.197742 0.927570 0.025210 0.048731
0 0.227153 0.927570 0.025210 0.048731
0 0.256565 0.927570 0.025210 0.048731
0 0.285977 0.927570 0.025210 0.048731
0 0.315389 0.927570 0.025210 0.048731
0 0.344800 0.927570 0.025210 0.048731
0 0.374212 0.927570 0.025210 0.048731
0 0.403624 0.927570 0.025210 0.048731
0 0.433036 0.927570 0.025210 0.048731
0 0.462447 0.927570 0.025210 0.048731
0 0.168330 0.980029 0.025210 0.039943
0 0.197742 0.980029 0.025210 0.039943
0 0.227153 0.980029 0.025210 0.039943
0 0.256565 0.980029 0.025210 0.039943
0 0.784984 0.049746 0.052406 0.024365
12 0.515494 0.863610 0.025210 0.048731
0 0.305131 0.052284 0.024192 0.041402
1 0.322766 0.262183 0.131877 0.024365
12 0.830095 0.052284 0.012605 0.029442
0 0.830095 0.052284 0.012605 0.029442
13 0.748277 0.049746 0.012605 0.024365
12 0.830095 0.058376 0.012605 0.015228
0 0.462447 0.927570 0.008092 0.024365
0 0.197737 0.927570 0.007115 0.024365
0 0.256565 0.927570 0.006089 0.024365
0 0.227149 0.927570 0.005933 0.024365
0 0.374212 0.870717 0.005859 0.024365
0 0.344796 0.870717 0.005769 0.024365
0 0.256565 0.870717 0.005761 0.024365
0 0.403620 0.927570 0.005720 0.024365
0 0.227153 0.870717 0.005531 0.024365
0 0.256565 0.984423 0.005416 0.024365
0 0.168330 0.870717 0.005367 0.024365
0 0.433032 0.927570 0.005244 0.024365
0 0.315389 0.927570 0.005186 0.024365
0 0.462443 0.870717 0.005047 0.024365
0 0.197737 0.870717 0.004981 0.024365
0 0.168330 0.984423 0.004957 0.024365
0 0.344796 0.927570 0.004932 0.024365
0 0.197737 0.984423 0.004916 0.024365
0 0.227153 0.984423 0.004891 0.024365
0 0.285973 0.927570 0.004834 0.024365
0 0.285977 0.870717 0.004809 0.024365
0 0.374208 0.927570 0.004653 0.024365
0 0.315389 0.870717 0.004530 0.024365
0 0.168330 0.927570 0.004349 0.024365
0 0.433032 0.870717 0.004062 0.024365
0 0.403620 0.870717 0.002257 0.024365
2 0.180147 0.952792 0.033613 0.033503
2 0.784139 0.894416 0.201681 0.036548
3 0.642069 0.498985 0.115021 0.021320
3 0.194853 0.049746 0.105042 0.032487
4 0.692752 0.649746 0.113445 0.026396
4 0.596901 0.461421 0.032038 0.019289
4 0.773897 0.352284 0.162290 0.024365
4 0.916492 0.715228 0.042017 0.035533
4 0.483456 0.318782 0.142332 0.020305
4 0.172006 0.772081 0.000525 0.001015
5 0.851366 0.705584 0.012605 0.024365
5 0.765756 0.160406 0.031513 0.040609
5 0.325105 0.956345 0.012605 0.024365
5 0.035452 0.349746 0.046744 0.015228
5 0.670956 0.743655 0.006828 0.013198
5 0.706408 0.173604 0.016807 0.034518
6 0.064601 0.549239 0.010504 0.020305
6 0.201681 0.252792 0.010504 0.020305
6 0.367122 0.874112 0.010504 0.020305
6 0.254727 0.041624 0.010504 0.020305
6 0.616334 0.975127 0.006828 0.013198
7 0.669643 0.458883 0.297269 0.032487
7 0.608718 0.648731 0.297269 0.032487
7 0.240021 0.727919 0.260504 0.162437
7 0.443803 0.581218 0.747899 0.001015
7 0.824055 0.473096 0.314076 0.113706
10 0.156775 0.615736 0.044643 0.049746
10 0.904412 0.836041 0.029412 0.057868
12 0.755777 0.886294 0.339286 0.075127
12 0.042542 0.702538 0.012605 0.056853
13 0.928046 0.395431 0.012605 0.023350
13 0.438550 0.565990 0.012605 0.023350
13 0.155987 0.942640 0.029412 0.057868
14 0.016807 0.112690 0.025210 0.048731
14 0.522059 0.708629 0.025210 0.048731
14 0.398109 0.256853 0.012605 0.004061
14 0.683298 0.980711 0.015756 0.018274
14 0.013130 0.486294 0.021008 0.040609
14 0.673319 0.444670 0.023109 0.040609
