1 0.248769 0.961770 0.271173 0.043655
12 0.372637 0.033503 0.248950 0.032487
9 0.385242 0.599032 0.052521 0.152284
1 0.228520 0.548779 0.230674 0.043655
1 0.229480 0.617814 0.232594 0.043655
1 0.553604 0.532535 0.231683 0.043655
9 0.709821 0.500888 0.052521 0.057519
5 0.714245 0.107662 0.074137 0.032487
4 0.822742 0.465387 0.113445 0.022335
4 0.822742 0.256250 0.113445 0.022335
4 0.822742 0.360819 0.113445 0.022335
4 0.822742 0.522240 0.113445 0.022335
4 0.822742 0.493813 0.113445 0.022335
4 0.822742 0.227824 0.113445 0.022335
4 0.822742 0.284676 0.113445 0.022335
4 0.822742 0.389245 0.113445 0.022335
0 0.714245 0.107662 0.074137 0.032487
1 0.172532 0.033503 0.094538 0.050761
0 0.723731 0.141672 0.042558 0.035533
5 0.723731 0.141164 0.042558 0.034518
9 0.138393 0.033503 0.026261 0.050761
9 0.188288 0.024365 0.063025 0.018274
12 0.479160 0.033503 0.035903 0.032487
9 0.188288 0.045178 0.063025 0.013198
9 0.119887 0.452839 0.019958 0.038579
9 0.119887 0.908471 0.019958 0.038579
9 0.444467 0.452839 0.019958 0.038579
11 0.109506 0.033503 0.016807 0.032487
0 0.176860 0.078173 0.030126 0.022335
0 0.691591 0.186850 0.030126 0.022335
6 0.771271 0.227824 0.010504 0.020305
6 0.771271 0.256250 0.010504 0.020305
6 0.771271 0.284676 0.010504 0.020305
6 0.771271 0.360819 0.010504 0.020305
6 0.771271 0.389245 0.010504 0.020305
0 0.109506 0.033503 0.016807 0.032487
6 0.771271 0.522240 0.010504 0.020305
0 0.809135 0.150095 0.021714 0.022335
6 0.771271 0.493813 0.010504 0.020305
6 0.771271 0.465387 0.010504 0.020305
1 0.682342 0.291371 0.092773 0.028426
1 0.682342 0.261532 0.092773 0.028426
9 0.212193 0.385819 0.015756 0.019797
1 0.682342 0.380885 0.092773 0.028426
1 0.682342 0.351047 0.092773 0.028426
11 0.109506 0.033503 0.010504 0.020305
1 0.150452 0.436453 0.082942 0.028426
1 0.682342 0.540451 0.092773 0.028426
1 0.210888 0.221367 0.072889 0.036548
9 0.444467 0.996367 0.019958 0.007265
2 0.804359 0.648731 0.216912 0.040609
2 0.487395 0.190355 0.773109 0.033503
2 0.538866 0.210152 0.101891 0.026396
3 0.194853 0.891878 0.111345 0.025381
3 0.233718 0.416244 0.105042 0.032487
3 0.186187 0.472589 0.083508 0.043655
3 0.938813 0.143655 0.083508 0.043655
4 0.151786 0.317766 0.113445 0.022335
4 0.157826 0.265482 0.000525 0.001015
5 0.236082 0.822843 0.006828 0.013198
5 0.445116 0.697970 0.006828 0.013198
5 0.150998 0.961929 0.006828 0.013198
6 0.894695 0.774112 0.006828 0.013198
7 0.526261 0.737056 0.314076 0.113706
7 0.726891 0.804061 0.260504 0.162437
7 0.508403 0.291371 0.327731 0.030457
10 0.805147 0.169036 0.161765 0.025381
10 0.118697 0.718782 0.019958 0.026396
12 0.559874 0.890863 0.012605 0.015228
12 0.595851 0.706091 0.087710 0.090355
12 0.963761 0.052284 0.021008 0.023350
13 0.595063 0.803553 0.042017 0.080203
13 0.540441 0.637563 0.021008 0.040609
13 0.752101 0.667005 0.026261 0.050761
13 0.112920 0.783756 0.015756 0.030457
13 0.699580 0.444670 0.059874 0.042640
13 0.164916 0.675635 0.012605 0.023350
13 0.265231 0.766497 0.014706 0.028426
13 0.342962 0.959391 0.016807 0.032487
14 0.887080 0.747716 0.009454 0.017259
