0 0.301733 0.507614 0.241597 0.060914
0 0.275473 0.507614 0.189076 0.060914
12 0.220301 0.036390 0.078732 0.019511
0 0.275473 0.506599 0.059480 0.022335
0 0.788053 0.036548 0.046268 0.023350
1 0.220326 0.036548 0.078782 0.020305
1 0.742536 0.036548 0.023758 0.023350
2 0.834296 0.780203 0.037290 0.027411
2 0.476103 0.820305 0.157038 0.036548
2 0.339023 0.456853 0.076155 0.036548
3 0.834559 0.490355 0.006303 0.020305
3 0.522584 0.170051 0.037815 0.047716
4 0.169643 0.382741 0.260504 0.022335
4 0.093225 0.476650 0.047794 0.035533
4 0.243697 0.037056 0.268908 0.019289
4 0.504202 0.220305 0.017857 0.018274
4 0.122374 0.872081 0.113445 0.026396
5 0.541229 0.487817 0.006828 0.013198
5 0.134716 0.382234 0.006828 0.013198
6 0.418067 0.846701 0.010504 0.020305
6 0.288340 0.793909 0.010504 0.020305
6 0.706408 0.509645 0.010504 0.020305
7 0.701681 0.747208 0.260504 0.162437
7 0.403887 0.556345 0.314076 0.113706
7 0.552521 0.751777 0.747899 0.001015
10 0.075630 0.237563 0.019958 0.026396
10 0.148109 0.531472 0.086134 0.051777
12 0.354254 0.339086 0.024685 0.040609
12 0.295956 0.568020 0.101366 0.035533
12 0.022059 0.816244 0.010504 0.020305
13 0.206933 0.937056 0.014706 0.028426
13 0.483718 0.323858 0.016807 0.032487
13 0.904412 0.115228 0.042017 0.080203
13 0.909139 0.323858 0.010504 0.022335
13 0.548845 0.894416 0.015756 0.030457
14 0.361345 0.757360 0.025210 0.048731
14 0.497637 0.708122 0.007878 0.021320
