9 0.247899 0.091751 0.118172 0.042640
12 0.748162 0.026285 0.110294 0.042830
0 0.748162 0.026285 0.110294 0.042830
11 0.257657 0.026285 0.063337 0.036041
11 0.767143 0.091751 0.072331 0.031345
0 0.767143 0.091751 0.072331 0.031345
11 0.498199 0.091751 0.067957 0.031345
0 0.498199 0.091751 0.067957 0.031345
11 0.590291 0.091751 0.065807 0.031345
0 0.590291 0.091751 0.065807 0.031345
11 0.627302 0.026285 0.055582 0.036041
11 0.677086 0.091751 0.057363 0.031345
0 0.677086 0.091751 0.057363 0.031345
11 0.576636 0.026285 0.045751 0.036041
11 0.309460 0.026285 0.040269 0.036041
11 0.348678 0.026285 0.038168 0.036041
11 0.207401 0.026285 0.037175 0.036041
11 0.418305 0.091751 0.041410 0.031345
0 0.418305 0.091751 0.041410 0.031345
11 0.671953 0.026285 0.033720 0.036041
0 0.931620 0.644234 0.023528 0.045479
0 0.963551 0.644234 0.023528 0.045479
11 0.382730 0.026285 0.029937 0.036041
11 0.538960 0.026285 0.029601 0.036041
12 0.792230 0.026285 0.017956 0.034708
12 0.792230 0.026285 0.010504 0.016244
4 0.692752 0.004362 0.000525 0.001015
1 0.257657 0.026285 0.063337 0.036041
1 0.627302 0.026285 0.055582 0.036041
1 0.576636 0.026285 0.045751 0.036041
1 0.309460 0.026285 0.040269 0.036041
1 0.348678 0.026285 0.038168 0.036041
1 0.207401 0.026285 0.037175 0.036041
1 0.671953 0.026285 0.033720 0.036041
1 0.382730 0.026285 0.029937 0.036041
1 0.538960 0.026285 0.029601 0.036041
2 0.551996 0.268020 0.239496 0.052792
2 0.506565 0.272081 0.076155 0.036548
2 0.563025 0.704061 0.130252 0.019289
2 0.852679 0.861929 0.157038 0.036548
2 0.182511 0.681726 0.034139 0.021320
2 0.557511 0.196447 0.236870 0.035533
2 0.940126 0.669036 0.101891 0.044670
2 0.635504 0.318782 0.493697 0.022335
2 0.399160 0.054315 0.411765 0.021320
3 0.517069 0.402538 0.106618 0.021320
3 0.134716 0.358883 0.106618 0.021320
4 0.769958 0.282234 0.113445 0.026396
4 0.693803 0.551777 0.047269 0.035533
5 0.035189 0.683249 0.012605 0.024365
5 0.722426 0.579188 0.006828 0.013198
5 0.368435 0.107107 0.006828 0.013198
6 0.214286 0.222335 0.010504 0.020305
6 0.783613 0.120812 0.010504 0.020305
6 0.244748 0.690355 0.010504 0.020305
7 0.727416 0.806091 0.297269 0.032487
7 0.191702 0.060914 0.297269 0.032487
10 0.336134 0.621827 0.086134 0.051777
10 0.579832 0.895431 0.010504 0.020305
10 0.950630 0.264467 0.071429 0.063959
12 0.783876 0.905584 0.053046 0.032487
13 0.188288 0.073096 0.039391 0.014213
