9 0.704389 0.936501 0.198890 0.126999
9 0.287725 0.936501 0.198874 0.126999
9 0.496053 0.936501 0.198874 0.126999
1 0.741523 0.697272 0.083820 0.097652
1 0.490062 0.697272 0.083820 0.097652
1 0.657703 0.697272 0.083820 0.097652
1 0.238601 0.697272 0.083820 0.097652
1 0.573882 0.696383 0.083820 0.095876
1 0.322422 0.697272 0.083820 0.097652
1 0.406242 0.697272 0.083820 0.097652
12 0.507410 0.141482 0.069443 0.059613
0 0.948049 0.045178 0.088145 0.045685
1 0.423209 0.141482 0.094316 0.059613
0 0.219152 0.488039 0.065930 0.046701
0 0.780282 0.571240 0.126050 0.022430
1 0.282588 0.141482 0.074219 0.059613
1 0.580267 0.141482 0.071626 0.059613
12 0.412027 0.002030 0.299370 0.004061
12 0.889837 0.045178 0.023634 0.045685
1 0.795718 0.046328 0.066423 0.047985
1 0.215984 0.141482 0.054343 0.059613
12 0.577468 0.002030 0.031513 0.004061
0 0.237904 0.130964 0.005252 0.010152
0 0.314445 0.130964 0.005252 0.010152
0 0.368476 0.130964 0.005252 0.010152
0 0.465115 0.130964 0.005252 0.010152
0 0.536880 0.130964 0.005252 0.010152
0 0.610828 0.130964 0.005252 0.010152
0 0.656972 0.130964 0.005252 0.010152
2 0.810399 0.202030 0.239496 0.052792
2 0.157300 0.540102 0.157038 0.048731
2 0.559874 0.084264 0.367647 0.040609
2 0.376576 0.448223 0.510504 0.025381
3 0.158613 0.804569 0.132353 0.035533
3 0.674370 0.804569 0.111345 0.025381
3 0.804884 0.207614 0.183298 0.043655
3 0.051471 0.162437 0.006303 0.020305
4 0.791492 0.368020 0.088235 0.043655
5 0.899422 0.652284 0.006828 0.013198
5 0.803834 0.874619 0.006828 0.013198
5 0.631040 0.626904 0.006828 0.013198
5 0.802258 0.090355 0.050945 0.034518
5 0.638393 0.212690 0.006828 0.013198
5 0.575105 0.519797 0.040966 0.034518
6 0.213235 0.228426 0.010504 0.020305
6 0.499475 0.051777 0.010504 0.020305
6 0.209034 0.319797 0.010504 0.020305
6 0.792017 0.201015 0.010504 0.020305
7 0.472689 0.942132 0.314076 0.113706
7 0.463761 0.366497 0.260504 0.162437
7 0.646008 0.312690 0.327731 0.030457
7 0.521534 0.632995 0.747899 0.001015
10 0.043067 0.836041 0.086134 0.051777
10 0.377626 0.626396 0.173319 0.227411
10 0.469013 0.036548 0.010504 0.020305
10 0.488971 0.801015 0.023109 0.044670
12 0.576943 0.439594 0.004727 0.016244
12 0.943015 0.155838 0.023634 0.045685
12 0.843487 0.245178 0.021008 0.023350
13 0.342962 0.076142 0.008403 0.016244
13 0.030462 0.760406 0.050420 0.083249
13 0.925945 0.512690 0.051471 0.048731
13 0.452206 0.349239 0.015756 0.030457
14 0.086660 0.817259 0.009454 0.018274
