11 0.771534 0.119749 0.378151 0.033915
9 0.164867 0.113832 0.131303 0.059137
9 0.537749 0.779695 0.017201 0.034518
9 0.119690 0.779830 0.016790 0.034787
1 0.164867 0.111310 0.131303 0.023350
1 0.128434 0.555838 0.058438 0.023350
1 0.550166 0.021827 0.050469 0.023350
2 0.501576 0.065482 0.411765 0.021320
2 0.572216 0.202030 0.157038 0.048731
2 0.308824 0.878173 0.163866 0.036548
2 0.281513 0.308629 0.271008 0.038579
3 0.914391 0.908629 0.006303 0.020305
3 0.547794 0.213706 0.085084 0.059898
4 0.597689 0.181726 0.113445 0.026396
5 0.608193 0.646701 0.012605 0.024365
5 0.355830 0.928426 0.006828 0.013198
5 0.778624 0.926396 0.006828 0.013198
5 0.852941 0.302538 0.012605 0.024365
6 0.008666 0.066497 0.006828 0.013198
6 0.100840 0.514721 0.010504 0.020305
6 0.564601 0.687310 0.010504 0.020305
7 0.712710 0.246701 0.314076 0.113706
7 0.336660 0.730964 0.327731 0.030457
7 0.445378 0.760406 0.327731 0.030457
10 0.496324 0.262944 0.019958 0.026396
10 0.106618 0.154315 0.019958 0.026396
10 0.537815 0.111675 0.173319 0.073096
10 0.454307 0.595431 0.071429 0.063959
10 0.900735 0.821320 0.092437 0.038579
10 0.423582 0.030964 0.044643 0.049746
10 0.604517 0.104569 0.173319 0.073096
10 0.073004 0.836548 0.019958 0.038579
10 0.406513 0.608629 0.057773 0.049746
12 0.693803 0.742640 0.008403 0.035533
12 0.696429 0.080711 0.582983 0.039594
14 0.110819 0.144162 0.025210 0.048731
14 0.630252 0.410152 0.025210 0.048731
14 0.004464 0.641117 0.006828 0.013198
