1 0.338235 0.427030 0.314601 0.456091
1 0.653887 0.427030 0.314601 0.456091
1 0.259322 0.758122 0.156775 0.202030
1 0.732799 0.758122 0.156775 0.202030
1 0.417148 0.758122 0.156775 0.202030
1 0.574974 0.758122 0.156775 0.202030
1 0.338235 0.575349 0.293199 0.057170
1 0.653887 0.575349 0.293199 0.057170
10 0.496061 0.083249 0.107668 0.081218
1 0.256696 0.937944 0.151523 0.066244
17 0.677689 0.150254 0.113388 0.054822
17 0.567526 0.150254 0.106938 0.054822
17 0.379735 0.150254 0.096491 0.054822
17 0.471019 0.150254 0.086077 0.054822
1 0.730173 0.926904 0.151523 0.044162
17 0.294610 0.150254 0.073759 0.054822
17 0.259302 0.018274 0.069664 0.036548
17 0.194586 0.018274 0.059767 0.036548
0 0.945025 0.080203 0.062681 0.035533
17 0.093877 0.018274 0.053448 0.036548
17 0.041455 0.018274 0.051397 0.036548
17 0.142652 0.018274 0.044101 0.036548
17 0.022584 0.080203 0.013655 0.045685
18 0.971413 0.150254 0.009905 0.045685
18 0.971897 0.018274 0.008937 0.036548
17 0.022584 0.080203 0.013655 0.017259
18 0.972463 0.150254 0.007804 0.016244
18 0.972948 0.018274 0.006836 0.014213
