0 0.475578 0.279791 0.367647 0.043655
2 0.485032 0.280298 0.367647 0.040609
1 0.112920 0.040958 0.183824 0.061612
9 0.079307 0.031472 0.116597 0.042640
14 0.963235 0.974096 0.073529 0.051808
3 0.354903 0.635628 0.111345 0.025381
0 0.769860 0.974096 0.092552 0.030838
0 0.634860 0.278775 0.048032 0.036548
4 0.275239 0.635628 0.044175 0.015228
4 0.305147 0.278775 0.000525 0.001015
1 0.507406 0.683852 0.078117 0.026396
1 0.504083 0.604664 0.071470 0.026396
1 0.501625 0.657456 0.066554 0.026396
1 0.498822 0.631060 0.060949 0.026396
1 0.494276 0.551872 0.051856 0.026396
1 0.494219 0.578268 0.051741 0.026396
1 0.274865 0.604664 0.043428 0.026396
1 0.274513 0.578268 0.042723 0.026396
1 0.438768 0.551872 0.035378 0.026396
1 0.268214 0.551872 0.030126 0.026396
1 0.429486 0.578268 0.016815 0.026396
2 0.695116 0.136041 0.157038 0.048731
2 0.243435 0.232487 0.023634 0.040609
2 0.047794 0.256853 0.074580 0.036548
2 0.105042 0.245685 0.163866 0.036548
3 0.231092 0.286802 0.037815 0.047716
3 0.467962 0.498477 0.057773 0.024365
3 0.477416 0.080203 0.006303 0.020305
4 0.846113 0.731980 0.113445 0.026396
4 0.157826 0.706599 0.051996 0.020305
5 0.972426 0.451269 0.006828 0.013198
6 0.847689 0.484264 0.010504 0.020305
6 0.397584 0.979695 0.010504 0.020305
6 0.880515 0.016751 0.006828 0.013198
7 0.627626 0.500508 0.314076 0.113706
7 0.282563 0.887310 0.260504 0.162437
7 0.678046 0.648731 0.327731 0.030457
10 0.752101 0.373604 0.192227 0.026396
10 0.829569 0.870558 0.044643 0.049746
10 0.353466 0.287817 0.029412 0.057868
10 0.228729 0.343147 0.335609 0.507614
12 0.309349 0.678680 0.021008 0.023350
12 0.427521 0.246701 0.058824 0.056853
13 0.066176 0.094924 0.012605 0.027411
14 0.981880 0.199492 0.020483 0.039594
