9 0.496061 0.769781 0.756303 0.460438
0 0.496053 0.446114 0.217437 0.107614
9 0.618960 0.288325 0.131828 0.170558
9 0.658179 0.288507 0.119748 0.170923
1 0.483632 0.330964 0.128504 0.101523
1 0.483632 0.509645 0.128504 0.101523
1 0.337780 0.448525 0.116982 0.101523
1 0.477871 0.525682 0.116982 0.101523
1 0.625624 0.282027 0.130252 0.077157
1 0.625624 0.359185 0.130252 0.077157
1 0.625624 0.436342 0.130252 0.077157
1 0.625624 0.584359 0.130252 0.077157
1 0.625624 0.661516 0.130252 0.077157
1 0.645606 0.282027 0.130252 0.077157
1 0.645606 0.359185 0.130252 0.077157
1 0.645606 0.507202 0.130252 0.077157
0 0.436704 0.458296 0.098739 0.050761
0 0.555401 0.458296 0.098739 0.050761
0 0.658179 0.566497 0.122735 0.028426
0 0.618960 0.538071 0.098739 0.028426
13 0.836352 0.090355 0.059964 0.042640
0 0.511994 0.088832 0.059439 0.035533
0 0.453310 0.088832 0.057929 0.035533
0 0.396993 0.088832 0.054704 0.035533
0 0.342983 0.088832 0.053317 0.035533
13 0.780684 0.090355 0.040868 0.042640
0 0.954307 0.029949 0.012605 0.024365
14 0.975315 0.028934 0.012605 0.024365
0 0.939601 0.029949 0.012605 0.024365
2 0.374737 0.142132 0.154937 0.064975
3 0.665966 0.452792 0.105042 0.032487
3 0.226366 0.266497 0.111345 0.025381
3 0.751050 0.808629 0.111345 0.025381
3 0.327994 0.196447 0.183298 0.043655
3 0.961660 0.455838 0.006303 0.020305
3 0.075630 0.795431 0.085084 0.059898
3 0.743697 0.390863 0.105042 0.032487
3 0.779937 0.579695 0.006303 0.020305
4 0.405200 0.744670 0.000525 0.001015
4 0.726366 0.798985 0.113445 0.026396
4 0.323004 0.183249 0.044118 0.023350
4 0.550420 0.449746 0.113445 0.026396
4 0.573529 0.316751 0.113445 0.026396
5 0.561450 0.229442 0.012605 0.024365
5 0.109506 0.888832 0.006828 0.013198
6 0.482143 0.210152 0.010504 0.020305
6 0.757878 0.012183 0.010504 0.020305
6 0.416229 0.424873 0.006828 0.013198
6 0.200630 0.886294 0.010504 0.020305
10 0.640231 0.231472 0.010504 0.020305
10 0.742122 0.698985 0.071429 0.063959
10 0.819328 0.125888 0.173319 0.073096
10 0.421481 0.120305 0.044643 0.049746
10 0.901786 0.575127 0.057773 0.049746
10 0.887080 0.818782 0.057773 0.049746
12 0.221113 0.502538 0.248950 0.032487
13 0.588761 0.534010 0.014706 0.028426
13 0.168592 0.320812 0.015756 0.030457
13 0.844013 0.165990 0.012605 0.027411
14 0.964811 0.418274 0.023109 0.044670
14 0.888130 0.380711 0.005252 0.010152
14 0.896008 0.377665 0.025210 0.048731
