17 0.420078 0.490688 0.460084 0.238579
17 0.420078 0.285105 0.460084 0.223350
17 0.420078 0.259724 0.460084 0.172589
17 0.814896 0.323683 0.262326 0.300508
17 0.778271 0.361643 0.189076 0.376428
17 0.420078 0.239419 0.460084 0.131980
17 0.420078 0.456678 0.460084 0.089340
17 0.420078 0.482059 0.460084 0.089340
10 0.778271 0.276666 0.188025 0.204442
1 0.299805 0.408455 0.202731 0.074112
1 0.540351 0.408455 0.202731 0.074112
1 0.299805 0.560739 0.202731 0.074112
1 0.540351 0.560739 0.202731 0.074112
1 0.299805 0.210485 0.202731 0.074112
1 0.540351 0.210485 0.202731 0.074112
1 0.299805 0.296780 0.202731 0.074112
1 0.297704 0.200333 0.206933 0.053807
1 0.297704 0.266323 0.206933 0.053807
1 0.297704 0.332313 0.206933 0.053807
17 0.494452 0.057456 0.061614 0.070622
17 0.390219 0.057456 0.057305 0.070622
17 0.307100 0.057456 0.054294 0.070622
0 0.874729 0.938579 0.066964 0.042640
17 0.754805 0.045685 0.072848 0.038579
17 0.676306 0.045685 0.071543 0.038579
10 0.227153 0.045685 0.052521 0.050761
17 0.441259 0.045685 0.044774 0.047081
0 0.940249 0.938579 0.047269 0.042640
17 0.720227 0.220638 0.030987 0.059898
17 0.800322 0.220638 0.030987 0.059898
17 0.347907 0.057456 0.027319 0.070622
10 0.641807 0.990054 0.081408 0.019892
10 0.447479 0.990054 0.081408 0.019892
10 0.544643 0.990054 0.081408 0.019892
10 0.253151 0.990054 0.081408 0.019892
10 0.350315 0.990054 0.081408 0.019892
10 0.738971 0.990054 0.081408 0.019892
17 0.611923 0.045685 0.044618 0.034518
17 0.018382 0.964467 0.023109 0.044670
19 0.018382 0.964467 0.023109 0.044670
10 0.018382 0.964467 0.023109 0.044670
10 0.444500 0.395765 0.019433 0.036548
10 0.203691 0.197795 0.018908 0.036548
10 0.444237 0.263785 0.018908 0.036548
10 0.203691 0.395765 0.018908 0.036548
10 0.203691 0.482059 0.018908 0.036548
10 0.203691 0.263785 0.018908 0.036548
10 0.444237 0.197795 0.018908 0.036548
10 0.444237 0.548049 0.018908 0.036548
10 0.444500 0.482059 0.019433 0.036548
20 0.977626 0.894004 0.023109 0.030457
10 0.203691 0.548049 0.018908 0.036548
10 0.203691 0.284089 0.018908 0.036548
10 0.862838 0.960406 0.012605 0.024365
10 0.872817 0.997970 0.033613 0.004061
10 0.693187 0.191704 0.010504 0.020305
10 0.693187 0.244496 0.010504 0.020305
10 0.693187 0.297287 0.010504 0.020305
10 0.693187 0.350079 0.010504 0.020305
10 0.693187 0.402871 0.010504 0.020305
10 0.693187 0.455663 0.010504 0.020305
20 0.975315 0.997970 0.012605 0.004061
