1 0.660841 0.701793 0.058011 0.033503
2 0.671481 0.714213 0.283088 0.043655
2 0.891544 0.893401 0.076155 0.036548
2 0.794643 0.469543 0.234244 0.035533
3 0.813025 0.808122 0.105042 0.032487
3 0.347689 0.572081 0.132353 0.035533
3 0.319065 0.831980 0.083508 0.043655
3 0.485294 0.512690 0.105042 0.032487
4 0.250000 0.347208 0.069328 0.020305
4 0.506303 0.792386 0.060924 0.019289
4 0.338761 0.149239 0.113445 0.026396
4 0.212710 0.230457 0.113445 0.026396
4 0.289391 0.730964 0.113445 0.026396
5 0.172269 0.163452 0.016807 0.032487
5 0.176733 0.961929 0.006828 0.013198
5 0.769170 0.534518 0.006828 0.013198
5 0.021271 0.665482 0.006828 0.013198
6 0.119223 0.793909 0.010504 0.020305
6 0.658613 0.313706 0.010504 0.020305
6 0.277836 0.169543 0.010504 0.020305
6 0.377101 0.591878 0.010504 0.020305
7 0.757353 0.175635 0.297269 0.032487
7 0.409664 0.233503 0.423319 0.097462
10 0.815914 0.392386 0.053046 0.049746
10 0.603204 0.283249 0.335609 0.507614
10 0.573267 0.348223 0.335609 0.507614
10 0.893382 0.946701 0.021008 0.047716
10 0.676471 0.374112 0.024160 0.047716
10 0.253414 0.410660 0.053046 0.049746
10 0.715861 0.074619 0.021008 0.047716
10 0.484506 0.379188 0.131828 0.254822
13 0.903361 0.946193 0.014706 0.028426
14 0.689601 0.833503 0.012605 0.024365
14 0.788866 0.521827 0.025210 0.048731
14 0.903624 0.309645 0.089811 0.111675
14 0.156775 0.908629 0.170693 0.040609
