0 0.239090 0.441006 0.158326 0.056853
1 0.092437 0.115736 0.147059 0.081218
1 0.092437 0.201015 0.147059 0.081218
1 0.243697 0.115736 0.147059 0.081218
1 0.243697 0.201015 0.147059 0.081218
1 0.394958 0.115736 0.147059 0.081218
1 0.394958 0.201015 0.147059 0.081218
1 0.099790 0.154315 0.147059 0.081218
1 0.099790 0.239594 0.147059 0.081218
1 0.099790 0.324873 0.147059 0.081218
1 0.263655 0.154315 0.147059 0.081218
1 0.263655 0.239594 0.147059 0.081218
1 0.263655 0.324873 0.147059 0.081218
0 0.239090 0.510041 0.158326 0.056853
0 0.172474 0.030457 0.066587 0.036548
0 0.891421 0.030457 0.057773 0.036548
0 0.236221 0.030457 0.048303 0.036548
0 0.945185 0.030457 0.037150 0.036548
0 0.284143 0.030457 0.034935 0.036548
0 0.323981 0.030457 0.032136 0.036548
9 0.487658 0.042640 0.008403 0.016244
14 0.504464 0.042640 0.008403 0.016244
2 0.695903 0.687310 0.189076 0.040609
2 0.847689 0.043655 0.168067 0.036548
3 0.738183 0.241624 0.027836 0.012183
3 0.541229 0.601523 0.083508 0.043655
3 0.681723 0.819289 0.105042 0.032487
4 0.204832 0.705584 0.161765 0.024365
4 0.213235 0.113706 0.113445 0.026396
4 0.319328 0.868020 0.161765 0.024365
5 0.714023 0.651269 0.006828 0.013198
5 0.786239 0.952284 0.012605 0.024365
6 0.775998 0.468528 0.006828 0.013198
6 0.274685 0.977665 0.010504 0.020305
7 0.620273 0.939594 0.747899 0.001015
7 0.405987 0.870051 0.297269 0.032487
10 0.784664 0.431472 0.019958 0.026396
10 0.684349 0.623858 0.086134 0.051777
10 0.019958 0.341117 0.010504 0.020305
12 0.881828 0.361929 0.012605 0.035533
12 0.605567 0.357360 0.023109 0.044670
12 0.446166 0.970558 0.522584 0.040609
13 0.537815 0.830457 0.015756 0.030457
13 0.426208 0.635533 0.051996 0.040609
13 0.625525 0.338071 0.021008 0.040609
13 0.815389 0.868020 0.129727 0.140102
14 0.030725 0.581726 0.017332 0.032487
14 0.829307 0.312690 0.025210 0.048731
