0 0.338498 0.496447 0.315126 0.041624
0 0.679884 0.468528 0.241597 0.041624
2 0.679884 0.288325 0.241597 0.038579
4 0.679884 0.246193 0.241597 0.025381
0 0.796223 0.033503 0.082450 0.067005
0 0.616080 0.382741 0.113987 0.038579
2 0.743689 0.382741 0.113987 0.038579
0 0.824764 0.937563 0.102900 0.041624
0 0.298754 0.496447 0.098608 0.041624
1 0.669643 0.524873 0.221113 0.030457
0 0.928653 0.937563 0.083869 0.041624
1 0.197216 0.033503 0.085084 0.067005
4 0.743689 0.340609 0.113987 0.025381
4 0.616080 0.340609 0.113987 0.025381
0 0.209940 0.496447 0.058011 0.041624
0 0.824764 0.937563 0.091346 0.025381
0 0.298754 0.496447 0.087054 0.025381
0 0.928653 0.937563 0.072315 0.025381
0 0.814806 0.033503 0.045283 0.041624
0 0.679880 0.468528 0.054532 0.025381
11 0.442785 0.033503 0.049567 0.026396
0 0.209940 0.496447 0.046456 0.025381
11 0.326586 0.033503 0.042878 0.026396
11 0.383014 0.033503 0.038463 0.024365
0 0.814806 0.033503 0.033728 0.025381
11 0.277705 0.033503 0.023372 0.024365
14 0.965467 0.841624 0.010242 0.022335
0 0.965467 0.841624 0.003939 0.015228
0 0.563288 0.330964 0.008403 0.006091
0 0.965467 0.841624 0.003939 0.010152
1 0.941135 0.896447 0.051192 0.018274
1 0.727908 0.517259 0.052324 0.015228
1 0.618484 0.532487 0.046629 0.015228
1 0.768329 0.033503 0.026663 0.024365
2 0.230042 0.646701 0.105042 0.046701
2 0.639181 0.602030 0.367647 0.040609
4 0.643908 0.162944 0.202731 0.013198
4 0.579044 0.766497 0.162290 0.024365
5 0.817227 0.423350 0.016807 0.032487
6 0.627101 0.706599 0.010504 0.020305
6 0.917017 0.505584 0.010504 0.020305
6 0.720063 0.670051 0.010504 0.020305
6 0.058824 0.287310 0.010504 0.020305
6 0.049632 0.617766 0.006828 0.013198
7 0.511555 0.318782 0.260504 0.162437
7 0.275210 0.284264 0.297269 0.032487
7 0.306723 0.870051 0.423319 0.097462
10 0.635504 0.460914 0.022059 0.042640
12 0.154937 0.386802 0.068277 0.036548
13 0.469538 0.065990 0.021008 0.040609
14 0.535189 0.942132 0.007353 0.014213
14 0.602153 0.683249 0.017332 0.032487
14 0.272059 0.193909 0.010504 0.020305
