2 0.178571 0.786215 0.154937 0.064975
0 0.337000 0.786223 0.153517 0.066006
0 0.831465 0.094416 0.138015 0.062944
0 0.860446 0.094416 0.080054 0.062944
0 0.789337 0.094416 0.053760 0.062944
0 0.220921 0.094416 0.051610 0.047208
0 0.388820 0.094416 0.039325 0.047208
9 0.138910 0.094416 0.061958 0.024239
1 0.336336 0.094416 0.065643 0.047208
1 0.275120 0.094416 0.056788 0.047208
1 0.430127 0.094416 0.043289 0.047208
2 0.561712 0.927919 0.076155 0.036548
2 0.434349 0.163959 0.149160 0.021320
3 0.097689 0.935025 0.105042 0.032487
3 0.164653 0.254822 0.027836 0.012183
4 0.570116 0.645178 0.037290 0.035533
4 0.662815 0.299492 0.260504 0.022335
4 0.274160 0.760406 0.113445 0.022335
4 0.250525 0.444670 0.113445 0.022335
5 0.053309 0.824873 0.024685 0.047716
5 0.012868 0.662437 0.006828 0.013198
5 0.408088 0.756345 0.040966 0.034518
5 0.372111 0.838071 0.006828 0.013198
6 0.666492 0.396954 0.010504 0.020305
6 0.367647 0.012183 0.010504 0.020305
6 0.117647 0.511675 0.010504 0.020305
6 0.835084 0.867005 0.010504 0.020305
6 0.544118 0.219289 0.010504 0.020305
7 0.375525 0.169543 0.297269 0.032487
7 0.487395 0.787817 0.260504 0.162437
7 0.700105 0.341117 0.314076 0.113706
10 0.617122 0.425381 0.092437 0.038579
12 0.591387 0.634518 0.046218 0.042640
12 0.774422 0.660406 0.231618 0.049746
12 0.215336 0.459898 0.008403 0.016244
13 0.831933 0.767513 0.008403 0.016244
13 0.866597 0.052792 0.012605 0.024365
13 0.532563 0.772589 0.087185 0.050761
13 0.655200 0.586802 0.039391 0.036548
14 0.322479 0.579695 0.021008 0.040609
14 0.825105 0.498477 0.025210 0.048731
