0 0.560399 0.418274 0.126050 0.056853
4 0.080074 0.744670 0.080316 0.047716
4 0.068712 0.857360 0.057593 0.047716
4 0.067494 0.782234 0.055155 0.047716
0 0.124245 0.908629 0.066636 0.038579
0 0.089286 0.950254 0.136555 0.018274
0 0.053342 0.908629 0.064666 0.038579
0 0.089286 0.700508 0.136555 0.016244
1 0.288603 0.036041 0.105042 0.043655
4 0.060604 0.819797 0.041377 0.047716
5 0.027574 0.857360 0.024685 0.047716
5 0.027574 0.782234 0.024685 0.047716
5 0.027574 0.819797 0.024685 0.047716
5 0.027574 0.744670 0.024685 0.047716
19 0.719136 0.040609 0.012605 0.028426
20 0.156250 0.564388 0.007878 0.015228
1 0.543510 0.903046 0.073316 0.029442
1 0.513385 0.041624 0.025210 0.048731
1 0.548442 0.041624 0.025210 0.048731
1 0.734437 0.040609 0.043207 0.028426
1 0.478327 0.041624 0.025210 0.048731
1 0.583500 0.041624 0.025210 0.048731
1 0.037306 0.671272 0.032596 0.014213
1 0.527446 0.105980 0.046079 0.014213
1 0.484757 0.105980 0.035361 0.014213
