0 0.496061 0.914364 0.204832 0.171272
18 0.496061 0.330758 0.393908 0.056853
0 0.496061 0.867306 0.189076 0.077157
0 0.496061 0.963095 0.189076 0.073810
0 0.496061 0.429085 0.189076 0.058582
1 0.752101 0.602538 0.086660 0.125888
1 0.547269 0.602538 0.086660 0.125888
1 0.240021 0.602538 0.086660 0.125888
1 0.342437 0.602538 0.086660 0.125888
1 0.649685 0.602538 0.086660 0.125888
1 0.444853 0.602538 0.086660 0.125888
0 0.774004 0.046701 0.058610 0.040609
18 0.668855 0.330758 0.042017 0.044670
1 0.496061 0.046701 0.067227 0.028426
