12 0.462152 0.408122 0.232077 0.050761
2 0.537196 0.482234 0.076049 0.036548
12 0.458849 0.482234 0.068154 0.036548
0 0.968331 0.976650 0.042329 0.046701
0 0.650177 0.408122 0.051536 0.036548
1 0.146759 0.976650 0.077050 0.046701
0 0.935399 0.028934 0.021008 0.040609
0 0.332983 0.408122 0.018908 0.036548
12 0.905819 0.028934 0.022395 0.024365
12 0.588695 0.408122 0.021008 0.024365
12 0.609703 0.408122 0.021008 0.024365
1 0.036572 0.976650 0.052135 0.046701
1 0.085437 0.976650 0.045595 0.046701
1 0.972426 0.028934 0.044643 0.040609
1 0.891454 0.976650 0.039867 0.046701
1 0.929277 0.976650 0.035780 0.046701
1 0.023265 0.030457 0.024472 0.026396
1 0.052168 0.030457 0.022830 0.026396
1 0.590406 0.557868 0.033884 0.015228
1 0.877827 0.028934 0.017833 0.024365
1 0.538767 0.557868 0.022568 0.015228
1 0.474458 0.557868 0.021837 0.015228
2 0.799107 0.662944 0.157038 0.048731
2 0.644433 0.487817 0.510504 0.025381
3 0.668330 0.406599 0.083508 0.043655
3 0.512868 0.198477 0.083508 0.043655
3 0.669643 0.963959 0.132353 0.035533
3 0.440389 0.877665 0.083508 0.043655
5 0.836922 0.931472 0.006828 0.013198
5 0.530725 0.347716 0.006828 0.013198
6 0.686187 0.744670 0.006828 0.013198
6 0.619223 0.371574 0.010504 0.020305
6 0.814338 0.546701 0.006828 0.013198
6 0.140756 0.548223 0.010504 0.020305
6 0.801208 0.121320 0.006828 0.013198
7 0.767332 0.134010 0.260504 0.162437
7 0.356092 0.163452 0.327731 0.030457
7 0.288340 0.506599 0.423319 0.097462
10 0.830357 0.630964 0.057773 0.049746
10 0.519695 0.784264 0.044643 0.049746
10 0.622374 0.658376 0.086134 0.051777
10 0.732405 0.956853 0.044643 0.049746
10 0.724265 0.903046 0.024160 0.047716
12 0.739758 0.887310 0.122374 0.032487
12 0.085609 0.863959 0.012605 0.024365
12 0.181723 0.328934 0.068277 0.036548
12 0.652836 0.578680 0.168067 0.034518
12 0.254202 0.680203 0.105042 0.032487
13 0.665704 0.960406 0.022584 0.034518
13 0.935399 0.489340 0.021008 0.040609
13 0.113445 0.504569 0.051471 0.048731
13 0.022584 0.976650 0.014706 0.028426
14 0.359244 0.791371 0.012605 0.023350
14 0.653361 0.572081 0.057773 0.045685
14 0.324842 0.957868 0.006828 0.013198
14 0.285977 0.969036 0.007878 0.015228
14 0.363708 0.862437 0.020483 0.039594
14 0.110294 0.828426 0.008403 0.016244
