12 0.462152 0.408122 0.232077 0.050761
2 0.537196 0.482234 0.076049 0.036548
12 0.458849 0.482234 0.068154 0.036548
0 0.968331 0.976650 0.042329 0.046701
0 0.650177 0.408122 0.051536 0.036548
1 0.146759 0.976650 0.077050 0.046701
0 0.935399 0.028934 0.021008 0.040609
0 0.332983 0.408122 0.018908 0.036548
12 0.905819 0.028934 0.022395 0.024365
12 0.588695 0.408122 0.021008 0.024365
12 0.609703 0.408122 0.021008 0.024365
1 0.036572 0.976650 0.052135 0.046701
1 0.085437 0.976650 0.045595 0.046701
1 0.972426 0.028934 0.044643 0.040609
1 0.891454 0.976650 0.039867 0.046701
1 0.929277 0.976650 0.035780 0.046701
1 0.023265 0.030457 0.024472 0.026396
1 0.052168 0.030457 0.022830 0.026396
1 0.590406 0.557868 0.033884 0.015228
1 0.877827 0.028934 0.017833 0.024365
1 0.538767 0.557868 0.022568 0.015228
1 0.474458 0.557868 0.021837 0.015228
2 0.321954 0.585787 0.074580 0.036548
2 0.571954 0.668528 0.236345 0.055838
2 0.772321 0.580203 0.118172 0.041624
3 0.721376 0.847208 0.115021 0.021320
4 0.275210 0.735025 0.015756 0.018274
4 0.682248 0.424365 0.113445 0.026396
4 0.777836 0.666497 0.057773 0.047716
5 0.594275 0.463452 0.006828 0.013198
5 0.356355 0.543147 0.042542 0.034518
5 0.429622 0.606091 0.039916 0.034518
6 0.340861 0.725888 0.010504 0.020305
6 0.964811 0.910660 0.010504 0.020305
6 0.101891 0.350254 0.010504 0.020305
7 0.495798 0.692386 0.260504 0.162437
10 0.326681 0.345178 0.092437 0.038579
10 0.886292 0.710152 0.044643 0.049746
10 0.148634 0.127919 0.192227 0.026396
10 0.169118 0.669543 0.071429 0.063959
12 0.155987 0.762437 0.022059 0.024365
12 0.649160 0.715736 0.010504 0.020305
14 0.200105 0.072081 0.012605 0.024365
14 0.912553 0.721320 0.007878 0.015228
14 0.879202 0.515736 0.078782 0.038579
14 0.394433 0.267513 0.012605 0.023350
