0 0.007878 0.058883 0.005252 0.010152
3 0.667017 0.800000 0.105042 0.032487
3 0.027836 0.427411 0.006303 0.020305
3 0.725053 0.674112 0.027836 0.012183
3 0.678571 0.373096 0.065126 0.031472
3 0.251838 0.209645 0.183298 0.043655
4 0.238971 0.241117 0.130252 0.011168
4 0.935924 0.205584 0.042017 0.019289
5 0.441964 0.635025 0.006828 0.013198
5 0.229779 0.859391 0.006828 0.013198
5 0.136029 0.676142 0.016807 0.034518
6 0.608193 0.026396 0.010504 0.020305
6 0.418592 0.184772 0.010504 0.020305
6 0.958508 0.052792 0.010504 0.020305
7 0.171218 0.870051 0.314076 0.113706
7 0.507878 0.664467 0.747899 0.001015
7 0.426471 0.020812 0.747899 0.001015
7 0.357668 0.892386 0.423319 0.097462
10 0.290966 0.835533 0.019958 0.038579
10 0.196429 0.961421 0.022059 0.042640
13 0.439076 0.691878 0.050420 0.031472
13 0.791229 0.463959 0.054097 0.048731
13 0.168855 0.287310 0.039391 0.036548
13 0.761029 0.848731 0.012605 0.024365
14 0.621061 0.479188 0.007878 0.020305
14 0.398634 0.262944 0.015756 0.030457
14 0.508666 0.833503 0.007878 0.020305
14 0.800158 0.679695 0.020483 0.039594
