1 0.496061 0.361675 0.680672 0.370051
9 0.666229 0.361675 0.340336 0.370051
1 0.727153 0.833249 0.218487 0.333503
1 0.264968 0.833249 0.218487 0.333503
1 0.496061 0.833249 0.218487 0.333503
1 0.924501 0.361675 0.150998 0.370051
9 0.264968 0.785279 0.218487 0.237563
9 0.496061 0.785279 0.218487 0.237563
9 0.727153 0.785279 0.218487 0.237563
1 0.924501 0.833249 0.150998 0.333503
9 0.924501 0.785279 0.150998 0.237563
1 0.279674 0.481726 0.214286 0.064975
1 0.932904 0.481726 0.134191 0.064975
0 0.433036 0.471574 0.092437 0.036548
1 0.058696 0.032487 0.087981 0.064975
0 0.727153 0.785279 0.037815 0.073096
0 0.264968 0.785279 0.037815 0.073096
0 0.496061 0.785279 0.037815 0.073096
0 0.130863 0.032487 0.041648 0.064975
0 0.205878 0.032487 0.038365 0.064975
0 0.169192 0.032487 0.035009 0.064975
9 0.189338 0.481726 0.033613 0.064975
9 0.882616 0.481726 0.033613 0.064975
9 0.172532 0.952792 0.033613 0.064975
9 0.403624 0.952792 0.033613 0.064975
9 0.634716 0.952792 0.033613 0.064975
9 0.865809 0.952792 0.033613 0.064975
0 0.241092 0.032487 0.032062 0.064975
0 0.949055 0.032487 0.025210 0.048731
11 0.974265 0.032487 0.025210 0.048731
12 0.923845 0.032487 0.025210 0.048731
9 0.974265 0.032487 0.016807 0.032487
9 0.963736 0.494924 0.008403 0.016244
9 0.317982 0.494924 0.008403 0.016244
1 0.435941 0.105584 0.078765 0.032487
1 0.579307 0.105584 0.072594 0.032487
1 0.188181 0.105584 0.064913 0.032487
2 0.309349 0.102538 0.493697 0.022335
2 0.513655 0.426396 0.201681 0.036548
3 0.529937 0.244670 0.105042 0.032487
3 0.897059 0.171066 0.085084 0.059898
3 0.691702 0.975635 0.057773 0.024365
4 0.053834 0.304569 0.094013 0.024365
4 0.786239 0.360406 0.113445 0.026396
4 0.993435 0.947716 0.000525 0.001015
4 0.547269 0.358376 0.113445 0.022335
5 0.814338 0.917259 0.006828 0.013198
6 0.610294 0.587817 0.010504 0.020305
7 0.747899 0.483249 0.327731 0.030457
7 0.477941 0.669036 0.260504 0.162437
10 0.935399 0.206091 0.019958 0.026396
10 0.103992 0.190863 0.019958 0.026396
10 0.649685 0.787817 0.023109 0.044670
12 0.642332 0.809137 0.008403 0.016244
13 0.466912 0.345685 0.023109 0.043655
13 0.446954 0.455330 0.714286 0.090355
13 0.079832 0.260914 0.059874 0.042640
13 0.932248 0.274112 0.051471 0.048731
14 0.499475 0.724873 0.097689 0.054822
14 0.875525 0.938071 0.022059 0.042640
14 0.196429 0.837056 0.008403 0.017259
14 0.021534 0.943147 0.025210 0.048731
