12 0.489233 0.408122 0.234769 0.050761
2 0.537196 0.482234 0.076049 0.036548
12 0.458849 0.482234 0.068154 0.036548
0 0.968331 0.976650 0.042329 0.046701
1 0.146759 0.976650 0.077050 0.046701
0 0.935399 0.028934 0.021008 0.040609
12 0.905819 0.028934 0.022395 0.024365
12 0.617122 0.408122 0.021008 0.024365
12 0.638130 0.408122 0.021008 0.024365
1 0.036572 0.976650 0.052135 0.046701
1 0.085437 0.976650 0.045595 0.046701
1 0.972426 0.028934 0.044643 0.040609
1 0.891454 0.976650 0.039867 0.046701
1 0.929277 0.976650 0.035780 0.046701
1 0.023265 0.030457 0.024472 0.026396
1 0.052168 0.030457 0.022830 0.026396
1 0.590406 0.557868 0.033884 0.015228
1 0.877827 0.028934 0.017833 0.024365
1 0.538767 0.557868 0.022568 0.015228
1 0.474458 0.557868 0.021837 0.015228
2 0.860294 0.669543 0.236345 0.055838
2 0.764706 0.119797 0.239496 0.052792
3 0.528361 0.179695 0.105042 0.032487
3 0.159139 0.520812 0.105042 0.032487
4 0.364758 0.174619 0.094013 0.024365
4 0.645746 0.144670 0.000525 0.001015
5 0.895221 0.142640 0.006828 0.013198
6 0.033613 0.323858 0.010504 0.020305
6 0.098739 0.433503 0.010504 0.020305
6 0.502363 0.569036 0.006828 0.013198
7 0.347164 0.180711 0.314076 0.113706
7 0.534664 0.726904 0.297269 0.032487
10 0.269958 0.634518 0.022059 0.042640
10 0.199055 0.954315 0.019958 0.038579
12 0.456145 0.413198 0.039391 0.032487
12 0.660189 0.228934 0.021008 0.023350
13 0.530987 0.913706 0.040966 0.042640
13 0.913078 0.012183 0.032038 0.014213
13 0.446429 0.250761 0.040966 0.042640
14 0.148109 0.876142 0.025210 0.048731
14 0.393908 0.805076 0.025210 0.048731
14 0.038866 0.230964 0.007353 0.015228
14 0.141807 0.894416 0.023109 0.044670
