2 0.633403 0.409645 0.239496 0.052792
1 0.627318 0.532487 0.229427 0.038579
3 0.279412 0.704061 0.105042 0.032487
0 0.665453 0.614721 0.069878 0.040609
0 0.733599 0.614721 0.041204 0.040609
0 0.536863 0.457360 0.048516 0.018274
1 0.719809 0.704061 0.033630 0.048731
1 0.755917 0.704061 0.030183 0.048731
1 0.685830 0.704061 0.025924 0.048731
2 0.298319 0.957868 0.033613 0.033503
3 0.370273 0.063959 0.006303 0.020305
3 0.658613 0.616751 0.006303 0.013198
3 0.670693 0.624365 0.105042 0.032487
3 0.852941 0.036041 0.006303 0.013198
3 0.784139 0.067513 0.085084 0.059898
3 0.173582 0.060406 0.106618 0.021320
6 0.577731 0.628426 0.010504 0.020305
6 0.600840 0.363452 0.010504 0.020305
6 0.521008 0.246701 0.010504 0.020305
6 0.626050 0.027411 0.010504 0.020305
6 0.576681 0.951269 0.010504 0.020305
7 0.415441 0.880203 0.327731 0.030457
7 0.523109 0.226396 0.314076 0.113706
7 0.313550 0.780711 0.423319 0.097462
7 0.255252 0.576650 0.327731 0.030457
7 0.769433 0.506599 0.260504 0.162437
10 0.779149 0.669543 0.131828 0.254822
10 0.334296 0.964975 0.044643 0.049746
10 0.351891 0.202538 0.086134 0.051777
12 0.710609 0.317766 0.022059 0.024365
12 0.490021 0.305076 0.141807 0.035533
12 0.801996 0.986294 0.021008 0.023350
13 0.555147 0.809137 0.004202 0.004061
13 0.566176 0.328934 0.021008 0.040609
14 0.685137 0.796447 0.038340 0.031472
