12 0.462152 0.408122 0.232077 0.050761
2 0.537196 0.482234 0.076049 0.036548
12 0.458849 0.482234 0.068154 0.036548
0 0.968331 0.976650 0.042329 0.046701
0 0.650177 0.408122 0.051536 0.036548
1 0.146759 0.976650 0.077050 0.046701
0 0.935399 0.028934 0.021008 0.040609
0 0.332983 0.408122 0.018908 0.036548
12 0.905819 0.028934 0.022395 0.024365
12 0.588695 0.408122 0.021008 0.024365
12 0.609703 0.408122 0.021008 0.024365
1 0.036572 0.976650 0.052135 0.046701
1 0.085437 0.976650 0.045595 0.046701
1 0.972426 0.028934 0.044643 0.040609
1 0.891454 0.976650 0.039867 0.046701
1 0.929277 0.976650 0.035780 0.046701
1 0.023265 0.030457 0.024472 0.026396
1 0.052168 0.030457 0.022830 0.026396
1 0.590406 0.557868 0.033884 0.015228
1 0.877827 0.028934 0.017833 0.024365
1 0.538767 0.557868 0.022568 0.015228
1 0.474458 0.557868 0.021837 0.015228
3 0.619223 0.569543 0.057773 0.024365
3 0.715861 0.864975 0.006303 0.020305
4 0.472164 0.375127 0.044118 0.015228
4 0.997637 0.908122 0.000525 0.001015
4 0.609244 0.219289 0.113445 0.026396
4 0.752626 0.786802 0.072479 0.020305
5 0.941964 0.284772 0.006828 0.013198
5 0.548057 0.212690 0.006828 0.013198
5 0.866859 0.324873 0.042542 0.034518
6 0.609244 0.780711 0.010504 0.020305
6 0.925945 0.247716 0.010504 0.020305
6 0.716387 0.986802 0.010504 0.020305
6 0.384979 0.690355 0.010504 0.020305
7 0.718487 0.526904 0.260504 0.162437
7 0.807773 0.246701 0.260504 0.162437
7 0.604517 0.921827 0.314076 0.113706
7 0.661765 0.305584 0.260504 0.162437
10 0.489233 0.431980 0.044643 0.049746
10 0.904412 0.334518 0.024160 0.047716
12 0.685662 0.349239 0.257878 0.048731
12 0.263393 0.173096 0.009979 0.027411
13 0.033613 0.896447 0.004202 0.004061
13 0.719013 0.854315 0.012605 0.023350
13 0.499475 0.499492 0.008403 0.016244
