1 0.381828 0.228093 0.076155 0.017259
2 0.767332 0.317259 0.411765 0.021320
2 0.167805 0.576650 0.023634 0.040609
2 0.869485 0.390355 0.054097 0.021320
2 0.673845 0.412183 0.101891 0.026396
3 0.737395 0.607107 0.105042 0.032487
4 0.285452 0.170051 0.037290 0.035533
4 0.372637 0.594416 0.035189 0.015228
4 0.157300 0.317766 0.094013 0.024365
4 0.103466 0.814213 0.161765 0.024365
4 0.584821 0.934010 0.094013 0.024365
6 0.338235 0.602030 0.010504 0.020305
6 0.670693 0.833503 0.010504 0.020305
6 0.926471 0.212183 0.010504 0.020305
6 0.193277 0.935025 0.010504 0.020305
7 0.361345 0.168528 0.314076 0.113706
7 0.423319 0.872589 0.747899 0.001015
7 0.396534 0.362437 0.314076 0.113706
10 0.849265 0.159391 0.019958 0.026396
10 0.844538 0.459898 0.019958 0.026396
10 0.445378 0.607107 0.022059 0.042640
12 0.653624 0.080711 0.103466 0.047716
12 0.580357 0.663452 0.283613 0.033503
12 0.757878 0.034518 0.011555 0.022335
13 0.603992 0.499492 0.008403 0.016244
13 0.221901 0.431472 0.110819 0.036548
14 0.701155 0.146193 0.025210 0.048731
14 0.528361 0.820305 0.073529 0.052792
14 0.457458 0.943147 0.016807 0.032487
14 0.046481 0.686294 0.027836 0.038579
14 0.510767 0.200000 0.070903 0.038579
