9 0.360032 0.322676 0.484244 0.515403
1 0.701943 0.313023 0.212185 0.251777
1 0.496061 0.902372 0.211134 0.195257
1 0.271271 0.902372 0.211134 0.195257
1 0.720851 0.902372 0.211134 0.195257
9 0.271271 0.949580 0.211134 0.100841
9 0.496061 0.949580 0.211134 0.100841
9 0.720851 0.949580 0.211134 0.100841
11 0.313940 0.032487 0.096056 0.064975
11 0.909426 0.032487 0.115546 0.048731
11 0.400469 0.032487 0.077001 0.064975
11 0.228204 0.032487 0.075417 0.064975
4 0.860819 0.988325 0.195378 0.023350
0 0.947097 0.032487 0.064839 0.047811
11 0.174156 0.032487 0.032678 0.064975
11 0.453544 0.032487 0.029149 0.064975
12 0.864258 0.032487 0.025210 0.048731
1 0.225024 0.764134 0.080825 0.048731
12 0.893670 0.032487 0.025210 0.048731
12 0.834846 0.032487 0.025210 0.048731
14 0.959559 0.979695 0.023109 0.040609
1 0.098604 0.032487 0.068006 0.048731
1 0.612223 0.145511 0.032744 0.048731
1 0.646796 0.764134 0.025210 0.048731
1 0.422006 0.764134 0.025210 0.048731
1 0.795431 0.487643 0.025210 0.048731
2 0.140756 0.263959 0.168067 0.036548
2 0.551733 0.227919 0.131828 0.031472
2 0.621849 0.272589 0.510504 0.025381
2 0.227416 0.441117 0.236345 0.055838
3 0.508929 0.565482 0.006303 0.020305
3 0.134979 0.171066 0.037815 0.047716
3 0.555410 0.780203 0.115021 0.021320
3 0.907826 0.529442 0.115021 0.021320
3 0.769958 0.549239 0.105042 0.032487
3 0.224527 0.973096 0.083508 0.043655
4 0.257353 0.090355 0.113445 0.026396
6 0.019958 0.876142 0.010504 0.020305
6 0.178571 0.674112 0.010504 0.020305
6 0.103992 0.922843 0.010504 0.020305
6 0.533613 0.939086 0.010504 0.020305
7 0.763655 0.638579 0.260504 0.162437
7 0.359769 0.120812 0.327731 0.030457
7 0.371849 0.286294 0.327731 0.030457
7 0.688550 0.516751 0.260504 0.162437
7 0.348214 0.610152 0.327731 0.030457
10 0.597164 0.372589 0.019958 0.038579
10 0.795168 0.872081 0.010504 0.020305
10 0.571429 0.841117 0.086134 0.051777
10 0.812763 0.738579 0.053046 0.049746
10 0.674632 0.479695 0.044643 0.049746
10 0.261029 0.801015 0.019958 0.026396
10 0.544643 0.354315 0.173319 0.227411
12 0.956408 0.856345 0.031513 0.003046
12 0.590336 0.263452 0.021008 0.023350
13 0.957458 0.147716 0.029412 0.057868
13 0.919118 0.549239 0.014706 0.028426
13 0.211134 0.604569 0.042017 0.080203
13 0.742910 0.351269 0.020483 0.040609
13 0.466124 0.053807 0.054097 0.048731
14 0.367384 0.244162 0.006828 0.013198
14 0.628151 0.804061 0.025210 0.048731
