1 0.293067 0.283471 0.173319 0.445114
1 0.500000 0.283471 0.173319 0.445114
1 0.706933 0.283471 0.173319 0.445114
9 0.293067 0.257868 0.138655 0.268020
9 0.500000 0.257868 0.138655 0.268020
9 0.706933 0.257868 0.138655 0.268020
0 0.730563 0.532424 0.117655 0.036548
0 0.319270 0.532424 0.112510 0.036548
0 0.527430 0.532424 0.110056 0.036548
1 0.730563 0.531916 0.100849 0.017259
1 0.319270 0.531916 0.095703 0.017259
1 0.527430 0.531916 0.093249 0.017259
1 0.084871 0.784201 0.024110 0.016244
1 0.115341 0.784201 0.020024 0.016244
2 0.134716 0.457868 0.076155 0.036548
3 0.586660 0.856853 0.105042 0.032487
3 0.143382 0.357868 0.085084 0.059898
3 0.496586 0.077665 0.083508 0.043655
3 0.405462 0.562944 0.065126 0.031472
4 0.489233 0.606091 0.032038 0.024365
4 0.122899 0.401015 0.113445 0.026396
4 0.146534 0.194924 0.015756 0.018274
4 0.429359 0.333503 0.309349 0.039594
4 0.137080 0.228426 0.113445 0.022335
6 0.268908 0.623350 0.010504 0.020305
7 0.514706 0.334010 0.327731 0.030457
7 0.632353 0.645685 0.314076 0.113706
7 0.442227 0.114721 0.314076 0.113706
10 0.859244 0.403046 0.192227 0.026396
12 0.298845 0.783756 0.029412 0.046701
12 0.831408 0.400000 0.059874 0.040609
12 0.345326 0.125381 0.231618 0.049746
13 0.738445 0.857868 0.014706 0.028426
14 0.349002 0.732995 0.009979 0.022335
14 0.990546 0.492386 0.007353 0.014213
14 0.631828 0.063959 0.008403 0.016244
14 0.346639 0.758376 0.007353 0.014213
