12 0.496061 0.174619 0.992122 0.056853
12 0.496061 0.312690 0.273109 0.048731
1 0.449317 0.564467 0.089286 0.144162
1 0.542805 0.716751 0.089286 0.144162
1 0.355830 0.564467 0.089286 0.144162
1 0.449317 0.716751 0.089286 0.144162
1 0.542805 0.869036 0.089286 0.144162
1 0.355830 0.716751 0.089286 0.144162
1 0.636292 0.716751 0.089286 0.144162
1 0.355830 0.869036 0.089286 0.144162
1 0.449317 0.869036 0.089286 0.144162
1 0.636292 0.869036 0.089286 0.144162
1 0.542805 0.564467 0.089286 0.144162
1 0.636292 0.564467 0.089286 0.144162
9 0.355830 0.552284 0.033613 0.064975
9 0.449317 0.552284 0.033613 0.064975
9 0.542805 0.552284 0.033613 0.064975
9 0.636292 0.552284 0.033613 0.064975
9 0.355830 0.704569 0.033613 0.064975
9 0.449317 0.704569 0.033613 0.064975
9 0.542805 0.704569 0.033613 0.064975
9 0.636292 0.704569 0.033613 0.064975
9 0.355830 0.856853 0.033613 0.064975
9 0.449317 0.856853 0.033613 0.064975
9 0.542805 0.856853 0.033613 0.064975
9 0.636292 0.856853 0.033613 0.064975
11 0.018908 0.032487 0.025210 0.048731
12 0.384716 0.312690 0.025210 0.048731
0 0.920168 0.033074 0.021008 0.040609
12 0.496061 0.174619 0.021008 0.040609
9 0.355830 0.988325 0.033613 0.023350
9 0.449317 0.988325 0.033613 0.023350
9 0.542805 0.988325 0.033613 0.023350
9 0.636292 0.988325 0.033613 0.023350
12 0.384716 0.312690 0.012605 0.048731
2 0.515231 0.137563 0.149160 0.021320
2 0.749475 0.716751 0.113445 0.044670
2 0.733981 0.593909 0.023634 0.040609
3 0.826681 0.640102 0.085084 0.059898
3 0.339023 0.979695 0.027836 0.012183
3 0.765756 0.227411 0.006303 0.020305
4 0.534664 0.690863 0.051471 0.019289
4 0.036502 0.378173 0.000525 0.001015
4 0.215074 0.418274 0.094013 0.024365
5 0.209296 0.364975 0.006828 0.013198
5 0.077206 0.062944 0.012605 0.024365
5 0.037027 0.880711 0.006828 0.013198
6 0.922794 0.844670 0.010504 0.020305
6 0.276261 0.414213 0.010504 0.020305
7 0.357668 0.901523 0.314076 0.113706
7 0.683824 0.497462 0.297269 0.032487
7 0.639181 0.862944 0.423319 0.097462
7 0.511555 0.482234 0.327731 0.030457
7 0.291492 0.863959 0.297269 0.032487
10 0.361345 0.787817 0.019958 0.026396
10 0.787027 0.463452 0.053046 0.049746
12 0.718487 0.338579 0.021008 0.023350
13 0.816176 0.604061 0.015756 0.030457
14 0.940389 0.741117 0.014181 0.028426
14 0.201681 0.015228 0.008403 0.016244
14 0.938813 0.824873 0.007878 0.021320
14 0.179622 0.265990 0.006303 0.012183
14 0.454832 0.105584 0.015756 0.018274
