1 0.500000 0.293401 0.323529 0.121827
9 0.500000 0.289848 0.115546 0.114721
2 0.533876 0.791371 0.228466 0.033503
2 0.144695 0.870558 0.131828 0.031472
2 0.701943 0.613198 0.076155 0.036548
3 0.407038 0.787310 0.085084 0.059898
3 0.265231 0.609137 0.006303 0.020305
3 0.325105 0.453299 0.065126 0.031472
3 0.614233 0.857360 0.183298 0.043655
4 0.473214 0.436548 0.113445 0.026396
4 0.198529 0.919797 0.113445 0.026396
5 0.441439 0.193401 0.006828 0.013198
5 0.273109 0.351269 0.012605 0.024365
5 0.762080 0.801015 0.012605 0.024365
6 0.625000 0.400000 0.010504 0.020305
6 0.007878 0.387817 0.010504 0.020305
6 0.254727 0.023350 0.010504 0.020305
7 0.296744 0.794924 0.297269 0.032487
7 0.577206 0.091371 0.327731 0.030457
10 0.861607 0.647716 0.131828 0.184772
10 0.389443 0.143655 0.131828 0.254822
13 0.145221 0.398985 0.012080 0.022335
13 0.533088 0.864975 0.021008 0.040609
14 0.601891 0.951269 0.009454 0.018274
14 0.493697 0.028426 0.023109 0.044670
14 0.243697 0.964467 0.023109 0.044670
