1 0.459062 0.621320 0.043387 0.184772
1 0.459062 0.806091 0.043387 0.184772
1 0.422462 0.447716 0.066218 0.111675
1 0.239808 0.157360 0.066029 0.111675
1 0.526979 0.604061 0.044126 0.162437
1 0.459062 0.447716 0.043387 0.162437
1 0.308581 0.434518 0.046227 0.148223
0 0.228237 0.425381 0.071494 0.048731
1 0.308581 0.575635 0.046227 0.134010
1 0.240809 0.434518 0.040999 0.148223
1 0.331088 0.302538 0.068212 0.089340
1 0.331088 0.391878 0.068212 0.089340
1 0.331088 0.481218 0.068212 0.089340
0 0.880814 0.032487 0.065709 0.040609
0 0.805237 0.032487 0.068638 0.038579
0 0.950794 0.032487 0.057445 0.038579
0 0.467306 0.115736 0.050945 0.040609
0 0.964286 0.947208 0.029412 0.056853
0 0.323640 0.032487 0.023725 0.044670
0 0.805237 0.032487 0.051832 0.022335
14 0.130113 0.114721 0.025210 0.048731
14 0.179802 0.114721 0.025210 0.048731
14 0.232520 0.114721 0.025210 0.048731
14 0.355436 0.114721 0.025210 0.048731
0 0.228237 0.425381 0.046284 0.024365
0 0.880814 0.032487 0.047852 0.022335
0 0.950794 0.032487 0.040638 0.022335
0 0.467306 0.115736 0.033088 0.022335
0 0.289481 0.032487 0.006778 0.044670
9 0.395656 0.113706 0.012605 0.024365
9 0.395656 0.180711 0.012605 0.024365
9 0.213096 0.493401 0.012605 0.024365
9 0.395656 0.404061 0.012605 0.024365
9 0.303284 0.203046 0.012605 0.024365
9 0.303284 0.270051 0.012605 0.024365
9 0.213096 0.113706 0.012605 0.024365
9 0.213096 0.225381 0.012605 0.024365
9 0.213096 0.582741 0.012605 0.024365
9 0.303284 0.359391 0.012605 0.024365
9 0.303284 0.448731 0.012605 0.024365
9 0.213096 0.314721 0.012605 0.024365
9 0.213096 0.404061 0.012605 0.024365
9 0.303284 0.113706 0.012605 0.024365
9 0.395656 0.270051 0.012605 0.024365
9 0.395656 0.337056 0.012605 0.024365
14 0.965861 0.944162 0.009454 0.018274
2 0.259454 0.936041 0.163866 0.036548
2 0.481880 0.894924 0.037290 0.027411
2 0.828256 0.172081 0.236345 0.055838
2 0.030462 0.242640 0.005252 0.040609
2 0.637605 0.072589 0.271008 0.039594
3 0.596639 0.508122 0.085084 0.059898
3 0.884454 0.949239 0.006303 0.020305
4 0.638130 0.890355 0.113445 0.026396
4 0.231355 0.121827 0.094013 0.024365
5 0.123162 0.443655 0.055147 0.034518
5 0.071166 0.897970 0.024685 0.047716
7 0.318803 0.702538 0.297269 0.032487
7 0.186450 0.711675 0.314076 0.113706
7 0.442752 0.113706 0.327731 0.030457
7 0.716912 0.911675 0.260504 0.162437
7 0.301471 0.292386 0.423319 0.097462
7 0.554097 0.767513 0.314076 0.113706
7 0.809874 0.610152 0.297269 0.032487
10 0.587185 0.650254 0.071429 0.063959
10 0.547794 0.929949 0.010504 0.020305
12 0.856618 0.620305 0.035714 0.026396
13 0.598214 0.197462 0.714286 0.090355
14 0.967700 0.120812 0.005777 0.010152
14 0.142332 0.482234 0.105042 0.040609
14 0.036239 0.783756 0.025210 0.048731
