1 0.381828 0.228093 0.076155 0.017259
2 0.460084 0.013198 0.493697 0.022335
3 0.519695 0.059391 0.115021 0.021320
3 0.134716 0.844162 0.106618 0.021320
3 0.930147 0.302030 0.132353 0.035533
4 0.596639 0.855330 0.042017 0.019289
4 0.644433 0.445685 0.113445 0.026396
5 0.025735 0.538071 0.016807 0.034518
5 0.953782 0.778680 0.039916 0.034518
6 0.859769 0.807107 0.010504 0.020305
6 0.693277 0.828426 0.010504 0.020305
6 0.334559 0.809137 0.010504 0.020305
10 0.657038 0.711675 0.023109 0.044670
10 0.064601 0.528934 0.019958 0.026396
10 0.670168 0.240609 0.092437 0.038579
12 0.644958 0.764467 0.141807 0.154315
12 0.605567 0.320812 0.023109 0.044670
13 0.868172 0.141117 0.059874 0.042640
13 0.926996 0.257868 0.014706 0.028426
14 0.424370 0.594924 0.012605 0.024365
