9 0.273109 0.041117 0.060924 0.041624
1 0.290921 0.334549 0.041631 0.012183
1 0.252491 0.334549 0.018637 0.012183
2 0.069590 0.323350 0.037290 0.027411
2 0.719800 0.865482 0.228466 0.033503
2 0.597164 0.080711 0.271008 0.039594
2 0.186975 0.886294 0.105042 0.046701
3 0.515231 0.762437 0.105042 0.032487
3 0.504464 0.480711 0.106618 0.021320
3 0.516544 0.692893 0.183298 0.043655
3 0.447742 0.877665 0.183298 0.043655
3 0.250525 0.488832 0.132353 0.035533
4 0.235294 0.587817 0.113445 0.026396
4 0.823004 0.326904 0.260504 0.022335
4 0.426471 0.235533 0.088235 0.044670
5 0.635767 0.514213 0.006828 0.013198
5 0.290966 0.659898 0.012605 0.024365
6 0.808561 0.657360 0.006828 0.013198
6 0.635504 0.397970 0.010504 0.020305
6 0.028099 0.476650 0.006828 0.013198
6 0.782563 0.010152 0.010504 0.020305
6 0.548845 0.902538 0.010504 0.020305
6 0.592437 0.461929 0.010504 0.020305
7 0.481092 0.904569 0.314076 0.113706
7 0.374475 0.435025 0.747899 0.001015
10 0.831145 0.539594 0.053046 0.049746
12 0.396008 0.792893 0.010504 0.020305
13 0.522847 0.894416 0.158088 0.030457
13 0.943803 0.036548 0.014706 0.028426
13 0.190651 0.061929 0.016807 0.032487
14 0.635504 0.037563 0.097689 0.054822
14 0.720063 0.752284 0.009454 0.018274
14 0.114758 0.596954 0.007878 0.020305
