12 0.462152 0.408122 0.232077 0.050761
2 0.537196 0.482234 0.076049 0.036548
12 0.458849 0.482234 0.068154 0.036548
0 0.968331 0.976650 0.042329 0.046701
0 0.650177 0.408122 0.051536 0.036548
1 0.146759 0.976650 0.077050 0.046701
0 0.935399 0.028934 0.021008 0.040609
0 0.332983 0.408122 0.018908 0.036548
12 0.905819 0.028934 0.022395 0.024365
12 0.588695 0.408122 0.021008 0.024365
12 0.609703 0.408122 0.021008 0.024365
1 0.036572 0.976650 0.052135 0.046701
1 0.085437 0.976650 0.045595 0.046701
1 0.972426 0.028934 0.044643 0.040609
1 0.891454 0.976650 0.039867 0.046701
1 0.929277 0.976650 0.035780 0.046701
1 0.023265 0.030457 0.024472 0.026396
1 0.052168 0.030457 0.022830 0.026396
1 0.590406 0.557868 0.033884 0.015228
1 0.877827 0.028934 0.017833 0.024365
1 0.538767 0.557868 0.022568 0.015228
1 0.474458 0.557868 0.021837 0.015228
2 0.385767 0.852792 0.192752 0.056853
3 0.106618 0.107107 0.132353 0.035533
3 0.457458 0.236041 0.132353 0.035533
3 0.515494 0.340609 0.183298 0.043655
3 0.108456 0.344162 0.027836 0.012183
3 0.348214 0.486802 0.065126 0.031472
4 0.171218 0.346701 0.111345 0.015228
5 0.896008 0.352284 0.012605 0.024365
6 0.220851 0.117259 0.006828 0.013198
6 0.236082 0.763959 0.006828 0.013198
6 0.191702 0.389848 0.010504 0.020305
7 0.814601 0.937056 0.297269 0.032487
10 0.276786 0.869036 0.092437 0.038579
10 0.517069 0.586802 0.131828 0.184772
10 0.809086 0.904061 0.053046 0.049746
10 0.578782 0.129442 0.029412 0.057868
10 0.351891 0.842640 0.192227 0.026396
12 0.582458 0.481218 0.248950 0.032487
12 0.935137 0.342640 0.039391 0.027411
12 0.055147 0.028426 0.012605 0.024365
12 0.672794 0.286294 0.010504 0.020305
13 0.918067 0.170558 0.015756 0.030457
13 0.782300 0.922843 0.065651 0.048731
13 0.707721 0.840609 0.032038 0.014213
14 0.156513 0.313706 0.078782 0.038579
14 0.840336 0.847716 0.025210 0.048731
14 0.238708 0.056853 0.290441 0.040609
14 0.839286 0.376650 0.009454 0.018274
