9 0.496061 0.410152 0.756303 0.688325
9 0.616855 0.410065 0.514698 0.688150
0 0.893830 0.032487 0.170324 0.048731
0 0.854111 0.032487 0.090886 0.048731
0 0.942424 0.032487 0.073136 0.048731
0 0.696174 0.841624 0.073136 0.048731
9 0.201681 0.194924 0.091912 0.028426
12 0.419696 0.841624 0.049952 0.048731
0 0.858456 0.723858 0.031513 0.060914
1 0.054097 0.032487 0.090336 0.040609
1 0.520434 0.841624 0.058561 0.048731
0 0.983193 0.792893 0.004202 0.012183
1 0.365714 0.841624 0.049608 0.048731
1 0.627314 0.841624 0.047778 0.048731
1 0.202206 0.032487 0.055656 0.037563
1 0.576570 0.841624 0.045308 0.048731
1 0.467913 0.841624 0.038078 0.048731
1 0.141023 0.032487 0.041500 0.037563
3 0.583771 0.902030 0.183298 0.043655
3 0.032563 0.917766 0.057773 0.024365
3 0.429097 0.959898 0.111345 0.025381
3 0.863708 0.250254 0.183298 0.043655
3 0.131303 0.877157 0.105042 0.032487
4 0.940651 0.115736 0.025210 0.048731
4 0.100840 0.410660 0.123950 0.096447
4 0.788866 0.582741 0.113445 0.026396
5 0.231355 0.707107 0.006828 0.013198
5 0.844538 0.782741 0.012605 0.024365
5 0.268908 0.020305 0.012605 0.024365
6 0.932248 0.646701 0.010504 0.020305
6 0.470588 0.526904 0.010504 0.020305
6 0.223214 0.638579 0.010504 0.020305
7 0.611870 0.723858 0.260504 0.162437
7 0.705357 0.316751 0.327731 0.030457
7 0.306723 0.154315 0.314076 0.113706
7 0.763655 0.622335 0.327731 0.030457
10 0.145483 0.797970 0.023109 0.044670
10 0.353729 0.170051 0.044643 0.049746
10 0.728992 0.460914 0.023109 0.044670
10 0.674107 0.266497 0.044643 0.049746
12 0.612395 0.436041 0.204832 0.025381
12 0.808298 0.917766 0.038866 0.040609
12 0.402574 0.686802 0.039391 0.027411
12 0.064601 0.805076 0.068277 0.036548
12 0.791492 0.123858 0.016807 0.032487
12 0.540966 0.863959 0.210084 0.040609
13 0.532563 0.463959 0.021008 0.040609
13 0.525210 0.737056 0.021008 0.040609
13 0.162290 0.553299 0.113445 0.048731
14 0.513655 0.642640 0.494748 0.290355
14 0.436712 0.919289 0.017332 0.031472
