12 0.462673 0.408122 0.233119 0.050761
2 0.536576 0.482234 0.074842 0.036548
12 0.459452 0.482234 0.066915 0.036548
0 0.968331 0.976650 0.042329 0.046701
0 0.650698 0.408122 0.050494 0.036548
1 0.146759 0.976650 0.077050 0.046701
0 0.935399 0.028934 0.021008 0.040609
0 0.332983 0.408122 0.018908 0.036548
12 0.905819 0.028934 0.022395 0.024365
12 0.589737 0.408122 0.021008 0.024365
12 0.610745 0.408122 0.021008 0.024365
1 0.036572 0.976650 0.052135 0.046701
1 0.085437 0.976650 0.045595 0.046701
1 0.972426 0.028934 0.044643 0.040609
1 0.891454 0.976650 0.039867 0.046701
1 0.929277 0.976650 0.035780 0.046701
1 0.023265 0.030457 0.024472 0.026396
1 0.052168 0.030457 0.022830 0.026396
1 0.590406 0.557868 0.033884 0.015228
1 0.877827 0.028934 0.017833 0.024365
1 0.538767 0.557868 0.022568 0.015228
1 0.474458 0.557868 0.021837 0.015228
2 0.302521 0.499492 0.144958 0.036548
2 0.445641 0.079188 0.076155 0.036548
2 0.037027 0.545178 0.054097 0.050761
2 0.576943 0.299492 0.023634 0.040609
4 0.342962 0.483249 0.015756 0.018274
4 0.335084 0.035533 0.113445 0.022335
4 0.614496 0.784772 0.130252 0.012183
4 0.294905 0.467005 0.094013 0.024365
4 0.898897 0.695431 0.032038 0.024365
4 0.622899 0.109137 0.047269 0.035533
5 0.610557 0.120305 0.006828 0.013198
5 0.638393 0.041117 0.046744 0.015228
6 0.530725 0.309137 0.006828 0.013198
7 0.351891 0.137056 0.423319 0.097462
10 0.492384 0.336548 0.044643 0.049746
10 0.069065 0.076650 0.044643 0.049746
10 0.443803 0.606091 0.019958 0.026396
10 0.802521 0.767513 0.019958 0.026396
10 0.857143 0.581218 0.071429 0.063959
12 0.909139 0.819289 0.046218 0.042640
12 0.969013 0.226904 0.015756 0.035533
13 0.442489 0.647208 0.040441 0.031472
13 0.840599 0.668020 0.110819 0.036548
13 0.144433 0.880203 0.014706 0.028426
13 0.216387 0.824365 0.008403 0.016244
14 0.402836 0.258883 0.105042 0.040609
14 0.303046 0.568528 0.007353 0.014213
14 0.302784 0.549239 0.027836 0.038579
