12 0.462152 0.408122 0.232077 0.050761
2 0.537196 0.482234 0.076049 0.036548
12 0.458849 0.482234 0.068154 0.036548
0 0.968331 0.976650 0.042329 0.046701
0 0.650177 0.408122 0.051536 0.036548
1 0.146759 0.976650 0.077050 0.046701
0 0.935399 0.028934 0.021008 0.040609
0 0.332983 0.408122 0.018908 0.036548
12 0.905819 0.028934 0.022395 0.024365
12 0.588695 0.408122 0.021008 0.024365
12 0.609703 0.408122 0.021008 0.024365
1 0.036572 0.976650 0.052135 0.046701
1 0.085437 0.976650 0.045595 0.046701
1 0.972426 0.028934 0.044643 0.040609
1 0.891454 0.976650 0.039867 0.046701
1 0.929277 0.976650 0.035780 0.046701
1 0.023265 0.030457 0.024472 0.026396
1 0.052168 0.030457 0.022830 0.026396
1 0.590406 0.557868 0.033884 0.015228
1 0.877827 0.028934 0.017833 0.024365
1 0.538767 0.557868 0.022568 0.015228
1 0.474458 0.557868 0.021837 0.015228
2 0.417279 0.960406 0.076155 0.036548
2 0.684874 0.836041 0.241597 0.039594
2 0.171481 0.560406 0.076155 0.036548
2 0.564076 0.956853 0.512605 0.023350
2 0.563813 0.769543 0.076155 0.036548
2 0.202206 0.740102 0.396008 0.054822
3 0.445903 0.604061 0.105042 0.032487
3 0.120273 0.474619 0.037815 0.047716
4 0.170693 0.814213 0.113445 0.022335
4 0.176996 0.536041 0.113445 0.026396
4 0.526261 0.232487 0.113445 0.026396
4 0.622637 0.397462 0.094013 0.023350
5 0.360557 0.578173 0.006828 0.013198
5 0.617384 0.101523 0.050945 0.034518
6 0.790441 0.621320 0.010504 0.020305
6 0.952206 0.335025 0.010504 0.020305
7 0.760504 0.794924 0.297269 0.032487
7 0.647059 0.732995 0.297269 0.032487
7 0.669643 0.188832 0.327731 0.030457
7 0.264706 0.411168 0.327731 0.030457
10 0.607668 0.550254 0.019958 0.026396
10 0.058298 0.759898 0.021008 0.047716
12 0.060399 0.791878 0.012605 0.024365
13 0.858456 0.376650 0.054097 0.048731
13 0.484244 0.542640 0.714286 0.090355
14 0.578782 0.802030 0.007353 0.014213
14 0.880777 0.749239 0.023109 0.044670
14 0.653887 0.900508 0.009454 0.018274
14 0.235294 0.075127 0.006303 0.012183
