12 0.489233 0.408122 0.234769 0.050761
2 0.536576 0.482234 0.074842 0.036548
12 0.459452 0.482234 0.066915 0.036548
0 0.968331 0.976650 0.042329 0.046701
1 0.146759 0.976650 0.077050 0.046701
0 0.935399 0.028934 0.021008 0.040609
12 0.905819 0.028934 0.022395 0.024365
12 0.617122 0.408122 0.021008 0.024365
12 0.638130 0.408122 0.021008 0.024365
1 0.036572 0.976650 0.052135 0.046701
1 0.085437 0.976650 0.045595 0.046701
1 0.972426 0.028934 0.044643 0.040609
1 0.891454 0.976650 0.039867 0.046701
1 0.929277 0.976650 0.035780 0.046701
1 0.023265 0.030457 0.024472 0.026396
1 0.052168 0.030457 0.022830 0.026396
1 0.590406 0.557868 0.033884 0.015228
1 0.877827 0.028934 0.017833 0.024365
1 0.538767 0.557868 0.022568 0.015228
1 0.474458 0.557868 0.021837 0.015228
2 0.155200 0.890355 0.023634 0.040609
2 0.781250 0.019797 0.113971 0.039594
2 0.083771 0.843655 0.076155 0.036548
3 0.470851 0.194416 0.106618 0.021320
3 0.655462 0.551777 0.085084 0.059898
4 0.591912 0.472081 0.113445 0.026396
4 0.743172 0.558376 0.113445 0.026396
4 0.537290 0.263452 0.042017 0.019289
4 0.929097 0.336041 0.069328 0.020305
4 0.560137 0.340609 0.000525 0.001015
4 0.834821 0.765990 0.000525 0.001015
5 0.420431 0.669543 0.006828 0.013198
6 0.436975 0.302538 0.010504 0.020305
7 0.559349 0.858883 0.260504 0.162437
7 0.464286 0.886294 0.260504 0.162437
7 0.339286 0.668020 0.423319 0.097462
10 0.496849 0.777157 0.057773 0.049746
12 0.147059 0.245685 0.016807 0.040609
13 0.351103 0.708629 0.065651 0.048731
13 0.219013 0.131472 0.050420 0.031472
13 0.663866 0.160406 0.014706 0.028426
13 0.779412 0.473096 0.021008 0.040609
13 0.877626 0.165482 0.015756 0.030457
13 0.197479 0.088325 0.010504 0.022335
13 0.240284 0.214213 0.065651 0.048731
14 0.032300 0.336041 0.027836 0.038579
14 0.750788 0.082234 0.017332 0.032487
