9 0.496061 0.571066 0.756303 0.699492
0 0.496057 0.140102 0.554679 0.048731
0 0.496061 0.730647 0.308413 0.050761
0 0.916492 0.930964 0.138655 0.089340
0 0.531291 0.730647 0.120257 0.050761
0 0.803818 0.078173 0.092831 0.042640
11 0.200413 0.024365 0.076951 0.048731
0 0.433832 0.730647 0.066259 0.050761
11 0.087255 0.024365 0.063165 0.048731
11 0.264747 0.024365 0.051717 0.048731
0 0.946388 0.078173 0.057855 0.042640
0 0.724925 0.140102 0.071732 0.032487
0 0.883847 0.078173 0.050420 0.042640
11 0.140387 0.024365 0.043100 0.048731
0 0.802767 0.078173 0.081276 0.024365
0 0.972952 0.855838 0.025735 0.054822
0 0.984244 0.927919 0.031513 0.048731
11 0.970588 0.856853 0.025210 0.048731
0 0.716259 0.140102 0.050199 0.024365
0 0.984244 0.981218 0.031513 0.037563
13 0.967437 0.024365 0.021008 0.040609
9 0.242877 0.140102 0.018908 0.036548
1 0.048287 0.077157 0.067161 0.048731
9 0.027836 0.024826 0.012605 0.024365
1 0.234129 0.077157 0.088038 0.032487
0 0.752388 0.140102 0.012605 0.024365
14 0.970588 0.856853 0.012605 0.024365
0 0.752388 0.140102 0.009454 0.018274
1 0.308824 0.077157 0.061351 0.032487
1 0.137839 0.077157 0.054220 0.032487
1 0.096298 0.077157 0.028862 0.032487
1 0.177529 0.077157 0.025161 0.032487
1 0.027836 0.024365 0.022059 0.032487
2 0.535714 0.549239 0.239496 0.052792
2 0.295431 0.101523 0.157038 0.048731
2 0.165704 0.712690 0.157038 0.036548
3 0.221376 0.851777 0.027836 0.012183
3 0.700630 0.377157 0.085084 0.059898
3 0.941176 0.868528 0.111345 0.025381
3 0.951155 0.042132 0.065126 0.031472
3 0.054622 0.078173 0.006303 0.020305
4 0.460084 0.561421 0.113445 0.026396
4 0.083771 0.653299 0.047794 0.035533
4 0.753676 0.302538 0.113445 0.026396
4 0.142857 0.317766 0.113445 0.026396
4 0.715599 0.636548 0.077206 0.012183
5 0.081670 0.897970 0.006828 0.013198
6 0.798319 0.344162 0.010504 0.020305
7 0.269958 0.519797 0.423319 0.097462
7 0.595588 0.860914 0.314076 0.113706
7 0.421218 0.896954 0.747899 0.001015
10 0.757878 0.554822 0.161765 0.025381
10 0.276523 0.732487 0.131828 0.254822
10 0.491071 0.695939 0.029412 0.057868
12 0.475315 0.684772 0.066176 0.065990
12 0.278887 0.068020 0.248950 0.032487
12 0.789916 0.393401 0.010504 0.021320
13 0.266807 0.683249 0.059874 0.042640
13 0.308824 0.295431 0.015756 0.030457
