1 0.651798 0.866331 0.195928 0.041609
1 0.070501 0.034518 0.119994 0.048731
9 0.527836 0.829822 0.032038 0.061929
9 0.254989 0.516704 0.031513 0.060914
9 0.527574 0.516704 0.031513 0.060914
9 0.254989 0.829315 0.031513 0.060914
1 0.183622 0.086271 0.052956 0.085327
9 0.027311 0.017259 0.038866 0.024365
0 0.920168 0.032043 0.021008 0.040609
1 0.108817 0.076110 0.052537 0.065006
1 0.268407 0.065950 0.072495 0.044686
1 0.350520 0.947510 0.138541 0.017259
1 0.348411 0.610549 0.134322 0.017259
1 0.959296 0.032487 0.044643 0.040609
1 0.347722 0.065950 0.042017 0.044686
1 0.171186 0.078902 0.061006 0.027855
1 0.554688 0.293893 0.085741 0.017259
1 0.596068 0.600397 0.084469 0.017259
2 0.323004 0.843655 0.074580 0.036548
2 0.318015 0.470051 0.192752 0.056853
2 0.612132 0.814721 0.157038 0.049746
3 0.224265 0.559391 0.105042 0.032487
3 0.423845 0.553299 0.006303 0.020305
4 0.169118 0.098477 0.113445 0.026396
5 0.199317 0.760914 0.006828 0.013198
5 0.237132 0.669543 0.006828 0.013198
5 0.043855 0.241624 0.024685 0.048731
5 0.574055 0.534010 0.012605 0.024365
6 0.372374 0.791878 0.010504 0.020305
6 0.472164 0.892386 0.010504 0.020305
6 0.581933 0.127919 0.010504 0.020305
6 0.838761 0.094416 0.010504 0.020305
7 0.475840 0.682234 0.423319 0.097462
7 0.658613 0.640609 0.260504 0.162437
7 0.297269 0.334010 0.423319 0.097462
7 0.525735 0.614213 0.327731 0.030457
10 0.023634 0.944162 0.023109 0.044670
10 0.905200 0.048223 0.044643 0.049746
10 0.829307 0.858376 0.071429 0.063959
12 0.667805 0.689848 0.007878 0.015228
12 0.824580 0.602538 0.100840 0.015228
12 0.681723 0.887310 0.008403 0.016244
12 0.294905 0.890863 0.231618 0.049746
13 0.120798 0.477157 0.015756 0.030457
13 0.510504 0.613198 0.014706 0.028426
14 0.079307 0.407614 0.057773 0.045685
14 0.344013 0.162437 0.009454 0.018274
14 0.605567 0.902030 0.006303 0.013198
