7 0.317489 0.212183 0.297269 0.032487
0 0.197430 0.158376 0.066603 0.048731
0 0.296604 0.099492 0.067440 0.036548
0 0.810034 0.375888 0.044323 0.049239
0 0.364163 0.099492 0.059275 0.036548
0 0.232385 0.099492 0.052595 0.036548
0 0.282395 0.158376 0.036067 0.048731
0 0.564531 0.158376 0.036067 0.048731
1 0.076681 0.034518 0.086134 0.048731
0 0.180906 0.099492 0.041959 0.036548
0 0.247546 0.158376 0.033630 0.048731
0 0.529683 0.158376 0.033630 0.048731
0 0.316792 0.158376 0.032727 0.048731
0 0.598337 0.158376 0.031545 0.048731
0 0.496061 0.158376 0.025210 0.048731
0 0.175158 0.321827 0.025210 0.048731
17 0.018908 0.032487 0.025210 0.048731
0 0.896008 0.032487 0.025210 0.048731
1 0.460872 0.494924 0.037815 0.099492
1 0.531250 0.494924 0.037815 0.099492
0 0.349962 0.158376 0.021008 0.040609
0 0.630917 0.158376 0.021008 0.040609
0 0.920168 0.033074 0.021008 0.040609
0 0.474265 0.319797 0.017332 0.027411
1 0.959296 0.032487 0.044643 0.040609
