1 0.278624 0.510660 0.147059 0.332995
1 0.278624 0.904061 0.147059 0.191878
9 0.278624 0.429442 0.147059 0.170558
9 0.278624 0.893401 0.147059 0.170558
1 0.474700 0.401015 0.219882 0.097462
1 0.474700 0.514721 0.219882 0.097462
1 0.474700 0.628426 0.219882 0.097462
1 0.474700 0.864975 0.219882 0.097462
12 0.485557 0.032487 0.297269 0.046701
1 0.394868 0.709645 0.379546 0.040609
1 0.474700 0.964975 0.219882 0.070051
1 0.698439 0.340102 0.177176 0.081218
1 0.278624 0.582741 0.147059 0.079188
1 0.698439 0.479188 0.177176 0.064975
1 0.698439 0.610152 0.177176 0.064975
9 0.770221 0.331980 0.033613 0.064975
9 0.770221 0.479188 0.033613 0.064975
9 0.770221 0.610152 0.033613 0.064975
12 0.668592 0.035533 0.032038 0.052792
12 0.646796 0.032487 0.029412 0.046701
12 0.322216 0.032487 0.029412 0.046701
0 0.778624 0.252792 0.025210 0.048731
0 0.738708 0.032487 0.025210 0.048731
0 0.713498 0.032487 0.025210 0.048731
0 0.349002 0.531980 0.014706 0.028426
0 0.581490 0.475127 0.014706 0.028426
0 0.581490 0.588832 0.014706 0.028426
0 0.581490 0.825381 0.014706 0.028426
0 0.741859 0.308629 0.014706 0.028426
0 0.581490 0.361421 0.014706 0.028426
0 0.703757 0.168528 0.010504 0.060914
0 0.581490 0.939086 0.014706 0.028426
0 0.741859 0.586802 0.014706 0.028426
0 0.920168 0.033074 0.021008 0.040609
0 0.349002 0.990863 0.014706 0.018274
0 0.741859 0.455838 0.014706 0.028426
0 0.780725 0.158376 0.016807 0.032487
9 0.208771 0.529949 0.007353 0.014213
9 0.368435 0.359391 0.007353 0.014213
9 0.368435 0.473096 0.007353 0.014213
9 0.368435 0.586802 0.007353 0.014213
9 0.368435 0.823350 0.007353 0.014213
9 0.368435 0.937056 0.007353 0.014213
9 0.613527 0.306599 0.007353 0.014213
9 0.613527 0.453807 0.007353 0.014213
9 0.613527 0.584772 0.007353 0.014213
9 0.208771 0.993401 0.007353 0.013198
2 0.837710 0.028426 0.168067 0.036548
2 0.768120 0.142640 0.088761 0.023350
2 0.841912 0.664975 0.101891 0.026396
2 0.801733 0.033503 0.023634 0.040609
2 0.202206 0.046701 0.130252 0.020305
3 0.735032 0.225888 0.106618 0.021320
3 0.073004 0.311168 0.037815 0.047716
3 0.821691 0.733503 0.106618 0.021320
4 0.225315 0.233503 0.130252 0.012183
5 0.939863 0.143655 0.046744 0.015228
5 0.165704 0.762437 0.050945 0.034518
5 0.480042 0.534010 0.016807 0.034518
5 0.389443 0.889848 0.006828 0.013198
6 0.141807 0.732995 0.010504 0.020305
6 0.946954 0.116751 0.010504 0.020305
6 0.267332 0.396954 0.010504 0.020305
7 0.420168 0.091371 0.423319 0.097462
7 0.615546 0.807614 0.747899 0.001015
10 0.831408 0.163959 0.029412 0.057868
12 0.560662 0.110152 0.039391 0.027411
12 0.457458 0.364467 0.016807 0.032487
13 0.960609 0.062944 0.014706 0.028426
14 0.443803 0.275127 0.012605 0.024365
14 0.429359 0.214213 0.007878 0.020305
14 0.021796 0.724365 0.038340 0.031472
14 0.891019 0.069036 0.007878 0.020305
14 0.374212 0.753299 0.007878 0.020305
