13 0.929298 0.032487 0.117245 0.050761
13 0.822721 0.032487 0.087505 0.050761
13 0.137240 0.032487 0.051347 0.048731
1 0.333213 0.032487 0.090287 0.048731
1 0.051056 0.032487 0.093709 0.048731
1 0.201053 0.032487 0.076279 0.048731
1 0.263631 0.032487 0.048877 0.048731
2 0.931723 0.851269 0.116597 0.027411
2 0.880252 0.555330 0.073529 0.046701
3 0.056723 0.111168 0.006303 0.013198
3 0.607931 0.597462 0.115021 0.021320
4 0.196166 0.381726 0.162290 0.024365
4 0.495536 0.718782 0.077206 0.012183
4 0.530200 0.207107 0.032038 0.024365
5 0.323004 0.305584 0.016807 0.032487
5 0.961660 0.413198 0.053571 0.034518
5 0.537027 0.096954 0.006828 0.013198
5 0.793855 0.504061 0.006828 0.013198
7 0.639706 0.786802 0.327731 0.030457
7 0.537290 0.249746 0.260504 0.162437
10 0.804884 0.674112 0.335609 0.507614
10 0.440126 0.635025 0.025210 0.047716
12 0.082458 0.346193 0.025210 0.048731
12 0.253676 0.241624 0.025210 0.048731
13 0.900735 0.435533 0.051471 0.048731
13 0.150735 0.618274 0.008403 0.016244
14 0.663603 0.620812 0.026786 0.045685
14 0.303571 0.945685 0.054622 0.045685
14 0.408351 0.661421 0.007878 0.015228
14 0.858193 0.455838 0.009454 0.018274
