9 0.650998 0.345178 0.297269 0.511675
9 0.310137 0.928426 0.359244 0.143147
0 0.280840 0.482234 0.176700 0.050761
0 0.312853 0.482234 0.112674 0.050761
1 0.459062 0.621320 0.043387 0.184772
1 0.459062 0.806091 0.043387 0.184772
1 0.422462 0.447716 0.066218 0.111675
1 0.239808 0.157360 0.066029 0.111675
1 0.526979 0.604061 0.044126 0.162437
1 0.459062 0.447716 0.043387 0.162437
0 0.884409 0.032487 0.093742 0.040609
1 0.308581 0.434518 0.046227 0.148223
1 0.308581 0.575635 0.046227 0.134010
1 0.240809 0.434518 0.040999 0.148223
1 0.331088 0.302538 0.068212 0.089340
1 0.331088 0.391878 0.068212 0.089340
1 0.331088 0.481218 0.068212 0.089340
9 0.227153 0.201015 0.069328 0.036548
0 0.218200 0.481218 0.051421 0.048731
0 0.312853 0.482234 0.086413 0.024365
0 0.467306 0.115736 0.050945 0.040609
0 0.959600 0.032487 0.039834 0.038579
0 0.884409 0.032487 0.075885 0.022335
0 0.964286 0.947208 0.029412 0.056853
0 0.323640 0.032487 0.023725 0.044670
14 0.130113 0.114721 0.025210 0.048731
14 0.179802 0.114721 0.025210 0.048731
14 0.232520 0.114721 0.025210 0.048731
14 0.355436 0.114721 0.025210 0.048731
0 0.467306 0.115736 0.033088 0.022335
0 0.218200 0.481218 0.026211 0.024365
0 0.959600 0.032487 0.023027 0.022335
0 0.289481 0.032487 0.006778 0.044670
9 0.395656 0.113706 0.012605 0.024365
9 0.395656 0.180711 0.012605 0.024365
9 0.213096 0.493401 0.012605 0.024365
9 0.395656 0.404061 0.012605 0.024365
9 0.303284 0.203046 0.012605 0.024365
9 0.303284 0.270051 0.012605 0.024365
9 0.213096 0.113706 0.012605 0.024365
9 0.213096 0.225381 0.012605 0.024365
9 0.213096 0.582741 0.012605 0.024365
9 0.303284 0.359391 0.012605 0.024365
9 0.303284 0.448731 0.012605 0.024365
9 0.213096 0.314721 0.012605 0.024365
9 0.213096 0.404061 0.012605 0.024365
9 0.303284 0.113706 0.012605 0.024365
9 0.395656 0.270051 0.012605 0.024365
9 0.395656 0.337056 0.012605 0.024365
14 0.965861 0.944162 0.009454 0.018274
9 0.508666 0.947843 0.006303 0.015228
2 0.471113 0.168528 0.101891 0.044670
2 0.088235 0.574619 0.105042 0.046701
2 0.539391 0.544162 0.334034 0.048731
3 0.957458 0.078680 0.006303 0.013198
3 0.537290 0.282234 0.006303 0.020305
3 0.759454 0.360914 0.037815 0.047716
4 0.202731 0.498477 0.113445 0.026396
4 0.280462 0.830457 0.072479 0.020305
5 0.990021 0.388832 0.016807 0.032487
5 0.688288 0.206599 0.006828 0.013198
6 0.445641 0.330457 0.006828 0.013198
6 0.176996 0.976650 0.010504 0.020305
6 0.244223 0.367513 0.010504 0.020305
6 0.493697 0.027411 0.010504 0.020305
7 0.172794 0.320812 0.327731 0.030457
7 0.242122 0.181726 0.297269 0.032487
10 0.712710 0.116751 0.092437 0.038579
10 0.841912 0.605584 0.024160 0.047716
10 0.176208 0.597462 0.053046 0.049746
10 0.766807 0.368020 0.025210 0.047716
13 0.121324 0.582741 0.012605 0.024365
13 0.131828 0.727919 0.014706 0.028426
13 0.460609 0.092386 0.021008 0.040609
13 0.679359 0.190863 0.007878 0.016244
13 0.856092 0.676142 0.021008 0.040609
13 0.375263 0.381218 0.046744 0.043655
13 0.614496 0.032487 0.014706 0.028426
13 0.329307 0.731472 0.042017 0.080203
14 0.945641 0.946193 0.027836 0.038579
14 0.433824 0.130964 0.012605 0.024365
14 0.966649 0.051777 0.033088 0.038579
