12 0.478466 0.320305 0.349790 0.033503
2 0.677521 0.320305 0.036765 0.027411
0 0.932067 0.030457 0.015756 0.030457
1 0.936273 0.975127 0.031882 0.049746
1 0.966034 0.030457 0.036420 0.030457
1 0.026950 0.975127 0.022387 0.049746
1 0.061618 0.975127 0.018588 0.049746
1 0.975319 0.975127 0.017849 0.049746
1 0.092117 0.975127 0.014049 0.049746
1 0.500000 0.406599 0.034286 0.015228
2 0.821954 0.414213 0.144958 0.036548
2 0.811975 0.055838 0.130252 0.020305
2 0.519170 0.139594 0.283088 0.043655
2 0.112920 0.510660 0.074580 0.036548
2 0.122111 0.456853 0.076155 0.036548
2 0.233193 0.259898 0.334034 0.048731
3 0.732405 0.580203 0.183298 0.043655
3 0.861870 0.817259 0.105042 0.032487
3 0.611082 0.844670 0.027836 0.012183
5 0.436712 0.239086 0.024685 0.047716
5 0.456145 0.332487 0.006828 0.013198
5 0.270746 0.432995 0.006828 0.013198
6 0.767857 0.683249 0.010504 0.020305
6 0.140231 0.113706 0.010504 0.020305
7 0.765231 0.650761 0.423319 0.097462
10 0.290966 0.362437 0.023109 0.044670
13 0.407563 0.636548 0.014706 0.028426
13 0.085084 0.409645 0.050420 0.031472
13 0.528361 0.019289 0.012605 0.024365
13 0.072216 0.032487 0.039391 0.014213
13 0.663866 0.696954 0.050420 0.031472
14 0.704044 0.605584 0.007878 0.021320
14 0.336134 0.862944 0.025210 0.048731
