18 0.620011 0.824873 0.359244 0.350254
10 0.650998 0.251777 0.297269 0.322843
0 0.273290 0.388832 0.161601 0.050761
1 0.459062 0.621320 0.043387 0.184772
1 0.459062 0.806091 0.043387 0.184772
0 0.305303 0.388832 0.097574 0.050761
1 0.422462 0.447716 0.066218 0.111675
1 0.239808 0.157360 0.066029 0.111675
1 0.526979 0.604061 0.044126 0.162437
1 0.459062 0.447716 0.043387 0.162437
1 0.308581 0.434518 0.046227 0.148223
0 0.891031 0.032487 0.080497 0.040609
1 0.308581 0.575635 0.046227 0.134010
1 0.240809 0.434518 0.040999 0.148223
1 0.331088 0.302538 0.068212 0.089340
10 0.237920 0.107614 0.090861 0.036548
0 0.218200 0.387817 0.051421 0.048731
0 0.467306 0.115736 0.050945 0.040609
0 0.959600 0.032487 0.039834 0.038579
0 0.305303 0.388832 0.071314 0.024365
0 0.964286 0.947208 0.029412 0.056853
0 0.891031 0.032487 0.062640 0.022335
0 0.323640 0.032487 0.023725 0.044670
20 0.130113 0.114721 0.025210 0.048731
20 0.179802 0.114721 0.025210 0.048731
20 0.232520 0.114721 0.025210 0.048731
20 0.355436 0.114721 0.025210 0.048731
0 0.467306 0.115736 0.033088 0.022335
0 0.218200 0.387817 0.026211 0.024365
0 0.959600 0.032487 0.023027 0.022335
0 0.289481 0.032487 0.006778 0.044670
10 0.395656 0.113706 0.012605 0.024365
10 0.395656 0.180711 0.012605 0.024365
10 0.213096 0.493401 0.012605 0.024365
10 0.395656 0.404061 0.012605 0.024365
10 0.303284 0.203046 0.012605 0.024365
10 0.303284 0.270051 0.012605 0.024365
10 0.213096 0.113706 0.012605 0.024365
10 0.213096 0.225381 0.012605 0.024365
10 0.213096 0.582741 0.012605 0.024365
10 0.303284 0.359391 0.012605 0.024365
10 0.303284 0.448731 0.012605 0.024365
10 0.213096 0.314721 0.012605 0.024365
10 0.213096 0.404061 0.012605 0.024365
10 0.303284 0.113706 0.012605 0.024365
10 0.395656 0.270051 0.012605 0.024365
10 0.395656 0.337056 0.012605 0.024365
20 0.965861 0.944162 0.009454 0.018274
