12 0.462152 0.408122 0.232077 0.050761
2 0.537196 0.482234 0.076049 0.036548
12 0.458849 0.482234 0.068154 0.036548
0 0.968331 0.976650 0.042329 0.046701
0 0.650177 0.408122 0.051536 0.036548
1 0.146759 0.976650 0.077050 0.046701
0 0.935399 0.028934 0.021008 0.040609
0 0.332983 0.408122 0.018908 0.036548
12 0.905819 0.028934 0.022395 0.024365
12 0.588695 0.408122 0.021008 0.024365
12 0.609703 0.408122 0.021008 0.024365
1 0.036572 0.976650 0.052135 0.046701
1 0.085437 0.976650 0.045595 0.046701
1 0.972426 0.028934 0.044643 0.040609
1 0.891454 0.976650 0.039867 0.046701
1 0.929277 0.976650 0.035780 0.046701
1 0.023265 0.030457 0.024472 0.026396
1 0.052168 0.030457 0.022830 0.026396
1 0.590406 0.557868 0.033884 0.015228
1 0.877827 0.028934 0.017833 0.024365
1 0.538767 0.557868 0.022568 0.015228
1 0.474458 0.557868 0.021837 0.015228
2 0.890231 0.891878 0.149160 0.021320
2 0.922006 0.182741 0.023634 0.040609
2 0.476366 0.357868 0.234244 0.035533
2 0.060924 0.249746 0.105042 0.046701
3 0.228466 0.670558 0.111345 0.025381
3 0.465599 0.882741 0.183298 0.043655
3 0.025473 0.081218 0.027836 0.012183
3 0.533613 0.230457 0.006303 0.020305
3 0.411239 0.335025 0.006303 0.020305
4 0.330882 0.146193 0.113445 0.022335
4 0.477416 0.204061 0.113445 0.026396
5 0.310662 0.116244 0.006828 0.013198
5 0.497111 0.564975 0.006828 0.013198
6 0.278887 0.201015 0.010504 0.020305
6 0.631303 0.073096 0.010504 0.020305
6 0.680147 0.204061 0.010504 0.020305
6 0.716387 0.605076 0.010504 0.020305
6 0.758666 0.815736 0.006828 0.013198
7 0.413866 0.227919 0.747899 0.001015
7 0.386555 0.336041 0.297269 0.032487
7 0.512605 0.155330 0.314076 0.113706
7 0.392332 0.015736 0.747899 0.001015
7 0.182773 0.610152 0.297269 0.032487
10 0.053046 0.691878 0.021008 0.047716
10 0.496324 0.897970 0.086134 0.051777
12 0.738445 0.059391 0.021008 0.023350
12 0.389181 0.265990 0.012605 0.024365
13 0.013655 0.677157 0.015756 0.030457
13 0.829307 0.575635 0.014706 0.028426
13 0.579307 0.575127 0.714286 0.090355
14 0.283613 0.274112 0.023109 0.044670
14 0.021008 0.169036 0.012605 0.023350
14 0.957983 0.947208 0.009454 0.018274
