12 0.462152 0.408122 0.232077 0.050761
2 0.537196 0.482234 0.076049 0.036548
12 0.458849 0.482234 0.068154 0.036548
0 0.968331 0.976650 0.042329 0.046701
0 0.650177 0.408122 0.051536 0.036548
1 0.146759 0.976650 0.077050 0.046701
0 0.935399 0.028934 0.021008 0.040609
0 0.332983 0.408122 0.018908 0.036548
12 0.905819 0.028934 0.022395 0.024365
12 0.588695 0.408122 0.021008 0.024365
12 0.609703 0.408122 0.021008 0.024365
1 0.036572 0.976650 0.052135 0.046701
1 0.085437 0.976650 0.045595 0.046701
1 0.972426 0.028934 0.044643 0.040609
1 0.891454 0.976650 0.039867 0.046701
1 0.929277 0.976650 0.035780 0.046701
1 0.023265 0.030457 0.024472 0.026396
1 0.052168 0.030457 0.022830 0.026396
1 0.590406 0.557868 0.033884 0.015228
1 0.877827 0.028934 0.017833 0.024365
1 0.538767 0.557868 0.022568 0.015228
1 0.474458 0.557868 0.021837 0.015228
2 0.496586 0.780203 0.037290 0.027411
2 0.372899 0.944162 0.105042 0.046701
2 0.266282 0.628426 0.239496 0.052792
2 0.691439 0.041624 0.076155 0.036548
3 0.530987 0.294416 0.105042 0.032487
3 0.703256 0.505584 0.057773 0.024365
3 0.245011 0.816751 0.183298 0.043655
4 0.717174 0.436548 0.106618 0.018274
4 0.511555 0.624365 0.113445 0.022335
4 0.371324 0.086802 0.088235 0.043655
4 0.878676 0.468020 0.113445 0.026396
4 0.751576 0.652284 0.268908 0.019289
5 0.438288 0.527919 0.024685 0.048731
5 0.026523 0.590355 0.006828 0.013198
6 0.007090 0.581218 0.006828 0.013198
6 0.846113 0.628426 0.010504 0.020305
7 0.648634 0.375635 0.314076 0.113706
7 0.683824 0.281218 0.297269 0.032487
7 0.731618 0.446701 0.260504 0.162437
7 0.558298 0.642132 0.747899 0.001015
10 0.660189 0.314721 0.092437 0.038579
10 0.441176 0.296447 0.010504 0.020305
10 0.092962 0.552792 0.024160 0.047716
10 0.251050 0.859391 0.086134 0.051777
12 0.587973 0.853807 0.522584 0.040609
12 0.549370 0.894416 0.014706 0.028426
12 0.336134 0.138071 0.022059 0.042640
12 0.452206 0.491878 0.021008 0.023350
12 0.314601 0.315736 0.108193 0.032487
13 0.541492 0.566497 0.097689 0.054822
13 0.688550 0.377665 0.022059 0.042640
14 0.224527 0.419289 0.005777 0.010152
14 0.800945 0.628426 0.025210 0.048731
14 0.582983 0.851269 0.012605 0.023350
