12 0.462152 0.408122 0.232077 0.050761
2 0.537196 0.482234 0.076049 0.036548
12 0.458849 0.482234 0.068154 0.036548
0 0.968331 0.976650 0.042329 0.046701
0 0.650177 0.408122 0.051536 0.036548
1 0.146759 0.976650 0.077050 0.046701
0 0.935399 0.028934 0.021008 0.040609
0 0.332983 0.408122 0.018908 0.036548
12 0.905819 0.028934 0.022395 0.024365
12 0.588695 0.408122 0.021008 0.024365
12 0.609703 0.408122 0.021008 0.024365
1 0.036572 0.976650 0.052135 0.046701
1 0.085437 0.976650 0.045595 0.046701
1 0.972426 0.028934 0.044643 0.040609
1 0.891454 0.976650 0.039867 0.046701
1 0.929277 0.976650 0.035780 0.046701
1 0.023265 0.030457 0.024472 0.026396
1 0.052168 0.030457 0.022830 0.026396
1 0.590406 0.557868 0.033884 0.015228
1 0.877827 0.028934 0.017833 0.024365
1 0.538767 0.557868 0.022568 0.015228
1 0.474458 0.557868 0.021837 0.015228
2 0.476103 0.526904 0.023634 0.040609
2 0.082458 0.548223 0.073529 0.046701
2 0.852679 0.653299 0.157038 0.049746
2 0.708771 0.521827 0.216912 0.040609
3 0.098214 0.635533 0.105042 0.032487
3 0.209559 0.054822 0.057773 0.024365
3 0.783088 0.759391 0.105042 0.032487
4 0.173057 0.634518 0.094013 0.024365
4 0.808824 0.651777 0.113445 0.026396
4 0.122374 0.571574 0.046218 0.020305
4 0.834034 0.868020 0.113445 0.026396
6 0.750000 0.663959 0.010504 0.020305
6 0.957458 0.302538 0.010504 0.020305
6 0.935924 0.240609 0.010504 0.020305
7 0.248424 0.110660 0.327731 0.030457
10 0.225315 0.728934 0.022059 0.042640
13 0.928046 0.960406 0.014706 0.028426
14 0.159139 0.848731 0.006303 0.012183
14 0.438288 0.408629 0.038340 0.031472
14 0.113971 0.111675 0.012605 0.024365
14 0.364496 0.566497 0.008403 0.016244
14 0.302784 0.588325 0.013130 0.027411
14 0.376576 0.607107 0.025210 0.048731
