12 0.462152 0.408122 0.232077 0.050761
2 0.537196 0.482234 0.076049 0.036548
12 0.458849 0.482234 0.068154 0.036548
0 0.968331 0.976650 0.042329 0.046701
0 0.650177 0.408122 0.051536 0.036548
1 0.146759 0.976650 0.077050 0.046701
0 0.935399 0.028934 0.021008 0.040609
0 0.332983 0.408122 0.018908 0.036548
12 0.905819 0.028934 0.022395 0.024365
12 0.588695 0.408122 0.021008 0.024365
12 0.609703 0.408122 0.021008 0.024365
1 0.036572 0.976650 0.052135 0.046701
1 0.085437 0.976650 0.045595 0.046701
1 0.972426 0.028934 0.044643 0.040609
1 0.891454 0.976650 0.039867 0.046701
1 0.929277 0.976650 0.035780 0.046701
1 0.023265 0.030457 0.024472 0.026396
1 0.052168 0.030457 0.022830 0.026396
1 0.590406 0.557868 0.033884 0.015228
1 0.877827 0.028934 0.017833 0.024365
1 0.538767 0.557868 0.022568 0.015228
1 0.474458 0.557868 0.021837 0.015228
2 0.289653 0.910660 0.023634 0.040609
2 0.704044 0.204061 0.023634 0.040609
3 0.591912 0.502538 0.006303 0.020305
3 0.568277 0.930457 0.065126 0.031472
3 0.309874 0.565990 0.085084 0.059898
3 0.241071 0.408629 0.065126 0.031472
3 0.827731 0.806599 0.111345 0.025381
3 0.243435 0.571066 0.083508 0.043655
3 0.762605 0.083756 0.132353 0.035533
4 0.429884 0.278680 0.000525 0.001015
4 0.295168 0.170558 0.069328 0.020305
4 0.770746 0.080203 0.094013 0.024365
6 0.157038 0.734010 0.010504 0.020305
6 0.435399 0.652792 0.010504 0.020305
7 0.859244 0.387817 0.260504 0.162437
7 0.347164 0.557360 0.327731 0.030457
7 0.744748 0.751269 0.260504 0.162437
7 0.542017 0.472081 0.423319 0.097462
7 0.531513 0.213198 0.423319 0.097462
7 0.170693 0.268020 0.297269 0.032487
7 0.581408 0.867005 0.260504 0.162437
7 0.351891 0.431472 0.423319 0.097462
7 0.698529 0.528934 0.260504 0.162437
10 0.310924 0.120305 0.161765 0.025381
10 0.343487 0.831980 0.021008 0.047716
10 0.280462 0.098477 0.019958 0.026396
12 0.706933 0.927919 0.420168 0.040609
12 0.051471 0.871574 0.015756 0.035533
12 0.535452 0.327411 0.231618 0.049746
13 0.699580 0.426396 0.040966 0.042640
13 0.179359 0.385787 0.022584 0.034518
14 0.816439 0.406091 0.019433 0.036548
14 0.820903 0.313706 0.012605 0.024365
14 0.094013 0.221320 0.097689 0.054822
14 0.440389 0.833503 0.014181 0.028426
14 0.250263 0.756853 0.007878 0.015228
14 0.752101 0.401015 0.051471 0.036548
