12 0.462152 0.408122 0.232077 0.050761
2 0.537196 0.482234 0.076049 0.036548
12 0.458849 0.482234 0.068154 0.036548
0 0.968331 0.976650 0.042329 0.046701
0 0.650177 0.408122 0.051536 0.036548
1 0.146759 0.976650 0.077050 0.046701
0 0.935399 0.028934 0.021008 0.040609
0 0.332983 0.408122 0.018908 0.036548
12 0.905819 0.028934 0.022395 0.024365
12 0.588695 0.408122 0.021008 0.024365
12 0.609703 0.408122 0.021008 0.024365
1 0.036572 0.976650 0.052135 0.046701
1 0.085437 0.976650 0.045595 0.046701
1 0.972426 0.028934 0.044643 0.040609
1 0.891454 0.976650 0.039867 0.046701
1 0.929277 0.976650 0.035780 0.046701
1 0.023265 0.030457 0.024472 0.026396
1 0.052168 0.030457 0.022830 0.026396
1 0.590406 0.557868 0.033884 0.015228
1 0.877827 0.028934 0.017833 0.024365
1 0.538767 0.557868 0.022568 0.015228
1 0.474458 0.557868 0.021837 0.015228
2 0.925158 0.566497 0.076155 0.036548
2 0.432773 0.385279 0.236345 0.055838
2 0.196954 0.433503 0.101891 0.026396
3 0.688288 0.438071 0.106618 0.021320
3 0.654412 0.314213 0.065126 0.031472
3 0.342700 0.269543 0.106618 0.021320
3 0.718487 0.902030 0.111345 0.025381
4 0.961922 0.138071 0.011029 0.018274
4 0.816702 0.449746 0.113445 0.026396
5 0.277574 0.679695 0.006828 0.013198
5 0.657038 0.528934 0.012605 0.024365
6 0.006303 0.128934 0.010504 0.020305
6 0.441176 0.623350 0.010504 0.020305
6 0.210609 0.785787 0.010504 0.020305
10 0.284139 0.741624 0.024160 0.047716
10 0.147584 0.612183 0.019958 0.026396
10 0.207983 0.858883 0.019958 0.026396
10 0.775735 0.639594 0.173319 0.073096
10 0.141282 0.721320 0.025210 0.047716
13 0.274160 0.151269 0.013655 0.028426
13 0.768908 0.049746 0.008403 0.016244
13 0.254202 0.271066 0.012605 0.024365
13 0.826943 0.068020 0.051996 0.040609
14 0.823004 0.100508 0.073529 0.052792
14 0.747899 0.434518 0.025210 0.048731
14 0.149160 0.238579 0.012605 0.024365
14 0.316439 0.132487 0.038340 0.031472
14 0.631565 0.042132 0.027836 0.080203
