1 0.138733 0.118782 0.109925 0.079188
12 0.854968 0.024365 0.126050 0.048731
0 0.490805 0.818052 0.115768 0.040609
3 0.864406 0.022335 0.083508 0.044670
1 0.176938 0.221716 0.091551 0.050761
1 0.518079 0.221716 0.088514 0.050761
1 0.711122 0.221716 0.083352 0.050761
1 0.402430 0.221716 0.079413 0.050761
1 0.295812 0.221716 0.074178 0.050761
1 0.156435 0.024365 0.065873 0.048731
12 0.785640 0.024365 0.012605 0.024365
12 0.773035 0.024365 0.012605 0.024365
1 0.622620 0.221716 0.050716 0.050761
1 0.100483 0.024365 0.046030 0.048731
1 0.100783 0.221716 0.031513 0.050761
1 0.885701 0.985168 0.045299 0.029664
2 0.700105 0.438071 0.033613 0.033503
2 0.275210 0.807107 0.189076 0.040609
2 0.961397 0.331980 0.023634 0.040609
2 0.558036 0.211168 0.154937 0.064975
2 0.714811 0.447208 0.241597 0.039594
3 0.205882 0.618782 0.006303 0.013198
3 0.846639 0.273096 0.057773 0.024365
3 0.222689 0.683249 0.057773 0.024365
3 0.105305 0.115228 0.183298 0.043655
4 0.919643 0.193401 0.008403 0.035533
4 0.909139 0.181726 0.113445 0.026396
4 0.320903 0.971574 0.113445 0.026396
4 0.350840 0.103553 0.113445 0.026396
5 0.334296 0.609137 0.050945 0.034518
5 0.636555 0.198985 0.039916 0.034518
5 0.642069 0.017766 0.006828 0.013198
5 0.850578 0.019797 0.006828 0.013198
6 0.656513 0.740102 0.010504 0.020305
7 0.597689 0.425381 0.297269 0.032487
7 0.313025 0.802030 0.260504 0.162437
10 0.486870 0.053807 0.019958 0.026396
10 0.154412 0.438579 0.019958 0.026396
10 0.443277 0.028934 0.029412 0.057868
10 0.294643 0.886802 0.025210 0.047716
10 0.971113 0.379188 0.024160 0.047716
10 0.122111 0.695431 0.131828 0.184772
12 0.392332 0.454822 0.008403 0.016244
12 0.231880 0.212183 0.046744 0.040609
13 0.078782 0.509645 0.014706 0.028426
13 0.919118 0.314721 0.039916 0.038579
13 0.706145 0.060914 0.020483 0.040609
13 0.025210 0.756345 0.010504 0.022335
13 0.299632 0.655838 0.101366 0.034518
14 0.084034 0.059391 0.007353 0.015228
14 0.797006 0.800508 0.007878 0.021320
14 0.098214 0.612183 0.015756 0.030457
