9 0.500000 0.500000 1.000000 1.000000
9 0.458771 0.222224 0.148634 0.026650
0 0.544118 0.299508 0.072479 0.041624
0 0.455882 0.299508 0.072479 0.041624
9 0.582277 0.411239 0.066521 0.030568
0 0.533622 0.877475 0.034680 0.045685
14 0.569607 0.877475 0.026786 0.045685
14 0.779937 0.635993 0.023109 0.042640
1 0.432047 0.411691 0.095186 0.027411
1 0.497628 0.411691 0.019794 0.027411
2 0.242647 0.774619 0.396008 0.054822
3 0.436712 0.920305 0.183298 0.043655
3 0.121586 0.367005 0.183298 0.043655
4 0.576943 0.215736 0.000525 0.001015
4 0.442752 0.221320 0.079832 0.048731
4 0.355567 0.382741 0.161765 0.024365
4 0.692489 0.560914 0.000525 0.001015
5 0.072216 0.611675 0.000525 0.001015
5 0.377363 0.445178 0.006828 0.013198
5 0.355305 0.463452 0.006828 0.013198
5 0.797794 0.171574 0.077731 0.032487
5 0.595063 0.401015 0.016807 0.034518
5 0.290704 0.395939 0.050945 0.034518
6 0.262605 0.267005 0.010504 0.020305
6 0.627101 0.691371 0.010504 0.020305
6 0.643382 0.810152 0.010504 0.020305
7 0.711134 0.184772 0.327731 0.030457
7 0.467437 0.180711 0.327731 0.030457
7 0.580882 0.430457 0.327731 0.030457
10 0.744748 0.179188 0.071429 0.063959
10 0.111345 0.499492 0.019958 0.026396
10 0.984769 0.828426 0.022059 0.042640
10 0.799370 0.519797 0.092437 0.038579
10 0.446954 0.617259 0.173319 0.073096
10 0.051471 0.079188 0.010504 0.020305
10 0.754989 0.368020 0.044643 0.049746
10 0.622899 0.871574 0.086134 0.051777
12 0.341912 0.981726 0.108193 0.032487
14 0.470063 0.469036 0.025210 0.048731
14 0.593225 0.513706 0.007878 0.020305
14 0.656513 0.914721 0.012605 0.024365
14 0.234244 0.024365 0.021008 0.040609
