9 0.274771 0.945574 0.200277 0.108852
9 0.717343 0.945574 0.200277 0.108852
9 0.496057 0.945574 0.200277 0.108852
0 0.726173 0.718464 0.096795 0.063864
0 0.211635 0.422779 0.074005 0.063864
11 0.617294 0.099461 0.090796 0.051777
0 0.617294 0.099461 0.090796 0.051777
1 0.233702 0.117148 0.181165 0.039594
11 0.708779 0.099461 0.075368 0.051777
0 0.708779 0.099461 0.075368 0.051777
11 0.787228 0.099461 0.064724 0.051777
0 0.787228 0.099461 0.064724 0.051777
11 0.492594 0.099461 0.058651 0.051777
0 0.492594 0.099461 0.058651 0.051777
11 0.546908 0.099461 0.033170 0.051777
0 0.546908 0.099461 0.033170 0.051777
0 0.612042 0.098445 0.080291 0.019289
1 0.818831 0.020765 0.092905 0.041529
0 0.703527 0.098445 0.064863 0.019289
0 0.349786 0.021780 0.070977 0.014499
0 0.781976 0.098445 0.054220 0.019289
0 0.346142 0.021129 0.063690 0.015228
0 0.487342 0.098445 0.048147 0.019289
1 0.729985 0.020765 0.081424 0.041529
1 0.536367 0.684264 0.112370 0.027602
1 0.238006 0.741307 0.110335 0.027602
0 0.541656 0.098445 0.022666 0.019289
1 0.387839 0.684264 0.107069 0.027602
11 0.834296 0.099461 0.012605 0.024365
0 0.834296 0.099461 0.012605 0.024365
1 0.534163 0.741307 0.099035 0.027602
9 0.149947 0.021780 0.008403 0.011168
1 0.377281 0.741307 0.083722 0.027602
1 0.659479 0.020765 0.056222 0.041529
1 0.212690 0.684264 0.053005 0.027602
1 0.971639 0.960406 0.019958 0.038579
1 0.612309 0.015181 0.023413 0.030362
2 0.388130 0.578680 0.074580 0.036548
2 0.444853 0.424365 0.101891 0.044670
2 0.367122 0.810152 0.074580 0.036548
2 0.325105 0.232995 0.510504 0.025381
3 0.952731 0.057360 0.085084 0.059898
3 0.297794 0.101015 0.037815 0.047716
3 0.957983 0.781726 0.006303 0.020305
3 0.840336 0.168020 0.006303 0.013198
3 0.046218 0.170051 0.037815 0.047716
3 0.571166 0.977157 0.106618 0.021320
4 0.104517 0.448731 0.093487 0.020305
4 0.157038 0.385787 0.049370 0.020305
4 0.716912 0.180711 0.113445 0.026396
5 0.527574 0.263959 0.024685 0.048731
5 0.607668 0.529949 0.016807 0.032487
5 0.302258 0.068528 0.006828 0.013198
6 0.183824 0.632487 0.010504 0.020305
7 0.796218 0.144162 0.260504 0.162437
7 0.606618 0.828426 0.260504 0.162437
7 0.248424 0.504569 0.314076 0.113706
7 0.588235 0.694416 0.260504 0.162437
10 0.035189 0.450761 0.023109 0.044670
12 0.255777 0.146701 0.021008 0.023350
12 0.144433 0.909645 0.016807 0.032487
12 0.431460 0.575635 0.257878 0.048731
12 0.712185 0.955838 0.026261 0.039594
13 0.125525 0.375635 0.021008 0.040609
14 0.348214 0.280203 0.009454 0.018274
14 0.948267 0.180203 0.038340 0.031472
14 0.898897 0.928934 0.017332 0.032487
