1 0.496061 0.867830 0.219538 0.264340
1 0.264968 0.867830 0.219538 0.264340
1 0.727153 0.867830 0.219538 0.264340
10 0.727153 0.854886 0.219538 0.238452
10 0.264968 0.854886 0.219538 0.238452
10 0.496061 0.854886 0.219538 0.238452
0 0.668818 0.595931 0.309948 0.041101
0 0.323304 0.595931 0.309948 0.041101
0 0.664653 0.363666 0.303571 0.041101
1 0.209616 0.051237 0.120388 0.055838
17 0.810740 0.051229 0.055516 0.042402
0 0.752774 0.051237 0.051700 0.036548
1 0.587698 0.547668 0.147707 0.029442
0 0.364016 0.010660 0.066792 0.015228
10 0.161502 0.050952 0.013655 0.034962
10 0.158876 0.011659 0.008403 0.011168
1 0.203974 0.547668 0.071289 0.029442
