10 0.496061 0.470463 0.992122 0.866371
10 0.217384 0.079918 0.121742 0.054822
0 0.589035 0.094131 0.080677 0.056853
0 0.736250 0.094131 0.066086 0.056853
0 0.666291 0.094131 0.063329 0.056853
1 0.720149 0.944250 0.194303 0.031202
0 0.596479 0.421859 0.071109 0.043274
0 0.596479 0.348763 0.071109 0.043274
1 0.271964 0.944250 0.160805 0.031202
0 0.366978 0.017766 0.071798 0.017259
0 0.813813 0.868623 0.021008 0.041624
1 0.805077 0.094131 0.061064 0.056853
18 0.784130 0.095146 0.009716 0.027411
10 0.163078 0.019004 0.008403 0.011168
1 0.496057 0.944250 0.083533 0.031202
1 0.821059 0.017766 0.024373 0.017259
