1 0.496061 0.025952 0.992122 0.051904
11 0.707458 0.025341 0.136555 0.050682
11 0.854517 0.025341 0.136555 0.050682
11 0.502339 0.025682 0.178571 0.036707
11 0.502339 0.062389 0.178571 0.036707
11 0.502339 0.099096 0.178571 0.036707
11 0.502339 0.135803 0.178571 0.036707
1 0.496061 0.092513 0.125870 0.071066
12 0.941907 0.092513 0.064240 0.044670
11 0.044713 0.092513 0.053235 0.044670
11 0.308011 0.006551 0.178571 0.013103
9 0.707458 0.007170 0.136555 0.014340
9 0.854517 0.007170 0.136555 0.014340
11 0.502339 0.003664 0.178571 0.007329
11 0.563661 0.155964 0.079660 0.014372
11 0.476936 0.155964 0.076984 0.014372
11 0.394695 0.155964 0.070690 0.014372
11 0.646234 0.155964 0.068679 0.014372
12 0.962472 0.092513 0.023109 0.044670
0 0.010242 0.155964 0.020483 0.045685
0 0.981880 0.155964 0.020483 0.045685
11 0.716994 0.155964 0.056033 0.014372
11 0.323427 0.155964 0.055040 0.014372
1 0.464376 0.064419 0.102646 0.032646
11 0.267303 0.155964 0.040400 0.014372
0 0.957983 0.777665 0.013655 0.026396
12 0.956170 0.094036 0.010504 0.031472
14 0.974790 0.777665 0.013655 0.026396
1 0.459793 0.137833 0.093479 0.032646
0 0.029650 0.092513 0.010504 0.020305
0 0.962472 0.092513 0.010504 0.020305
1 0.563661 0.155885 0.079660 0.034518
1 0.476936 0.155885 0.076984 0.034518
1 0.454881 0.064419 0.083656 0.032646
11 0.294060 0.000468 0.003151 0.000936
4 0.950655 0.074746 0.000525 0.001015
1 0.394695 0.155885 0.070690 0.034518
1 0.450638 0.027713 0.075171 0.032646
1 0.646234 0.155885 0.068679 0.034518
1 0.448751 0.101126 0.071396 0.032646
1 0.716994 0.155885 0.056033 0.034518
2 0.664391 0.541117 0.173319 0.036548
2 0.751313 0.634518 0.157038 0.048731
2 0.348214 0.710660 0.073529 0.046701
2 0.558036 0.051777 0.023634 0.040609
3 0.879727 0.862944 0.006303 0.020305
3 0.141807 0.585279 0.132353 0.035533
3 0.432248 0.935533 0.006303 0.013198
4 0.336134 0.328934 0.113445 0.026396
4 0.598739 0.160914 0.047269 0.035533
4 0.226103 0.796954 0.106618 0.018274
6 0.134454 0.479188 0.010504 0.020305
6 0.951681 0.927919 0.010504 0.020305
6 0.388130 0.552284 0.010504 0.020305
6 0.556723 0.776650 0.010504 0.020305
7 0.407563 0.649746 0.314076 0.113706
7 0.637080 0.542132 0.327731 0.030457
7 0.565651 0.470051 0.327731 0.030457
10 0.022059 0.573604 0.019958 0.026396
10 0.196954 0.086294 0.023109 0.044670
10 0.882878 0.039594 0.019958 0.026396
10 0.288866 0.574619 0.019958 0.026396
12 0.105305 0.450761 0.110819 0.032487
13 0.516282 0.345685 0.012605 0.027411
13 0.516282 0.706599 0.014706 0.028426
13 0.104517 0.869036 0.008403 0.016244
13 0.912290 0.198985 0.012605 0.024365
13 0.937500 0.206091 0.064076 0.020305
13 0.417542 0.601015 0.017857 0.032487
13 0.101891 0.330457 0.021008 0.039594
13 0.646534 0.430457 0.012605 0.024365
14 0.107931 0.812183 0.019433 0.036548
14 0.782300 0.714721 0.170693 0.040609
14 0.101891 0.185787 0.023109 0.044670
14 0.561975 0.950254 0.025210 0.048731
14 0.543592 0.712690 0.012605 0.024365
14 0.891282 0.637563 0.025210 0.048731
14 0.305672 0.847208 0.030462 0.049746
