9 0.496061 0.558376 0.605042 0.779695
9 0.899291 0.558376 0.201418 0.779695
0 0.496061 0.193020 0.200630 0.038832
0 0.290179 0.193020 0.200630 0.038832
0 0.701943 0.193020 0.200630 0.038832
9 0.341649 0.992386 0.296218 0.015228
9 0.650473 0.992386 0.296218 0.015228
0 0.786239 0.558376 0.014181 0.044670
0 0.205882 0.558376 0.014181 0.044670
1 0.232336 0.115736 0.045554 0.030457
1 0.970588 0.958376 0.026261 0.050761
1 0.199055 0.112690 0.016807 0.032487
2 0.762605 0.784772 0.101891 0.026396
2 0.643382 0.800508 0.149160 0.021320
2 0.499475 0.977157 0.057773 0.017259
2 0.285977 0.218782 0.037290 0.027411
2 0.735557 0.791371 0.131828 0.031472
2 0.843750 0.243147 0.118172 0.041624
3 0.071954 0.320305 0.065126 0.031472
3 0.647584 0.215736 0.065126 0.031472
3 0.505515 0.416751 0.083508 0.043655
4 0.419118 0.229442 0.113445 0.026396
6 0.581933 0.023350 0.010504 0.020305
6 0.715336 0.195939 0.010504 0.020305
6 0.494748 0.686294 0.010504 0.020305
6 0.948004 0.701523 0.010504 0.020305
7 0.487920 0.822335 0.327731 0.030457
7 0.690126 0.188832 0.260504 0.162437
10 0.172269 0.816244 0.023109 0.044670
12 0.468487 0.195431 0.330882 0.025381
12 0.268120 0.119797 0.320903 0.052792
13 0.313550 0.038579 0.015756 0.030457
13 0.856618 0.593909 0.014706 0.028426
14 0.753414 0.425888 0.038340 0.031472
