0 0.500000 0.286802 0.512080 0.055838
12 0.396271 0.737468 0.304622 0.050761
12 0.409401 0.684169 0.330882 0.025381
0 0.305660 0.278173 0.123400 0.038579
0 0.435424 0.278173 0.120372 0.038579
11 0.688981 0.360914 0.054285 0.061929
1 0.507743 0.977871 0.122103 0.044258
1 0.677156 0.977871 0.114291 0.044258
1 0.329623 0.977871 0.112502 0.044258
12 0.732143 0.360914 0.032038 0.061929
0 0.688981 0.360914 0.054285 0.029442
12 0.561712 0.737468 0.026261 0.050761
1 0.286502 0.360914 0.085084 0.037563
12 0.732143 0.360406 0.011029 0.020305
12 0.561712 0.737468 0.010504 0.020305
1 0.531488 0.278680 0.056001 0.019289
2 0.392069 0.720812 0.076155 0.036548
2 0.680147 0.857868 0.074580 0.036548
3 0.116071 0.419797 0.132353 0.035533
3 0.535189 0.792893 0.057773 0.024365
3 0.312237 0.616751 0.183298 0.043655
4 0.490021 0.234010 0.088235 0.043655
5 0.330620 0.713198 0.006828 0.013198
6 0.879727 0.185787 0.010504 0.020305
6 0.754202 0.545178 0.010504 0.020305
6 0.751050 0.651777 0.010504 0.020305
6 0.939076 0.891371 0.010504 0.020305
6 0.546744 0.795939 0.010504 0.020305
6 0.523109 0.425381 0.010504 0.020305
6 0.030987 0.780711 0.010504 0.020305
7 0.495273 0.886294 0.314076 0.113706
7 0.834034 0.351269 0.297269 0.032487
7 0.171744 0.893401 0.297269 0.032487
10 0.731092 0.675127 0.019958 0.026396
10 0.335084 0.606091 0.019958 0.026396
10 0.153361 0.154315 0.010504 0.020305
12 0.896008 0.131980 0.010504 0.020305
14 0.763393 0.492386 0.033088 0.038579
14 0.074580 0.294416 0.023109 0.044670
