7 0.492122 0.599286 0.260504 0.162437
0 0.423845 0.415316 0.123950 0.095796
4 0.423845 0.415316 0.123950 0.095796
0 0.560399 0.415316 0.123950 0.095796
4 0.560399 0.415316 0.123950 0.095796
9 0.192481 0.068702 0.094521 0.069226
4 0.492122 0.325746 0.260504 0.022367
4 0.492122 0.498763 0.260504 0.022367
2 0.778624 0.080885 0.136555 0.040609
0 0.895377 0.979695 0.111558 0.040609
11 0.513918 0.068694 0.054507 0.068607
0 0.513918 0.068694 0.054507 0.068607
11 0.603278 0.068694 0.050387 0.068607
0 0.603278 0.068694 0.050387 0.068607
11 0.463289 0.068694 0.046752 0.068607
0 0.463289 0.068694 0.046752 0.068607
0 0.276244 0.437619 0.066538 0.045067
11 0.648401 0.068694 0.039859 0.068607
0 0.648401 0.068694 0.039859 0.068607
11 0.559628 0.068694 0.036912 0.068607
0 0.559628 0.068694 0.036912 0.068607
0 0.387461 0.724794 0.051183 0.039848
14 0.628151 0.176079 0.022059 0.042640
0 0.343069 0.011366 0.060990 0.014610
12 0.836397 0.080885 0.021008 0.040609
1 0.304359 0.283407 0.122768 0.023350
0 0.464548 0.570511 0.009454 0.018274
0 0.480305 0.570511 0.009454 0.018274
0 0.496061 0.570511 0.009454 0.018274
0 0.511817 0.570511 0.009454 0.018274
0 0.527574 0.570511 0.009454 0.018274
9 0.149422 0.011358 0.008403 0.011168
9 0.366071 0.833725 0.008403 0.011168
1 0.789588 0.047890 0.106224 0.019289
1 0.954044 0.926396 0.034139 0.065990
1 0.192481 0.097732 0.094521 0.019289
1 0.579713 0.832852 0.043026 0.015228
2 0.884979 0.937056 0.127101 0.042640
2 0.377101 0.368020 0.234244 0.035533
2 0.231092 0.456853 0.136555 0.040609
3 0.622374 0.078173 0.105042 0.032487
3 0.478466 0.925381 0.085084 0.059898
3 0.346113 0.582741 0.105042 0.032487
4 0.548845 0.051777 0.161765 0.024365
4 0.825105 0.463452 0.047269 0.035533
4 0.538340 0.212183 0.113445 0.022335
4 0.689076 0.582741 0.113445 0.026396
4 0.259191 0.762944 0.047794 0.035533
5 0.293330 0.933503 0.046744 0.015228
5 0.334296 0.586294 0.024685 0.047716
5 0.544380 0.208629 0.006828 0.013198
5 0.591649 0.321320 0.006828 0.013198
6 0.195378 0.340102 0.010504 0.020305
6 0.865546 0.246701 0.010504 0.020305
6 0.416492 0.967513 0.010504 0.020305
7 0.532038 0.470051 0.423319 0.097462
7 0.296744 0.577665 0.297269 0.032487
7 0.386555 0.343655 0.747899 0.001015
10 0.405462 0.074112 0.092437 0.038579
10 0.488971 0.860914 0.019958 0.026396
10 0.488971 0.309645 0.023109 0.044670
10 0.767857 0.064975 0.019958 0.026396
10 0.434349 0.395939 0.023109 0.044670
12 0.487395 0.666497 0.009454 0.045685
12 0.371324 0.383249 0.021008 0.035533
12 0.105042 0.397970 0.038866 0.040609
12 0.438025 0.177665 0.022059 0.024365
12 0.357931 0.611675 0.495273 0.049746
13 0.206933 0.777665 0.021008 0.040609
13 0.897059 0.028934 0.021008 0.039594
13 0.646534 0.049746 0.015756 0.030457
14 0.585347 0.983756 0.007878 0.020305
