1 0.259716 0.858875 0.141807 0.282249
1 0.417279 0.858875 0.141807 0.282249
1 0.574842 0.858875 0.141807 0.282249
1 0.732405 0.858875 0.141807 0.282249
0 0.763926 0.955044 0.436532 0.071685
9 0.259716 0.795416 0.140756 0.153299
9 0.417279 0.795416 0.140756 0.153299
9 0.732405 0.795416 0.140756 0.153299
9 0.574842 0.795416 0.140756 0.153299
1 0.308955 0.109129 0.240284 0.076126
9 0.276905 0.109129 0.176183 0.076126
0 0.334559 0.478157 0.249475 0.042640
0 0.498630 0.213182 0.076960 0.060914
0 0.317555 0.213182 0.075433 0.060914
0 0.258284 0.478157 0.096926 0.042640
0 0.686712 0.213182 0.054294 0.060914
0 0.215755 0.213182 0.053883 0.060914
0 0.836537 0.953522 0.074810 0.042243
0 0.777155 0.213182 0.052308 0.060914
0 0.598333 0.213182 0.048163 0.060914
0 0.681259 0.953522 0.068368 0.042243
0 0.757287 0.953522 0.065651 0.042243
0 0.407715 0.213182 0.030585 0.060914
14 0.975315 0.952506 0.023109 0.044670
12 0.669011 0.108106 0.042542 0.018274
0 0.725586 0.109121 0.029642 0.024365
0 0.691304 0.020305 0.028452 0.020305
0 0.740842 0.020305 0.028608 0.020305
0 0.778115 0.109121 0.034631 0.016244
0 0.789731 0.020305 0.027155 0.020305
0 0.642779 0.020305 0.026581 0.020305
0 0.564822 0.020305 0.015888 0.020305
0 0.601128 0.020305 0.014706 0.020305
12 0.687869 0.111152 0.010077 0.016244
1 0.258284 0.476507 0.096926 0.022335
1 0.070928 0.979172 0.046727 0.018274
2 0.230567 0.822335 0.101891 0.026396
2 0.796481 0.629442 0.023634 0.040609
2 0.856618 0.383756 0.101891 0.044670
2 0.812500 0.049746 0.197479 0.050761
2 0.176733 0.347208 0.154937 0.064975
3 0.266282 0.512690 0.105042 0.032487
3 0.330357 0.694924 0.065126 0.031472
3 0.936450 0.773604 0.006303 0.020305
3 0.591649 0.221827 0.083508 0.043655
4 0.105042 0.657868 0.088235 0.044670
4 0.341387 0.958376 0.260504 0.022335
4 0.086397 0.611168 0.162290 0.024365
5 0.453256 0.500508 0.012605 0.024365
5 0.116334 0.235533 0.055147 0.034518
5 0.741859 0.622843 0.006828 0.013198
6 0.542542 0.106599 0.010504 0.020305
6 0.659664 0.128934 0.010504 0.020305
6 0.161239 0.423350 0.010504 0.020305
6 0.057248 0.668020 0.010504 0.020305
6 0.167542 0.770558 0.010504 0.020305
6 0.168067 0.129949 0.010504 0.020305
6 0.227941 0.173604 0.010504 0.020305
7 0.256828 0.794924 0.260504 0.162437
7 0.643382 0.441624 0.297269 0.032487
7 0.713235 0.830457 0.423319 0.097462
10 0.736607 0.169036 0.053046 0.049746
12 0.061187 0.126396 0.007878 0.015228
13 0.660189 0.817259 0.017857 0.032487
13 0.810399 0.715736 0.016807 0.032487
13 0.152311 0.144162 0.113445 0.048731
13 0.143120 0.406599 0.044643 0.019289
13 0.443277 0.128426 0.021008 0.039594
13 0.161502 0.958883 0.044643 0.019289
13 0.239233 0.098477 0.089811 0.111675
14 0.142332 0.665990 0.025210 0.048731
14 0.794905 0.048223 0.038340 0.031472
14 0.483718 0.148223 0.007353 0.014213
14 0.788866 0.378680 0.023109 0.044670
