9 0.500000 0.500000 1.000000 1.000000
9 0.202452 0.094416 0.053571 0.087310
0 0.202452 0.407107 0.087185 0.050761
0 0.202452 0.336041 0.087185 0.050761
0 0.202452 0.478173 0.087185 0.050761
0 0.202452 0.549239 0.087185 0.050761
0 0.202452 0.193909 0.087185 0.050761
0 0.202452 0.264975 0.087185 0.050761
1 0.689876 0.453046 0.120298 0.017259
1 0.202452 0.406298 0.087185 0.017259
1 0.202452 0.335232 0.087185 0.017259
1 0.202452 0.477364 0.087185 0.017259
1 0.202452 0.548430 0.087185 0.017259
1 0.202452 0.193100 0.087185 0.017259
1 0.202452 0.264166 0.087185 0.017259
1 0.672384 0.392132 0.085314 0.017259
1 0.664321 0.513959 0.069188 0.017259
1 0.656796 0.331218 0.054138 0.017259
1 0.818798 0.209391 0.042025 0.017259
2 0.122899 0.083756 0.241597 0.039594
2 0.017595 0.381726 0.023634 0.040609
2 0.331933 0.796447 0.241597 0.039594
2 0.211397 0.578680 0.076155 0.036548
2 0.480042 0.228934 0.236345 0.055838
3 0.642595 0.421827 0.115021 0.021320
3 0.294380 0.928426 0.183298 0.043655
4 0.111345 0.012183 0.015756 0.018274
4 0.402311 0.669036 0.113445 0.026396
5 0.053309 0.345685 0.006828 0.013198
5 0.874212 0.192386 0.006828 0.013198
5 0.298845 0.270051 0.016807 0.032487
5 0.956670 0.556853 0.006828 0.013198
6 0.970326 0.250254 0.006828 0.013198
6 0.596639 0.747208 0.010504 0.020305
10 0.067489 0.460914 0.131828 0.184772
10 0.690651 0.728934 0.192227 0.026396
10 0.185924 0.457360 0.024160 0.047716
12 0.925420 0.861929 0.038866 0.040609
12 0.725315 0.201523 0.126050 0.047716
12 0.717962 0.821320 0.016807 0.024365
12 0.617647 0.808629 0.021008 0.023350
13 0.712973 0.082234 0.110819 0.036548
13 0.071954 0.483249 0.015756 0.030457
13 0.449055 0.561421 0.042017 0.014213
14 0.765231 0.473604 0.030462 0.049746
