9 0.521140 0.628498 0.957721 0.743004
1 0.517833 0.136041 0.238314 0.042640
0 0.355354 0.207067 0.103877 0.034914
0 0.635677 0.207067 0.089089 0.034914
0 0.534520 0.207067 0.070058 0.034914
9 0.376132 0.136405 0.042017 0.055552
0 0.792833 0.207067 0.059291 0.034914
0 0.453396 0.207067 0.049025 0.034914
0 0.721704 0.207067 0.039801 0.034914
0 0.264209 0.207067 0.035247 0.034914
9 0.068540 0.021320 0.021008 0.040609
0 0.263996 0.061421 0.060883 0.014213
0 0.267389 0.061421 0.067670 0.012183
1 0.202879 0.021320 0.120831 0.023350
9 0.063288 0.061929 0.010504 0.020305
1 0.492380 0.573390 0.073242 0.031773
1 0.208114 0.208082 0.033778 0.036945
1 0.492384 0.615316 0.035928 0.031773
1 0.906964 0.060914 0.054244 0.015228
1 0.376900 0.159105 0.043551 0.018274
1 0.068540 0.035025 0.021008 0.023350
1 0.174895 0.208082 0.010504 0.036945
1 0.832996 0.060914 0.014402 0.015228
1 0.860019 0.060914 0.011907 0.015228
2 0.491071 0.291878 0.512605 0.023350
2 0.519958 0.058883 0.074580 0.036548
2 0.580095 0.181726 0.076155 0.036548
2 0.243172 0.250254 0.234244 0.035533
3 0.646008 0.560406 0.057773 0.024365
4 0.497899 0.344162 0.113445 0.026396
4 0.341387 0.458883 0.093487 0.020305
4 0.248162 0.164975 0.094013 0.023350
4 0.768645 0.889848 0.000525 0.001015
4 0.040441 0.184264 0.060924 0.019289
4 0.127626 0.185787 0.113445 0.026396
4 0.239496 0.790355 0.050420 0.035533
5 0.784926 0.517259 0.006828 0.013198
5 0.738183 0.976142 0.000525 0.001015
5 0.837185 0.169543 0.077731 0.032487
6 0.936975 0.024365 0.010504 0.020305
6 0.391282 0.948223 0.010504 0.020305
7 0.565126 0.049746 0.423319 0.097462
7 0.609769 0.216751 0.747899 0.001015
7 0.364496 0.083249 0.260504 0.162437
10 0.075105 0.034518 0.019958 0.026396
10 0.032038 0.593401 0.025210 0.047716
12 0.694328 0.415228 0.273109 0.048731
13 0.273372 0.835533 0.012080 0.022335
14 0.332721 0.788325 0.038340 0.031472
