9 0.498030 0.384161 0.996061 0.386596
9 0.262166 0.861699 0.217084 0.276602
9 0.496057 0.861699 0.217084 0.276602
9 0.729948 0.861699 0.217084 0.276602
12 0.706145 0.086294 0.216387 0.046701
11 0.249360 0.278173 0.128775 0.073096
11 0.582823 0.668020 0.113946 0.073096
11 0.582823 0.741117 0.113946 0.073096
11 0.669040 0.278173 0.113946 0.073096
11 0.757135 0.375635 0.113946 0.073096
11 0.757135 0.448731 0.113946 0.073096
11 0.757135 0.521827 0.113946 0.073096
11 0.240957 0.162437 0.110918 0.056853
11 0.249360 0.217259 0.128775 0.048731
11 0.249360 0.339086 0.128775 0.048731
11 0.249360 0.387817 0.128775 0.048731
11 0.249360 0.436548 0.128775 0.048731
11 0.249360 0.485279 0.128775 0.048731
11 0.249360 0.534010 0.128775 0.048731
11 0.249360 0.582741 0.128775 0.048731
11 0.249360 0.631472 0.128775 0.048731
9 0.206317 0.081218 0.105387 0.056853
0 0.740021 0.920812 0.126576 0.044670
11 0.370195 0.217259 0.113946 0.048731
11 0.370195 0.265990 0.113946 0.048731
11 0.370195 0.314721 0.113946 0.048731
11 0.370195 0.363452 0.113946 0.048731
11 0.370195 0.412183 0.113946 0.048731
11 0.481187 0.217259 0.113946 0.048731
11 0.481187 0.265990 0.113946 0.048731
11 0.481187 0.314721 0.113946 0.048731
11 0.582823 0.217259 0.113946 0.048731
11 0.582823 0.265990 0.113946 0.048731
11 0.582823 0.314721 0.113946 0.048731
11 0.582823 0.363452 0.113946 0.048731
11 0.582823 0.412183 0.113946 0.048731
11 0.582823 0.460914 0.113946 0.048731
11 0.582823 0.509645 0.113946 0.048731
11 0.582823 0.558376 0.113946 0.048731
11 0.582823 0.607107 0.113946 0.048731
11 0.669040 0.217259 0.113946 0.048731
11 0.669040 0.339086 0.113946 0.048731
11 0.669040 0.387817 0.113946 0.048731
11 0.757135 0.217259 0.113946 0.048731
11 0.757135 0.265990 0.113946 0.048731
11 0.757135 0.314721 0.113946 0.048731
11 0.757135 0.582741 0.113946 0.048731
11 0.757135 0.631472 0.113946 0.048731
11 0.757135 0.680203 0.113946 0.048731
11 0.360577 0.162437 0.093660 0.056853
11 0.466891 0.162437 0.084304 0.056853
11 0.647974 0.162437 0.070764 0.056853
11 0.560818 0.162437 0.068885 0.056853
0 0.630498 0.920812 0.084066 0.044670
11 0.732332 0.162437 0.063288 0.056853
0 0.555808 0.086294 0.059078 0.044670
0 0.205328 0.014213 0.083139 0.028426
11 0.169561 0.162437 0.030823 0.056853
12 0.826418 0.086294 0.024160 0.046701
11 0.304819 0.162437 0.016807 0.056853
11 0.415810 0.162437 0.016807 0.056853
11 0.517447 0.162437 0.016807 0.056853
11 0.603663 0.162437 0.016807 0.056853
11 0.691759 0.162437 0.016807 0.056853
11 0.772379 0.162437 0.016807 0.056853
0 0.826155 0.086294 0.012605 0.024365
12 0.826155 0.086294 0.012605 0.024365
9 0.014706 0.014213 0.012605 0.016244
0 0.302718 0.162437 0.008403 0.016244
0 0.413710 0.162437 0.008403 0.016244
0 0.515346 0.162437 0.008403 0.016244
0 0.601562 0.162437 0.008403 0.016244
0 0.689658 0.162437 0.008403 0.016244
0 0.770278 0.162437 0.008403 0.016244
12 0.597689 0.062437 0.000525 0.001015
0 0.819590 0.086294 0.000525 0.001015
1 0.374307 0.913198 0.073341 0.017259
1 0.023634 0.045685 0.023109 0.044670
2 0.883929 0.190863 0.074580 0.036548
2 0.080095 0.978680 0.076155 0.036548
2 0.423057 0.091878 0.283088 0.043655
3 0.795956 0.902030 0.183298 0.043655
3 0.224527 0.918274 0.083508 0.043655
3 0.282563 0.944670 0.065126 0.031472
3 0.120273 0.646701 0.057773 0.024365
4 0.060924 0.770051 0.047269 0.035533
4 0.717962 0.379188 0.032563 0.019289
5 0.507616 0.486802 0.046744 0.015228
5 0.144170 0.007614 0.000525 0.001015
5 0.308298 0.805076 0.039916 0.034518
5 0.312763 0.091878 0.024685 0.047716
6 0.026261 0.068020 0.010504 0.020305
6 0.765756 0.726904 0.010504 0.020305
6 0.537290 0.726904 0.010504 0.020305
6 0.641282 0.881218 0.010504 0.020305
7 0.422794 0.184772 0.260504 0.162437
7 0.771534 0.238579 0.327731 0.030457
7 0.416492 0.281726 0.747899 0.001015
7 0.473739 0.811675 0.747899 0.001015
10 0.338761 0.885787 0.161765 0.025381
10 0.602416 0.687310 0.019958 0.038579
10 0.086134 0.071066 0.010504 0.020305
10 0.694590 0.526396 0.053046 0.049746
10 0.855042 0.676142 0.173319 0.073096
10 0.337710 0.112690 0.010504 0.020305
12 0.686450 0.967513 0.008403 0.016244
13 0.161239 0.160914 0.012605 0.023350
13 0.816964 0.294416 0.019433 0.014213
13 0.595588 0.503553 0.021008 0.040609
13 0.050420 0.631472 0.040966 0.042640
14 0.790441 0.774619 0.010504 0.020305
14 0.606092 0.505584 0.012605 0.024365
14 0.170168 0.788832 0.015756 0.030457
