0 0.764845 0.045130 0.094062 0.050349
1 0.776786 0.762040 0.137080 0.046891
1 0.776786 0.580536 0.137080 0.046891
1 0.776786 0.671288 0.137080 0.046891
1 0.776786 0.852792 0.137080 0.046891
0 0.850799 0.045130 0.077846 0.050349
18 0.162487 0.046177 0.105042 0.032487
0 0.067719 0.046177 0.067686 0.050349
0 0.622497 0.928855 0.104271 0.019480
0 0.180935 0.945098 0.084034 0.019480
10 0.496053 0.041712 0.031513 0.050936
1 0.920833 0.045654 0.062221 0.051396
18 0.029412 0.124143 0.008403 0.040609
0 0.669717 0.928855 0.013904 0.026875
18 0.069607 0.282725 0.010504 0.020305
18 0.069558 0.345051 0.010504 0.020305
18 0.080636 0.407376 0.010504 0.020305
18 0.092921 0.478220 0.010504 0.020305
18 0.069065 0.549064 0.010504 0.020305
18 0.088408 0.629235 0.010504 0.020305
18 0.050100 0.728093 0.010504 0.020305
0 0.218065 0.945098 0.009774 0.018893
18 0.016807 0.124143 0.008403 0.016244
18 0.042017 0.124143 0.008403 0.016244
18 0.016807 0.282725 0.008403 0.016244
18 0.016807 0.345051 0.008403 0.016244
18 0.016807 0.407376 0.008403 0.016244
18 0.016807 0.478220 0.008403 0.016244
18 0.016807 0.549064 0.008403 0.016244
18 0.016807 0.629235 0.008403 0.016244
