9 0.496061 0.598985 0.992122 0.802030
0 0.496061 0.976927 0.614496 0.046145
9 0.117294 0.100508 0.203076 0.050761
0 0.653361 0.900508 0.178571 0.036548
11 0.876576 0.100508 0.084034 0.038579
0 0.876576 0.100508 0.084034 0.038579
0 0.787290 0.900508 0.084034 0.036548
0 0.608718 0.900508 0.084034 0.036548
0 0.698004 0.900508 0.084034 0.036548
1 0.117294 0.098572 0.203076 0.026396
0 0.231092 0.985557 0.084559 0.028886
0 0.950105 0.100508 0.052521 0.038579
0 0.949990 0.022335 0.052751 0.024365
0 0.896008 0.961421 0.029412 0.056853
12 0.971113 0.177157 0.042017 0.039594
1 0.768226 0.177157 0.100709 0.039594
12 0.963235 0.177157 0.026261 0.039594
0 0.896008 0.902538 0.021008 0.040609
0 0.896008 0.801015 0.021008 0.040609
0 0.896008 0.851777 0.021008 0.040609
12 0.969538 0.177157 0.015756 0.038579
1 0.671629 0.177157 0.060974 0.039594
1 0.595075 0.177157 0.060621 0.039594
1 0.920394 0.177157 0.059423 0.039594
1 0.854632 0.177157 0.040589 0.039594
1 0.834826 0.837563 0.059291 0.024365
1 0.766926 0.837563 0.055451 0.024365
2 0.289653 0.020812 0.131828 0.031472
2 0.426733 0.377665 0.157038 0.048731
2 0.535452 0.048223 0.037290 0.027411
3 0.613445 0.227411 0.105042 0.032487
3 0.738708 0.668528 0.115021 0.021320
3 0.460609 0.583249 0.006303 0.013198
4 0.850315 0.202030 0.113445 0.026396
5 0.736607 0.110152 0.006828 0.013198
5 0.311450 0.326904 0.012605 0.024365
6 0.310924 0.894416 0.010504 0.020305
6 0.564076 0.555330 0.010504 0.020305
6 0.668592 0.408122 0.010504 0.020305
7 0.545168 0.690355 0.260504 0.162437
7 0.540441 0.744670 0.747899 0.001015
7 0.738971 0.197970 0.423319 0.097462
7 0.507878 0.883756 0.747899 0.001015
7 0.559349 0.974112 0.747899 0.001015
7 0.395483 0.496447 0.314076 0.113706
10 0.492647 0.947208 0.019958 0.026396
10 0.751313 0.550254 0.131828 0.184772
10 0.802521 0.328426 0.057773 0.049746
10 0.702731 0.450761 0.022059 0.042640
10 0.173319 0.799492 0.025210 0.047716
10 0.029149 0.158883 0.044643 0.049746
10 0.399160 0.889340 0.010504 0.020305
10 0.597164 0.793401 0.086134 0.051777
10 0.783351 0.198477 0.053046 0.049746
13 0.421744 0.340102 0.050420 0.083249
13 0.232668 0.087310 0.015756 0.030457
13 0.571429 0.238579 0.012605 0.024365
14 0.872374 0.857868 0.012605 0.024365
14 0.189863 0.745178 0.007878 0.020305
14 0.595588 0.861929 0.023109 0.044670
14 0.887342 0.127919 0.019433 0.036548
14 0.796481 0.148223 0.007878 0.020305
