9 0.247624 0.077705 0.204807 0.061881
0 0.450171 0.156996 0.098329 0.047970
0 0.184800 0.156996 0.095966 0.047970
12 0.736308 0.091640 0.131754 0.032487
0 0.277295 0.156996 0.089023 0.047970
0 0.541783 0.156996 0.084895 0.047970
0 0.361406 0.156996 0.079200 0.047970
0 0.615903 0.156996 0.063345 0.047970
0 0.695776 0.486405 0.067498 0.041085
0 0.824543 0.091640 0.044717 0.032487
0 0.334510 0.011168 0.059414 0.016244
9 0.149422 0.011199 0.008403 0.011168
1 0.782986 0.052364 0.037922 0.013579
1 0.828888 0.052364 0.036026 0.013579
2 0.568015 0.581218 0.131828 0.031472
2 0.290966 0.492893 0.411765 0.021320
2 0.061975 0.234518 0.101891 0.044670
3 0.228992 0.720812 0.105042 0.032487
4 0.190126 0.093401 0.161765 0.024365
4 0.704832 0.180711 0.113445 0.022335
4 0.056723 0.407107 0.113445 0.026396
4 0.154674 0.237563 0.067752 0.020305
5 0.810137 0.445178 0.006828 0.013198
5 0.259191 0.863452 0.006828 0.013198
6 0.557248 0.705584 0.010504 0.020305
6 0.346639 0.147208 0.010504 0.020305
6 0.507878 0.524873 0.010504 0.020305
6 0.592437 0.606091 0.010504 0.020305
6 0.376050 0.401015 0.010504 0.020305
7 0.406513 0.197462 0.747899 0.001015
7 0.391282 0.521827 0.314076 0.113706
7 0.236870 0.750254 0.314076 0.113706
10 0.652048 0.435025 0.131828 0.254822
10 0.335084 0.284264 0.010504 0.020305
10 0.672794 0.082741 0.071429 0.063959
12 0.333508 0.923858 0.304622 0.050761
13 0.638393 0.342132 0.032038 0.014213
13 0.058824 0.161421 0.015756 0.030457
13 0.936450 0.425381 0.014706 0.028426
13 0.323529 0.544162 0.014706 0.028426
14 0.057511 0.871066 0.022584 0.042640
14 0.109244 0.462944 0.015756 0.030457
14 0.300420 0.303553 0.008403 0.016244
