1 0.526158 0.974619 0.028599 0.018274
1 0.559632 0.974619 0.019441 0.018274
2 0.718225 0.263959 0.157038 0.048731
2 0.902574 0.477157 0.023634 0.040609
2 0.528361 0.495431 0.074580 0.036548
2 0.460872 0.438071 0.157038 0.049746
2 0.742910 0.116244 0.228466 0.033503
2 0.755777 0.583756 0.197479 0.050761
3 0.259979 0.160914 0.037815 0.047716
3 0.891807 0.090863 0.132353 0.035533
3 0.792805 0.034010 0.115021 0.021320
3 0.766807 0.185279 0.132353 0.035533
3 0.657300 0.098477 0.027836 0.012183
3 0.499475 0.725888 0.105042 0.032487
5 0.953519 0.851269 0.006828 0.013198
7 0.558298 0.772081 0.747899 0.001015
7 0.236345 0.544162 0.314076 0.113706
7 0.451155 0.474112 0.260504 0.162437
7 0.802521 0.057868 0.297269 0.032487
10 0.216912 0.624365 0.092437 0.038579
10 0.848739 0.577157 0.086134 0.051777
10 0.244223 0.137056 0.019958 0.026396
10 0.117647 0.386802 0.173319 0.227411
12 0.272584 0.887310 0.012605 0.024365
12 0.818803 0.582234 0.042017 0.039594
13 0.890231 0.300508 0.014706 0.028426
14 0.075630 0.651777 0.008403 0.016244
14 0.451418 0.426396 0.070903 0.038579
14 0.177258 0.161421 0.005777 0.010152
