9 0.496061 0.494337 0.521008 0.442576
9 0.878283 0.494337 0.243435 0.442576
9 0.117778 0.494337 0.235557 0.442576
9 0.329241 0.085676 0.170562 0.101523
1 0.368697 0.405552 0.178046 0.087088
1 0.684431 0.941815 0.127446 0.074714
1 0.337095 0.941815 0.127446 0.074714
1 0.510763 0.941815 0.127454 0.074714
1 0.873687 0.407281 0.167017 0.058058
0 0.542292 0.187484 0.072750 0.071637
0 0.422704 0.187484 0.064781 0.071637
1 0.329241 0.124762 0.170562 0.037563
12 0.672224 0.105568 0.110926 0.032487
0 0.259692 0.187484 0.048270 0.071637
0 0.367294 0.187484 0.046038 0.071637
1 0.314051 0.187484 0.060448 0.071637
9 0.428128 0.938864 0.021008 0.040609
0 0.479623 0.011366 0.060990 0.014610
1 0.480506 0.187484 0.050822 0.071637
9 0.254464 0.938864 0.021008 0.040609
0 0.250263 0.494337 0.021008 0.040609
9 0.601800 0.938864 0.021008 0.040609
0 0.741859 0.494337 0.021008 0.040609
0 0.281775 0.642529 0.021008 0.040609
0 0.306985 0.642529 0.021008 0.040609
0 0.332195 0.642529 0.021008 0.040609
0 0.357405 0.642529 0.021008 0.040609
0 0.737924 0.105568 0.020475 0.032487
9 0.789916 0.936889 0.010504 0.011342
12 0.737924 0.105560 0.007870 0.016894
9 0.285977 0.011358 0.008403 0.011168
1 0.789916 0.951777 0.034139 0.065990
1 0.635549 0.060803 0.037577 0.015228
1 0.730153 0.060803 0.036018 0.015228
1 0.683241 0.060803 0.031660 0.015228
2 0.687763 0.127411 0.228466 0.033503
2 0.436187 0.314213 0.054097 0.021320
2 0.886029 0.629442 0.101891 0.044670
3 0.587973 0.034518 0.027836 0.012183
3 0.288340 0.310660 0.006303 0.020305
3 0.393120 0.020812 0.106618 0.021320
3 0.918067 0.646193 0.132353 0.035533
4 0.179359 0.688832 0.000525 0.001015
4 0.842700 0.554822 0.309349 0.039594
4 0.923845 0.422335 0.113445 0.026396
5 0.945116 0.016751 0.006828 0.013198
5 0.354779 0.184264 0.006828 0.013198
5 0.130515 0.874619 0.006828 0.013198
5 0.957721 0.039086 0.006828 0.013198
5 0.179359 0.420812 0.006828 0.013198
5 0.165441 0.496447 0.031513 0.040609
5 0.050420 0.428426 0.016807 0.032487
5 0.436450 0.312690 0.012605 0.024365
6 0.599790 0.635533 0.010504 0.020305
6 0.974790 0.073096 0.010504 0.020305
6 0.024685 0.883249 0.010504 0.020305
6 0.590336 0.195939 0.010504 0.020305
7 0.439601 0.571574 0.297269 0.032487
7 0.401786 0.453807 0.260504 0.162437
10 0.625263 0.235025 0.131828 0.254822
10 0.838235 0.242640 0.019958 0.026396
10 0.010504 0.596954 0.019958 0.038579
10 0.676471 0.608122 0.192227 0.026396
10 0.683824 0.310660 0.173319 0.227411
12 0.951155 0.703046 0.021008 0.023350
12 0.316176 0.361929 0.588235 0.039594
12 0.524685 0.327919 0.011555 0.022335
12 0.845851 0.871066 0.257878 0.048731
13 0.591912 0.592386 0.021008 0.039594
14 0.265231 0.662944 0.021008 0.040609
14 0.702468 0.833503 0.125525 0.136041
14 0.515756 0.284264 0.012605 0.024365
14 0.851891 0.129949 0.105042 0.040609
