10 0.692489 0.602126 0.367647 0.499683
1 0.258576 0.126396 0.285534 0.090355
0 0.184410 0.024365 0.154010 0.048731
0 0.324531 0.237563 0.107881 0.064975
0 0.220371 0.237563 0.100438 0.064975
10 0.178309 0.106599 0.091387 0.050761
0 0.138779 0.237563 0.062746 0.064975
18 0.859084 0.145178 0.047064 0.052792
3 0.857405 0.024365 0.037815 0.048731
1 0.793096 0.024365 0.090804 0.048731
10 0.124212 0.098477 0.016807 0.034518
18 0.851731 0.144162 0.023955 0.021320
0 0.254062 0.024365 0.014706 0.028426
18 0.871061 0.145178 0.014706 0.028426
4 0.835289 0.118274 0.000525 0.001015
1 0.822770 0.091878 0.040663 0.021320
1 0.862859 0.091878 0.039514 0.021320
1 0.783170 0.091878 0.038537 0.021320
