2 0.633403 0.409645 0.239496 0.052792
1 0.627318 0.532487 0.229427 0.038579
3 0.279412 0.704061 0.105042 0.032487
0 0.665453 0.614721 0.069878 0.040609
0 0.733599 0.614721 0.041204 0.040609
0 0.536863 0.457360 0.048516 0.018274
1 0.719809 0.704061 0.033630 0.048731
1 0.755917 0.704061 0.030183 0.048731
1 0.685830 0.704061 0.025924 0.048731
2 0.589286 0.963959 0.512605 0.023350
3 0.451155 0.442640 0.006303 0.020305
3 0.325630 0.115228 0.006303 0.013198
3 0.289391 0.501523 0.006303 0.020305
4 0.888918 0.395939 0.094013 0.024365
5 0.238708 0.265482 0.006828 0.013198
5 0.455357 0.899492 0.040966 0.034518
5 0.628939 0.731472 0.006828 0.013198
6 0.403887 0.175635 0.010504 0.020305
7 0.458508 0.928934 0.297269 0.032487
7 0.638655 0.823350 0.327731 0.030457
7 0.421218 0.876142 0.260504 0.162437
10 0.433298 0.463959 0.019958 0.026396
10 0.783613 0.343147 0.019958 0.026396
10 0.726891 0.260914 0.019958 0.038579
10 0.429359 0.308629 0.131828 0.184772
10 0.608718 0.613198 0.010504 0.020305
12 0.755777 0.723858 0.008403 0.016244
13 0.760504 0.977665 0.015756 0.030457
13 0.444853 0.144162 0.012605 0.024365
13 0.829832 0.678680 0.021008 0.039594
14 0.950105 0.802030 0.006303 0.012183
