9 0.496061 0.317452 0.488971 0.531662
7 0.496061 0.481218 0.314076 0.113706
1 0.235557 0.846701 0.110294 0.306599
1 0.365809 0.846701 0.110294 0.306599
1 0.496061 0.846701 0.110294 0.306599
1 0.626313 0.846701 0.110294 0.306599
1 0.756565 0.846701 0.110294 0.306599
9 0.235557 0.800000 0.110294 0.213198
9 0.365809 0.800000 0.110294 0.213198
9 0.496061 0.800000 0.110294 0.213198
9 0.626313 0.800000 0.110294 0.213198
9 0.756565 0.800000 0.110294 0.213198
3 0.053571 0.010660 0.107143 0.021320
0 0.210872 0.030457 0.068277 0.032487
4 0.053571 0.010660 0.107143 0.019289
1 0.733329 0.030457 0.075442 0.048731
0 0.635242 0.503553 0.023109 0.044670
0 0.012080 0.015228 0.016807 0.016244
1 0.496061 0.563452 0.102268 0.024365
1 0.290499 0.030457 0.057363 0.032487
1 0.352757 0.030457 0.050346 0.032487
1 0.799522 0.030457 0.031734 0.032487
2 0.402311 0.295431 0.493697 0.022335
2 0.068015 0.836548 0.076155 0.036548
2 0.728204 0.450254 0.236870 0.035533
3 0.435399 0.888325 0.006303 0.020305
3 0.133929 0.506091 0.132353 0.035533
3 0.841387 0.781726 0.057773 0.024365
4 0.577206 0.945178 0.113445 0.026396
4 0.860294 0.080203 0.113445 0.026396
5 0.833771 0.542640 0.006828 0.013198
5 0.139443 0.733503 0.006828 0.013198
5 0.284139 0.629442 0.012605 0.024365
5 0.582195 0.601523 0.006828 0.013198
5 0.813288 0.574112 0.006828 0.013198
6 0.683298 0.052792 0.010504 0.020305
6 0.592962 0.572589 0.010504 0.020305
6 0.979254 0.763959 0.006828 0.013198
7 0.166492 0.915736 0.327731 0.030457
7 0.579307 0.495431 0.297269 0.032487
7 0.749475 0.207107 0.314076 0.113706
7 0.261029 0.339086 0.314076 0.113706
7 0.242647 0.516751 0.314076 0.113706
10 0.305672 0.458376 0.029412 0.057868
10 0.560924 0.891371 0.010504 0.020305
10 0.122374 0.837563 0.019958 0.038579
10 0.254202 0.893401 0.022059 0.042640
12 0.367384 0.654822 0.033088 0.016244
12 0.243697 0.971574 0.090336 0.032487
14 0.426996 0.657360 0.006303 0.013198
14 0.408088 0.989848 0.006303 0.012183
