1 0.588847 0.502030 0.350143 0.429442
1 0.681628 0.878680 0.164563 0.242640
1 0.496057 0.878680 0.164563 0.242640
1 0.310485 0.945178 0.164563 0.099492
1 0.310485 0.815736 0.164563 0.098477
1 0.310485 0.446701 0.164563 0.091371
1 0.310485 0.690355 0.164563 0.091371
1 0.310485 0.568528 0.164563 0.091371
0 0.496061 0.034010 0.108193 0.040609
0 0.842515 0.034264 0.055516 0.068528
9 0.159926 0.034010 0.057248 0.032487
11 0.288771 0.033503 0.062049 0.017259
11 0.448205 0.033503 0.060719 0.017259
11 0.790749 0.034010 0.031209 0.032487
11 0.226037 0.033503 0.028755 0.017259
11 0.388446 0.033503 0.024135 0.017259
11 0.507156 0.033503 0.022518 0.017259
11 0.348087 0.033503 0.021919 0.017259
11 0.545230 0.033503 0.018965 0.017259
11 0.325573 0.035025 0.007353 0.014213
11 0.484342 0.035025 0.007353 0.014213
11 0.246192 0.035025 0.007353 0.014213
11 0.364824 0.035025 0.007353 0.014213
11 0.406291 0.035025 0.007353 0.014213
11 0.524192 0.035025 0.007353 0.014213
11 0.560489 0.035025 0.007353 0.014213
1 0.336085 0.931472 0.100217 0.015228
1 0.330763 0.777157 0.089573 0.015228
1 0.371246 0.185787 0.043945 0.024365
1 0.306431 0.533503 0.040909 0.015228
2 0.729517 0.525888 0.493697 0.022335
2 0.408876 0.036041 0.236870 0.035533
2 0.764443 0.691371 0.076155 0.036548
3 0.952731 0.474619 0.037815 0.047716
3 0.551471 0.842132 0.085084 0.059898
3 0.848214 0.396447 0.065126 0.031472
4 0.588235 0.195431 0.088235 0.043655
4 0.465599 0.480203 0.011029 0.018274
5 0.464023 0.167513 0.024685 0.048731
5 0.405462 0.603046 0.012605 0.024365
6 0.007353 0.885279 0.010504 0.020305
6 0.467437 0.873096 0.010504 0.020305
7 0.383403 0.062944 0.423319 0.097462
7 0.199580 0.310660 0.314076 0.113706
7 0.599265 0.213198 0.327731 0.030457
10 0.901261 0.559898 0.071429 0.063959
12 0.723214 0.382741 0.022059 0.024365
12 0.764443 0.899492 0.164391 0.038579
12 0.863971 0.861929 0.021008 0.040609
12 0.450105 0.947208 0.032563 0.058883
12 0.434874 0.447208 0.588235 0.039594
14 0.792017 0.091878 0.016807 0.037563
14 0.332983 0.618782 0.057773 0.045685
14 0.494223 0.301523 0.025210 0.048731
14 0.351366 0.642640 0.025210 0.048731
