9 0.692128 0.974833 0.183462 0.050333
9 0.496053 0.974833 0.183462 0.050333
9 0.299977 0.974833 0.183462 0.050333
0 0.725615 0.935025 0.145935 0.048731
0 0.776203 0.014213 0.144548 0.028426
0 0.728844 0.661350 0.089056 0.036532
0 0.757423 0.935025 0.057108 0.048731
0 0.692859 0.935025 0.055213 0.048731
0 0.283273 0.012183 0.089442 0.024365
0 0.812919 0.014213 0.071117 0.028426
0 0.740645 0.014213 0.063977 0.028426
0 0.232668 0.467354 0.048845 0.035533
0 0.497173 0.012183 0.069812 0.024365
0 0.364085 0.012183 0.067982 0.024365
0 0.205804 0.012183 0.061294 0.024365
0 0.430172 0.012183 0.059989 0.024365
14 0.811187 0.935025 0.025210 0.048731
0 0.023109 0.307329 0.022283 0.043072
0 0.969013 0.307329 0.022283 0.043072
0 0.811187 0.935025 0.012605 0.024365
0 0.491859 0.541561 0.008403 0.016244
0 0.510767 0.541561 0.008403 0.016244
1 0.439268 0.944670 0.117622 0.017259
1 0.153099 0.012183 0.018908 0.024365
2 0.787290 0.516244 0.149160 0.021320
2 0.549632 0.942132 0.157038 0.036548
2 0.405987 0.091371 0.197479 0.050761
2 0.527574 0.283756 0.054097 0.021320
2 0.219275 0.049239 0.034139 0.021320
3 0.377101 0.231472 0.105042 0.032487
3 0.933824 0.343147 0.057773 0.024365
3 0.105042 0.190355 0.085084 0.059898
4 0.245536 0.557868 0.000525 0.001015
5 0.856880 0.828934 0.006828 0.013198
5 0.900998 0.387310 0.006828 0.013198
5 0.062763 0.193909 0.024685 0.048731
6 0.179097 0.856853 0.010504 0.020305
7 0.750000 0.649746 0.297269 0.032487
7 0.465336 0.453807 0.327731 0.030457
10 0.432773 0.375127 0.025210 0.047716
10 0.223739 0.490863 0.057773 0.049746
10 0.818277 0.368528 0.019958 0.038579
10 0.880777 0.919797 0.192227 0.026396
10 0.815651 0.968528 0.010504 0.020305
13 0.823004 0.179695 0.014706 0.028426
13 0.278624 0.278173 0.129727 0.140102
13 0.153887 0.560406 0.021008 0.040609
14 0.175945 0.670051 0.023109 0.044670
14 0.872111 0.258376 0.038340 0.031472
14 0.021008 0.162437 0.022059 0.042640
14 0.102679 0.159391 0.170693 0.040609
14 0.366597 0.438579 0.023109 0.044670
