10 0.537290 0.752602 0.282563 0.307234
1 0.290421 0.682741 0.161724 0.173604
10 0.742384 0.691878 0.096113 0.185787
10 0.499996 0.371574 0.133904 0.085279
1 0.512601 0.970773 0.233185 0.058455
0 0.645614 0.853807 0.223477 0.048731
0 0.354386 0.853807 0.223477 0.048731
1 0.292382 0.963452 0.165646 0.073096
0 0.721946 0.334518 0.136990 0.057868
1 0.741215 0.841117 0.093775 0.096447
1 0.297794 0.849746 0.164916 0.036548
0 0.721946 0.351777 0.136990 0.023350
10 0.746586 0.487310 0.087710 0.024365
0 0.687562 0.317766 0.068220 0.024365
0 0.758157 0.317766 0.064568 0.024365
1 0.741580 0.984772 0.094505 0.030457
0 0.220063 0.487310 0.012605 0.024365
1 0.556497 0.532995 0.077789 0.015228
1 0.353667 0.271066 0.061212 0.016244
1 0.283507 0.271066 0.060202 0.016244
1 0.284065 0.790355 0.059956 0.015228
