9 0.496061 0.334050 0.756303 0.416323
1 0.500000 0.609645 0.285714 0.048731
2 0.314802 0.533074 0.173196 0.036548
0 0.643784 0.533074 0.147584 0.034518
0 0.485696 0.533074 0.147584 0.034518
11 0.350963 0.091371 0.077403 0.044670
0 0.754403 0.533074 0.061047 0.054822
11 0.563751 0.091371 0.071847 0.044670
11 0.491802 0.091371 0.067851 0.044670
11 0.423771 0.091371 0.064010 0.044670
11 0.283252 0.091371 0.053818 0.044670
11 0.229669 0.091371 0.049148 0.044670
9 0.230830 0.732059 0.033613 0.064975
9 0.378414 0.732059 0.033613 0.064975
9 0.525998 0.732059 0.033613 0.064975
9 0.673582 0.732059 0.033613 0.064975
4 0.251916 0.590942 0.093643 0.020305
13 0.719107 0.036548 0.039662 0.036548
0 0.537946 0.036548 0.026736 0.048731
1 0.654707 0.036548 0.080735 0.048731
0 0.568121 0.036548 0.025210 0.048731
1 0.240788 0.438658 0.067186 0.048731
14 0.637605 0.378173 0.018908 0.036548
9 0.568121 0.036548 0.012605 0.024365
5 0.205357 0.581298 0.000525 0.001015
1 0.251313 0.036548 0.075630 0.024365
1 0.760882 0.036548 0.035485 0.036548
1 0.597533 0.036548 0.025210 0.048731
2 0.474527 0.580711 0.076155 0.036548
2 0.312500 0.301523 0.396008 0.054822
2 0.257353 0.632487 0.173319 0.036548
3 0.659139 0.942640 0.111345 0.025381
5 0.860294 0.269036 0.012605 0.024365
5 0.115284 0.364467 0.055147 0.034518
5 0.219538 0.208122 0.077731 0.032487
6 0.702731 0.964467 0.010504 0.020305
6 0.617122 0.738071 0.010504 0.020305
6 0.936975 0.117766 0.010504 0.020305
6 0.683298 0.853807 0.010504 0.020305
7 0.181723 0.503553 0.327731 0.030457
7 0.398634 0.772589 0.327731 0.030457
7 0.299895 0.190863 0.327731 0.030457
7 0.696429 0.263959 0.297269 0.032487
7 0.595588 0.061929 0.314076 0.113706
7 0.719538 0.340102 0.314076 0.113706
10 0.631303 0.846701 0.022059 0.042640
10 0.796744 0.829949 0.024160 0.047716
10 0.915441 0.208122 0.019958 0.026396
12 0.542017 0.592893 0.025210 0.048731
13 0.263130 0.075127 0.014706 0.028426
13 0.471901 0.226396 0.019433 0.014213
13 0.691176 0.702538 0.064076 0.020305
14 0.423845 0.202030 0.012605 0.004061
