2 0.640494 0.056853 0.236345 0.056345
9 0.275780 0.056853 0.137170 0.081218
1 0.478848 0.142132 0.129062 0.038579
1 0.740694 0.142132 0.097919 0.038579
1 0.617557 0.142132 0.094210 0.038579
1 0.251403 0.142132 0.085265 0.038579
9 0.743172 0.058629 0.018382 0.035533
9 0.340106 0.142132 0.016987 0.030457
9 0.432289 0.142132 0.014936 0.030457
9 0.226669 0.142132 0.014788 0.030457
9 0.587944 0.142132 0.013976 0.030457
9 0.708595 0.142132 0.012712 0.030457
14 0.681985 0.886294 0.010504 0.020305
1 0.354172 0.142132 0.066127 0.038579
1 0.425855 0.898985 0.049206 0.017259
2 0.617122 0.483249 0.074580 0.036548
2 0.171481 0.734518 0.118172 0.041624
2 0.352941 0.440609 0.136555 0.040609
3 0.626313 0.161421 0.027836 0.012183
4 0.834821 0.086802 0.094013 0.023350
5 0.565389 0.682741 0.006828 0.013198
6 0.833508 0.983756 0.010504 0.020305
6 0.192227 0.085279 0.010504 0.020305
6 0.618697 0.154315 0.010504 0.020305
6 0.357143 0.600000 0.010504 0.020305
6 0.432773 0.484264 0.010504 0.020305
6 0.817227 0.627411 0.010504 0.020305
6 0.047269 0.588832 0.010504 0.020305
7 0.786239 0.851777 0.423319 0.097462
10 0.745798 0.302030 0.025210 0.047716
10 0.264181 0.469036 0.023109 0.044670
10 0.699055 0.657360 0.057773 0.049746
10 0.678571 0.312690 0.192227 0.026396
12 0.242647 0.184772 0.450630 0.040609
12 0.141282 0.937563 0.010504 0.021320
13 0.046744 0.896447 0.012605 0.024365
14 0.382878 0.852284 0.054622 0.045685
