12 0.496061 0.384867 0.346639 0.064975
0 0.496057 0.628426 0.173721 0.048731
0 0.723346 0.936056 0.081063 0.048731
1 0.751793 0.808931 0.097648 0.068623
1 0.263290 0.808931 0.089097 0.068623
0 0.751760 0.036548 0.076837 0.044670
1 0.638709 0.808931 0.086504 0.068623
0 0.496057 0.628426 0.155864 0.019892
0 0.805377 0.936056 0.065651 0.048731
0 0.757160 0.956932 0.066037 0.044670
9 0.238708 0.034518 0.073529 0.034518
0 0.661888 0.036548 0.029412 0.073096
1 0.528731 0.036548 0.064437 0.073096
0 0.788344 0.734010 0.045685 0.032487
1 0.588051 0.036548 0.054203 0.073096
12 0.651523 0.384867 0.023109 0.044670
1 0.901064 0.808931 0.053030 0.068623
14 0.975315 0.961945 0.023109 0.044670
1 0.974293 0.808931 0.051413 0.068623
0 0.751760 0.036548 0.050576 0.017259
1 0.410944 0.808931 0.050272 0.068623
1 0.549731 0.808931 0.049435 0.068623
0 0.748695 0.734010 0.016807 0.032487
0 0.757160 0.956932 0.039776 0.017259
0 0.727687 0.734010 0.016807 0.032487
1 0.480547 0.808931 0.046916 0.068623
0 0.788344 0.734010 0.027828 0.015228
0 0.661888 0.036548 0.012605 0.024365
9 0.189330 0.794924 0.012605 0.024365
9 0.263286 0.794924 0.012605 0.024365
9 0.346819 0.794924 0.012605 0.024365
9 0.410944 0.794924 0.012605 0.024365
9 0.480543 0.794924 0.012605 0.024365
9 0.549731 0.794924 0.012605 0.024365
9 0.638705 0.794924 0.012605 0.024365
9 0.751789 0.794924 0.012605 0.024365
9 0.837579 0.794924 0.012605 0.024365
9 0.901064 0.794924 0.012605 0.024365
9 0.980534 0.794924 0.012605 0.024365
1 0.694968 0.036548 0.036748 0.073096
0 0.651523 0.384867 0.008403 0.016244
0 0.727687 0.734010 0.007353 0.014213
0 0.748695 0.734010 0.007353 0.014213
1 0.346823 0.808931 0.035952 0.068623
2 0.072216 0.390863 0.054097 0.050761
2 0.419380 0.248731 0.076155 0.036548
2 0.769695 0.807614 0.037290 0.027411
2 0.495011 0.283249 0.076155 0.036548
3 0.580620 0.804569 0.083508 0.043655
3 0.099002 0.732995 0.027836 0.012183
3 0.576155 0.856853 0.006303 0.020305
3 0.515231 0.850254 0.085084 0.059898
3 0.423845 0.821320 0.057773 0.024365
3 0.391019 0.727411 0.183298 0.043655
4 0.098477 0.263959 0.162290 0.024365
4 0.947479 0.424365 0.015756 0.018274
4 0.889443 0.729442 0.000525 0.001015
4 0.349265 0.886294 0.113445 0.026396
4 0.605042 0.580711 0.113445 0.026396
5 0.160977 0.129442 0.006828 0.013198
6 0.383929 0.918782 0.010504 0.020305
6 0.776261 0.602030 0.010504 0.020305
7 0.616071 0.598985 0.260504 0.162437
7 0.478992 0.586802 0.423319 0.097462
7 0.608718 0.336041 0.423319 0.097462
10 0.788078 0.440102 0.044643 0.049746
10 0.468225 0.182234 0.053046 0.049746
10 0.308298 0.145178 0.192227 0.026396
10 0.270221 0.469543 0.044643 0.049746
12 0.156775 0.420812 0.231618 0.049746
12 0.438025 0.847716 0.009454 0.018274
12 0.634979 0.651777 0.273109 0.048731
13 0.842437 0.664975 0.016807 0.032487
13 0.576155 0.437563 0.014706 0.028426
13 0.313550 0.624365 0.016807 0.032487
