9 0.529674 0.775999 0.892857 0.448001
9 0.257755 0.273953 0.110737 0.321510
9 0.734318 0.273953 0.110737 0.321510
9 0.853458 0.273953 0.110737 0.321510
9 0.138614 0.273953 0.110737 0.321510
9 0.376896 0.273953 0.110737 0.321510
9 0.496036 0.273953 0.110737 0.321510
9 0.615177 0.273953 0.110737 0.321510
9 0.958615 0.273953 0.082770 0.321510
12 0.798057 0.124056 0.320903 0.053188
0 0.851723 0.040609 0.073948 0.064975
12 0.959034 0.040609 0.066176 0.064975
0 0.512868 0.804981 0.091452 0.036548
11 0.163738 0.040609 0.038857 0.064975
0 0.851723 0.040609 0.061343 0.031472
0 0.104254 0.273969 0.031513 0.060914
0 0.887868 0.273969 0.031513 0.060914
0 0.170558 0.184772 0.053760 0.036548
0 0.916775 0.040609 0.043551 0.031472
12 0.943803 0.124056 0.021008 0.036945
1 0.059849 0.040609 0.052472 0.064975
0 0.016282 0.090958 0.017857 0.034518
0 0.975840 0.090958 0.017857 0.034518
12 0.953256 0.040609 0.010504 0.020305
11 0.149824 0.040609 0.011029 0.016244
1 0.198127 0.094749 0.094850 0.027062
1 0.834083 0.094749 0.078978 0.027062
1 0.109945 0.040609 0.035115 0.064975
1 0.369551 0.094749 0.070001 0.027062
1 0.937656 0.094749 0.062713 0.027062
1 0.465874 0.094749 0.057190 0.027062
1 0.734346 0.094749 0.055040 0.027062
1 0.547589 0.094749 0.040802 0.027062
1 0.048356 0.094749 0.029486 0.027062
1 0.662044 0.094749 0.024110 0.027062
1 0.290051 0.094749 0.023544 0.027062
2 0.126050 0.580711 0.239496 0.052792
2 0.553571 0.880203 0.197479 0.050761
2 0.417542 0.652792 0.173319 0.036548
3 0.339548 0.188325 0.115021 0.021320
3 0.501576 0.627919 0.132353 0.035533
3 0.371061 0.174112 0.115021 0.021320
3 0.035189 0.224365 0.006303 0.020305
4 0.816176 0.744670 0.088235 0.043655
4 0.692752 0.569543 0.113445 0.026396
4 0.819328 0.702538 0.161765 0.024365
4 0.264706 0.943147 0.025210 0.048731
4 0.174632 0.712690 0.162290 0.024365
5 0.829569 0.247208 0.000525 0.001015
5 0.365546 0.330964 0.028361 0.034518
5 0.745273 0.677157 0.012605 0.024365
6 0.651786 0.728934 0.010504 0.020305
6 0.023897 0.123350 0.006828 0.013198
6 0.308824 0.382741 0.010504 0.020305
6 0.838761 0.597970 0.010504 0.020305
6 0.661765 0.444670 0.010504 0.020305
7 0.494748 0.027919 0.747899 0.001015
7 0.566176 0.679188 0.314076 0.113706
7 0.356618 0.081218 0.327731 0.030457
7 0.577206 0.900508 0.423319 0.097462
7 0.518382 0.456345 0.747899 0.001015
7 0.424895 0.002538 0.747899 0.001015
7 0.559349 0.283249 0.327731 0.030457
7 0.809874 0.608122 0.314076 0.113706
10 0.203256 0.307107 0.057773 0.049746
10 0.259454 0.595939 0.019958 0.026396
10 0.631828 0.784264 0.161765 0.025381
10 0.844538 0.312183 0.021008 0.047716
12 0.727416 0.837563 0.038866 0.040609
13 0.276786 0.869036 0.026261 0.050761
13 0.113708 0.743147 0.110819 0.036548
13 0.163866 0.825381 0.012605 0.024365
13 0.939076 0.722843 0.004202 0.004061
13 0.749737 0.869543 0.040441 0.031472
13 0.841124 0.134010 0.089811 0.111675
14 0.506303 0.763452 0.010504 0.020305
