9 0.347952 0.905021 0.312992 0.100397
9 0.681985 0.905021 0.312976 0.091957
0 0.496061 0.689848 0.281513 0.048731
0 0.496061 0.630964 0.281513 0.048731
12 0.470851 0.097454 0.275210 0.048715
1 0.496061 0.748731 0.281513 0.048731
0 0.238971 0.467195 0.149685 0.058883
0 0.409664 0.467195 0.149685 0.058883
1 0.219164 0.029949 0.084862 0.059898
12 0.633666 0.097462 0.050420 0.048731
11 0.284730 0.029949 0.039965 0.059898
9 0.219164 0.029949 0.078560 0.027062
1 0.346044 0.029949 0.070058 0.059898
1 0.342478 0.134010 0.173319 0.024365
1 0.342478 0.164467 0.173319 0.024365
1 0.342478 0.194924 0.173319 0.024365
1 0.342478 0.256853 0.173319 0.024365
1 0.342478 0.287310 0.173319 0.024365
1 0.342478 0.317766 0.173319 0.024365
1 0.342478 0.348223 0.173319 0.024365
1 0.342478 0.378680 0.173319 0.024365
11 0.296834 0.030727 0.009454 0.018274
1 0.798336 0.029949 0.034106 0.059898
2 0.659139 0.862944 0.144958 0.036548
2 0.196691 0.641624 0.076155 0.036548
2 0.772059 0.613706 0.107143 0.029442
3 0.632878 0.511675 0.105042 0.032487
3 0.351366 0.539594 0.085084 0.059898
3 0.564601 0.952792 0.006303 0.013198
4 0.839548 0.088832 0.027836 0.019289
4 0.218487 0.192893 0.113445 0.022335
5 0.894958 0.810152 0.016807 0.034518
5 0.313813 0.527411 0.006828 0.013198
5 0.674895 0.831472 0.012605 0.024365
6 0.050420 0.336041 0.010504 0.020305
7 0.556723 0.503553 0.297269 0.032487
7 0.191702 0.543147 0.297269 0.032487
10 0.477416 0.504569 0.019958 0.038579
10 0.033088 0.055838 0.010504 0.020305
10 0.655987 0.073096 0.023109 0.044670
12 0.058036 0.697462 0.110819 0.020305
12 0.314338 0.939086 0.066702 0.036548
13 0.271534 0.406091 0.014706 0.028426
13 0.381828 0.681218 0.021008 0.040609
13 0.377626 0.111168 0.021008 0.039594
13 0.393908 0.763452 0.010504 0.022335
14 0.560924 0.297462 0.012605 0.024365
14 0.592962 0.178173 0.046218 0.045685
