9 0.496061 0.437413 0.840336 0.696145
1 0.491855 0.069036 0.242803 0.032487
0 0.300789 0.589689 0.064617 0.048731
0 0.235807 0.589689 0.052743 0.048731
0 0.825105 0.025381 0.024160 0.044670
11 0.256122 0.025381 0.023109 0.044670
0 0.978466 0.071066 0.023109 0.044670
11 0.310924 0.025381 0.023109 0.044670
11 0.144860 0.025381 0.023109 0.044670
11 0.878537 0.025381 0.023109 0.044670
11 0.185580 0.025381 0.023109 0.044670
12 0.801471 0.025381 0.023109 0.044670
12 0.801471 0.025381 0.011555 0.022335
0 0.825105 0.025381 0.011555 0.022335
1 0.224002 0.025381 0.039030 0.044670
1 0.388401 0.025381 0.031480 0.044670
1 0.342843 0.025381 0.026023 0.044670
1 0.286674 0.025381 0.023290 0.044670
1 0.904736 0.025381 0.022986 0.044670
1 0.120880 0.025381 0.022748 0.044670
1 0.430656 0.025381 0.019416 0.044670
1 0.857861 0.025381 0.016142 0.044670
1 0.086397 0.025381 0.021008 0.025381
2 0.472689 0.904569 0.163866 0.036548
4 0.566176 0.728934 0.113445 0.022335
4 0.802521 0.874112 0.113445 0.026396
4 0.319328 0.824365 0.161765 0.024365
4 0.429884 0.245685 0.098214 0.024365
4 0.268908 0.246701 0.260504 0.022335
5 0.458246 0.450254 0.006828 0.013198
5 0.113971 0.544162 0.040966 0.034518
5 0.379464 0.042132 0.006828 0.013198
5 0.520483 0.432487 0.031513 0.040609
5 0.125788 0.960406 0.055147 0.034518
5 0.055935 0.579188 0.006828 0.013198
6 0.498950 0.056853 0.010504 0.020305
6 0.555147 0.204061 0.010504 0.020305
6 0.421481 0.637056 0.006828 0.013198
6 0.540441 0.828426 0.010504 0.020305
7 0.293592 0.809137 0.327731 0.030457
7 0.692227 0.854822 0.297269 0.032487
7 0.327206 0.918782 0.314076 0.113706
7 0.371849 0.452792 0.314076 0.113706
10 0.122374 0.115228 0.161765 0.025381
12 0.156513 0.527411 0.283613 0.033503
12 0.147059 0.186294 0.026261 0.049746
12 0.498687 0.123350 0.571954 0.039594
13 0.382878 0.672081 0.004202 0.004061
13 0.929359 0.871574 0.040441 0.031472
13 0.599265 0.238579 0.008403 0.016244
13 0.971113 0.601015 0.022059 0.042640
13 0.735032 0.592893 0.012080 0.022335
13 0.687500 0.205076 0.015756 0.030457
13 0.761555 0.094416 0.004202 0.004061
