9 0.693671 0.372843 0.596901 0.645178
9 0.627125 0.967766 0.071626 0.064467
10 0.539735 0.967766 0.071626 0.064467
9 0.714515 0.967766 0.071626 0.064467
9 0.277565 0.967766 0.071626 0.064467
9 0.364955 0.967766 0.071626 0.064467
9 0.452345 0.967766 0.071626 0.064467
0 0.541467 0.308439 0.083459 0.046288
0 0.454073 0.308439 0.076623 0.046288
11 0.434595 0.024365 0.066570 0.048731
12 0.703256 0.024365 0.110819 0.020305
0 0.204487 0.591878 0.056559 0.043655
0 0.814863 0.024365 0.050420 0.048731
0 0.268493 0.591878 0.054646 0.043655
11 0.364549 0.024365 0.044109 0.048731
1 0.539740 0.967766 0.071634 0.064467
11 0.267435 0.024365 0.034081 0.048731
11 0.497317 0.024365 0.029461 0.048731
11 0.221179 0.024365 0.029018 0.048731
11 0.313485 0.024365 0.028608 0.048731
0 0.827468 0.024365 0.025210 0.048731
10 0.802258 0.024365 0.025210 0.048731
14 0.695116 0.124365 0.023109 0.044670
0 0.204487 0.591878 0.021895 0.041624
0 0.268493 0.591878 0.019983 0.041624
0 0.011555 0.392640 0.015756 0.030457
0 0.980567 0.392640 0.015756 0.030457
0 0.478204 0.707614 0.031513 0.009137
12 0.768120 0.024365 0.012605 0.024365
0 0.455882 0.707614 0.004727 0.009137
0 0.500525 0.707614 0.004727 0.009137
0 0.509454 0.707614 0.004727 0.009137
0 0.518374 0.707614 0.004727 0.009137
0 0.527311 0.707614 0.004727 0.009137
0 0.536239 0.707614 0.004727 0.009137
1 0.164653 0.024365 0.025210 0.048731
1 0.637248 0.206615 0.077608 0.017259
1 0.529207 0.249254 0.065011 0.017259
2 0.311975 0.633503 0.128151 0.048731
2 0.206670 0.538071 0.076155 0.036548
4 0.182773 0.323350 0.268908 0.019289
4 0.628151 0.821320 0.113445 0.022335
4 0.940126 0.384772 0.113445 0.026396
4 0.008141 0.192386 0.000525 0.001015
5 0.165704 0.053299 0.006828 0.013198
5 0.452994 0.105076 0.006828 0.013198
5 0.725578 0.614721 0.006828 0.013198
6 0.057248 0.119797 0.010504 0.020305
7 0.783613 0.263959 0.327731 0.030457
7 0.425420 0.234518 0.327731 0.030457
7 0.474265 0.643147 0.747899 0.001015
10 0.329307 0.545178 0.173319 0.073096
10 0.745798 0.518782 0.192227 0.026396
13 0.098214 0.641624 0.014706 0.028426
14 0.070903 0.011168 0.009454 0.018274
