10 0.313288 0.660914 0.355042 0.395939
1 0.313288 0.790863 0.322479 0.136041
10 0.587447 0.556853 0.172269 0.187817
10 0.587447 0.764975 0.172269 0.187817
0 0.495536 0.750761 0.526261 0.057868
10 0.221901 0.939594 0.172269 0.120812
10 0.404674 0.939594 0.172269 0.120812
10 0.587447 0.939594 0.172269 0.120812
0 0.398544 0.139594 0.236345 0.072081
1 0.484539 0.744670 0.460150 0.039594
18 0.398544 0.142640 0.236345 0.063959
1 0.470190 0.308122 0.431452 0.039594
10 0.198792 0.056345 0.126050 0.112690
0 0.398544 0.209137 0.236345 0.048731
1 0.767595 0.497462 0.167017 0.069036
1 0.767595 0.586802 0.167017 0.069036
1 0.767595 0.676142 0.167017 0.069036
1 0.767595 0.765482 0.167017 0.069036
1 0.767595 0.854822 0.167017 0.069036
1 0.767595 0.944162 0.167017 0.069036
18 0.506040 0.057868 0.136555 0.050761
1 0.221171 0.410152 0.170808 0.050761
0 0.309907 0.756853 0.110885 0.045685
10 0.188288 0.024365 0.105042 0.048731
0 0.689761 0.756853 0.093693 0.045685
10 0.715599 0.497462 0.063025 0.069036
10 0.715599 0.586802 0.063025 0.069036
10 0.715599 0.676142 0.063025 0.069036
10 0.715599 0.765482 0.063025 0.069036
10 0.715599 0.854822 0.063025 0.069036
10 0.715599 0.944162 0.063025 0.069036
17 0.846376 0.052792 0.031513 0.073096
18 0.568015 0.051777 0.031513 0.060914
10 0.302242 0.046701 0.027311 0.052792
10 0.359153 0.046701 0.027311 0.052792
20 0.533523 0.144162 0.021008 0.040609
10 0.161502 0.695431 0.018908 0.036548
10 0.715599 0.998985 0.063025 0.002030
4 0.438025 0.032995 0.000525 0.001015
