1 0.605157 0.408249 0.052521 0.101523
1 0.441513 0.408249 0.052521 0.101523
1 0.386965 0.408249 0.052521 0.101523
1 0.496061 0.408249 0.052521 0.101523
1 0.550609 0.408249 0.052521 0.101523
14 0.729578 0.018782 0.007755 0.021320
1 0.292382 0.060406 0.021148 0.025761
1 0.550908 0.060406 0.021607 0.025761
1 0.337160 0.060406 0.019925 0.025761
1 0.637433 0.060406 0.017972 0.025761
1 0.442912 0.060406 0.020656 0.025761
1 0.420004 0.060406 0.021107 0.025761
1 0.573964 0.060406 0.020450 0.025761
2 0.074842 0.160914 0.034139 0.021320
2 0.698529 0.246193 0.510504 0.025381
2 0.869223 0.336041 0.105042 0.046701
2 0.411502 0.918782 0.192752 0.056853
2 0.904674 0.958883 0.118172 0.041624
2 0.168330 0.201523 0.054097 0.021320
3 0.406513 0.173096 0.037815 0.047716
3 0.102941 0.683249 0.006303 0.020305
3 0.430147 0.021827 0.006303 0.013198
3 0.212447 0.365990 0.115021 0.021320
3 0.246849 0.238579 0.105042 0.032487
4 0.786502 0.300000 0.309349 0.039594
4 0.189601 0.153807 0.202731 0.013198
4 0.844538 0.962437 0.113445 0.026396
4 0.761292 0.770558 0.094013 0.024365
4 0.074580 0.619289 0.113445 0.026396
4 0.348739 0.327919 0.113445 0.022335
5 0.821166 0.863452 0.046744 0.015228
5 0.482931 0.835025 0.006828 0.013198
5 0.926471 0.509645 0.040966 0.034518
6 0.955357 0.196954 0.010504 0.020305
6 0.409139 0.650761 0.010504 0.020305
7 0.154412 0.297462 0.260504 0.162437
7 0.408088 0.485279 0.423319 0.097462
10 0.702206 0.673604 0.025210 0.047716
12 0.392332 0.352284 0.025210 0.048731
12 0.185399 0.250761 0.168067 0.034518
12 0.145221 0.496447 0.009979 0.016244
13 0.447479 0.096447 0.015756 0.030457
13 0.707983 0.497462 0.014706 0.028426
14 0.667279 0.865482 0.038340 0.031472
