9 0.349002 0.245685 0.183824 0.229442
1 0.340849 0.558376 0.146509 0.030457
1 0.520126 0.793401 0.088047 0.019289
1 0.514607 0.234010 0.077009 0.019289
1 0.509839 0.831980 0.067473 0.019289
1 0.507759 0.311168 0.063312 0.019289
1 0.503923 0.542640 0.055639 0.019289
1 0.502368 0.581218 0.052529 0.019289
1 0.501502 0.619797 0.050798 0.019289
1 0.685124 0.793401 0.046604 0.019289
1 0.592084 0.793401 0.041278 0.019289
1 0.495429 0.561929 0.038652 0.019289
1 0.495392 0.330457 0.038578 0.019289
2 0.209821 0.710660 0.023634 0.040609
2 0.306197 0.066497 0.234244 0.035533
3 0.441964 0.413706 0.083508 0.043655
3 0.191964 0.702030 0.083508 0.043655
3 0.085084 0.111168 0.111345 0.025381
3 0.716387 0.777665 0.006303 0.020305
4 0.718487 0.796954 0.116597 0.020305
4 0.106092 0.896447 0.113445 0.026396
4 0.137605 0.130964 0.113445 0.026396
5 0.815389 0.215736 0.000525 0.001015
5 0.296481 0.572589 0.042542 0.034518
5 0.344013 0.234518 0.028361 0.034518
6 0.245273 0.608122 0.010504 0.020305
6 0.113445 0.210152 0.010504 0.020305
6 0.250000 0.677157 0.010504 0.020305
6 0.192227 0.387817 0.010504 0.020305
6 0.198267 0.543655 0.006828 0.013198
7 0.570903 0.136041 0.327731 0.030457
7 0.587710 0.222843 0.747899 0.001015
7 0.300420 0.334010 0.260504 0.162437
7 0.773109 0.345178 0.260504 0.162437
12 0.391807 0.887310 0.061975 0.044670
12 0.723739 0.439594 0.523109 0.024365
12 0.755777 0.318782 0.050420 0.048731
12 0.541754 0.153807 0.367122 0.045685
12 0.243697 0.327919 0.022059 0.024365
12 0.283613 0.537056 0.168067 0.034518
13 0.456670 0.334010 0.054097 0.048731
13 0.889706 0.860914 0.117647 0.050761
13 0.330882 0.653807 0.021008 0.040609
13 0.490546 0.473604 0.029412 0.057868
13 0.859244 0.016751 0.012605 0.023350
13 0.192752 0.288325 0.013655 0.028426
13 0.633929 0.544162 0.012605 0.024365
14 0.465074 0.450761 0.005777 0.010152
14 0.219013 0.300508 0.023109 0.044670
14 0.198529 0.796954 0.023109 0.044670
