9 0.524357 0.920812 0.154182 0.158376
9 0.193946 0.920812 0.154174 0.158376
9 0.359149 0.920812 0.154174 0.158376
12 0.478992 0.040609 0.328256 0.028426
9 0.059345 0.040205 0.089278 0.058074
1 0.059349 0.040609 0.089286 0.081218
0 0.264669 0.040609 0.047884 0.081218
0 0.209707 0.040609 0.047335 0.081218
0 0.156045 0.040609 0.045283 0.081218
0 0.137851 0.524667 0.071396 0.040609
0 0.954520 0.040609 0.045792 0.038579
0 0.902093 0.040609 0.043305 0.038579
12 0.669118 0.040609 0.021534 0.036548
0 0.650735 0.040609 0.015231 0.036548
2 0.924632 0.916751 0.023634 0.040609
3 0.856880 0.845685 0.027836 0.012183
3 0.591912 0.458376 0.065126 0.031472
3 0.257090 0.025888 0.083508 0.043655
3 0.153887 0.084772 0.065126 0.031472
3 0.214811 0.935533 0.132353 0.035533
3 0.895221 0.879695 0.083508 0.043655
3 0.204569 0.049239 0.083508 0.043655
3 0.144170 0.947716 0.183298 0.043655
4 0.830882 0.713706 0.113445 0.022335
4 0.613445 0.316751 0.113445 0.026396
4 0.606092 0.960406 0.130252 0.012183
4 0.292542 0.139086 0.008403 0.016244
4 0.438025 0.866497 0.042017 0.035533
4 0.288078 0.815228 0.032038 0.024365
5 0.622899 0.227411 0.077731 0.032487
5 0.228466 0.798985 0.016807 0.034518
5 0.231880 0.446193 0.006828 0.013198
6 0.918067 0.479188 0.010504 0.020305
6 0.731618 0.609137 0.010504 0.020305
6 0.413078 0.029949 0.006828 0.013198
6 0.854517 0.539086 0.010504 0.020305
6 0.183824 0.985787 0.010504 0.020305
6 0.748424 0.571574 0.010504 0.020305
7 0.814601 0.436548 0.327731 0.030457
7 0.700105 0.767513 0.327731 0.030457
7 0.255777 0.740102 0.327731 0.030457
7 0.370798 0.412183 0.297269 0.032487
10 0.051996 0.911168 0.086134 0.051777
14 0.379989 0.680711 0.038340 0.031472
14 0.769958 0.308629 0.084034 0.091371
14 0.656513 0.961421 0.008403 0.016244
