16 0.668067 0.437095 0.336134 0.508423
10 0.671744 0.498223 0.218487 0.422335
0 0.324055 0.423096 0.210084 0.044670
0 0.717798 0.812690 0.109572 0.044162
10 0.499996 0.990117 0.215689 0.019765
10 0.271706 0.990117 0.215681 0.019765
10 0.728286 0.990117 0.215681 0.019765
4 0.474265 0.725635 0.161765 0.024365
4 0.474265 0.644416 0.161765 0.024365
4 0.474265 0.685025 0.161765 0.024365
4 0.474265 0.603807 0.161765 0.024365
4 0.299895 0.725635 0.161765 0.024365
4 0.299895 0.644416 0.161765 0.024365
4 0.299895 0.603807 0.161765 0.024365
4 0.299895 0.685025 0.161765 0.024365
0 0.785550 0.894956 0.101169 0.031980
0 0.140075 0.107495 0.098608 0.030758
0 0.924961 0.961421 0.082409 0.031472
0 0.620610 0.812690 0.067998 0.044162
0 0.966222 0.107503 0.050748 0.044162
10 0.278887 0.572446 0.075630 0.026396
0 0.765592 0.107503 0.040244 0.036548
0 0.227014 0.107495 0.059513 0.030758
0 0.291602 0.107495 0.053908 0.030758
10 0.187500 0.572446 0.047269 0.030457
0 0.991071 0.499294 0.017857 0.075523
1 0.045648 0.107503 0.074490 0.046701
10 0.188033 0.525928 0.048336 0.017624
5 0.399685 0.725635 0.012605 0.024365
5 0.399685 0.685025 0.012605 0.024365
5 0.399685 0.644416 0.012605 0.024365
18 0.728138 0.107503 0.018908 0.036548
5 0.399685 0.603807 0.012605 0.024365
5 0.225315 0.644416 0.012605 0.024365
5 0.225315 0.725635 0.012605 0.024365
5 0.225315 0.603807 0.012605 0.024365
5 0.225315 0.685025 0.012605 0.024365
20 0.781513 0.164213 0.015756 0.030457
10 0.226103 0.572446 0.013130 0.025381
20 0.984244 0.959898 0.012605 0.024365
1 0.836692 0.107495 0.086200 0.030758
20 0.781513 0.164213 0.007353 0.014213
1 0.363806 0.107495 0.074744 0.030758
1 0.189240 0.424477 0.050748 0.044162
1 0.910320 0.107503 0.045299 0.044162
1 0.182761 0.970558 0.050100 0.014213
1 0.569972 0.051872 0.057240 0.017259
1 0.424743 0.107495 0.031373 0.030758
1 0.071252 0.015228 0.033261 0.020305
1 0.115891 0.015228 0.030807 0.020305
