9 0.646673 0.454109 0.326993 0.632075
1 0.865169 0.454109 0.109999 0.632075
1 0.710084 0.365482 0.369748 0.146193
1 0.289916 0.341117 0.369748 0.097462
1 0.710084 0.341117 0.369748 0.097462
0 0.769991 0.947208 0.439995 0.071685
9 0.865169 0.663832 0.109999 0.212627
1 0.710084 0.316751 0.369748 0.048731
11 0.065126 0.064975 0.054622 0.064975
0 0.692165 0.945685 0.069960 0.042243
0 0.499996 0.573192 0.085519 0.038991
0 0.136358 0.697049 0.062631 0.048731
0 0.843135 0.945685 0.065651 0.042243
0 0.768727 0.945685 0.065651 0.042243
1 0.499996 0.581313 0.085519 0.055235
11 0.766548 0.015228 0.074030 0.015228
11 0.976628 0.064975 0.021534 0.040609
11 0.207667 0.064975 0.057765 0.014213
11 0.407629 0.064975 0.053046 0.014213
0 0.911239 0.834613 0.009454 0.080203
11 0.913907 0.015228 0.043264 0.015228
11 0.965668 0.015228 0.035050 0.015228
11 0.862317 0.015228 0.034705 0.015228
11 0.310576 0.064975 0.037282 0.014213
0 0.948792 0.064975 0.015756 0.030457
12 0.017857 0.064975 0.014706 0.028426
11 0.264242 0.064975 0.021772 0.014213
11 0.824264 0.015228 0.016191 0.015228
11 0.017857 0.058883 0.007353 0.002030
11 0.017857 0.063959 0.007353 0.002030
11 0.017857 0.069036 0.007353 0.002030
1 0.442526 0.979680 0.070025 0.017259
1 0.901248 0.961009 0.037840 0.024365
2 0.520483 0.514721 0.201681 0.036548
2 0.324842 0.577157 0.228466 0.033503
2 0.905725 0.700508 0.157038 0.036548
3 0.253939 0.037056 0.106618 0.021320
3 0.694328 0.484772 0.065126 0.031472
3 0.347689 0.411168 0.105042 0.032487
5 0.865546 0.097462 0.053571 0.034518
5 0.666492 0.078173 0.012605 0.024365
6 0.778887 0.661929 0.010504 0.020305
7 0.659664 0.528934 0.327731 0.030457
7 0.805147 0.568528 0.297269 0.032487
10 0.697216 0.452792 0.335609 0.507614
10 0.648372 0.282741 0.131828 0.254822
10 0.948267 0.672589 0.053046 0.049746
10 0.622899 0.961421 0.010504 0.020305
12 0.476366 0.547208 0.014706 0.044670
12 0.539653 0.754315 0.009979 0.016244
13 0.934349 0.175127 0.050420 0.031472
13 0.902311 0.869036 0.004202 0.004061
14 0.151786 0.356345 0.025210 0.048731
14 0.567752 0.623350 0.025210 0.048731
14 0.214286 0.519797 0.007353 0.014213
