9 0.496061 0.277911 0.668067 0.398810
12 0.244284 0.030457 0.250123 0.048731
2 0.517779 0.030457 0.236993 0.046701
9 0.245536 0.967766 0.150210 0.064467
9 0.412553 0.967766 0.150210 0.064467
9 0.746586 0.967766 0.150210 0.064467
9 0.579569 0.967766 0.150210 0.064467
1 0.365284 0.603046 0.057773 0.153299
1 0.801471 0.603046 0.057248 0.153299
1 0.277836 0.603046 0.057248 0.153299
1 0.452731 0.603046 0.057248 0.153299
1 0.714286 0.603046 0.057248 0.153299
1 0.627101 0.603046 0.057248 0.153299
1 0.539916 0.603046 0.057248 0.153299
1 0.190651 0.603046 0.057248 0.153299
2 0.344915 0.755838 0.127101 0.042640
0 0.283269 0.828934 0.045119 0.034518
9 0.041492 0.030457 0.057773 0.019448
4 0.271911 0.755838 0.025210 0.048731
9 0.271911 0.755838 0.025210 0.048731
0 0.203675 0.828934 0.024160 0.034518
0 0.238232 0.828934 0.019745 0.034518
12 0.645729 0.030457 0.018908 0.036548
0 0.174710 0.828934 0.008559 0.034518
9 0.106618 0.030457 0.012605 0.024365
4 0.392980 0.029442 0.012605 0.024365
9 0.392980 0.029442 0.012605 0.024365
9 0.855190 0.030457 0.012605 0.024365
1 0.903074 0.030457 0.066357 0.040609
1 0.765001 0.030457 0.063058 0.040609
1 0.701943 0.030457 0.054655 0.040609
1 0.041492 0.030457 0.057773 0.029600
2 0.755777 0.683249 0.271008 0.038579
3 0.817752 0.762944 0.006303 0.013198
4 0.818015 0.060406 0.055147 0.047716
4 0.363971 0.276142 0.113445 0.022335
4 0.735032 0.082234 0.098214 0.024365
4 0.122374 0.303553 0.113445 0.022335
6 0.070903 0.292386 0.010504 0.020305
6 0.265231 0.076142 0.010504 0.020305
6 0.379727 0.431472 0.010504 0.020305
7 0.570903 0.585787 0.314076 0.113706
7 0.577206 0.126904 0.423319 0.097462
10 0.804884 0.313706 0.131828 0.184772
10 0.906513 0.356345 0.019958 0.026396
10 0.227679 0.567005 0.044643 0.049746
10 0.278624 0.395939 0.335609 0.507614
12 0.557773 0.679188 0.008403 0.016244
12 0.356092 0.528426 0.478992 0.065990
13 0.343750 0.496447 0.020483 0.040609
14 0.355042 0.387817 0.023109 0.044670
14 0.548319 0.060914 0.009454 0.018274
