0 0.848739 0.078173 0.302521 0.062944
2 0.358718 0.081218 0.101891 0.044670
0 0.366071 0.081218 0.103992 0.026396
0 0.722722 0.062944 0.050486 0.032487
0 0.289916 0.160850 0.042017 0.028426
0 0.714195 0.062944 0.033433 0.032487
0 0.338235 0.068020 0.048319 0.022335
0 0.393908 0.068020 0.048319 0.022335
0 0.320903 0.081218 0.013655 0.026396
0 0.320903 0.091371 0.013655 0.026396
0 0.338235 0.091371 0.013655 0.026396
0 0.355567 0.091371 0.013655 0.026396
0 0.376576 0.091371 0.013655 0.026396
0 0.393908 0.091371 0.013655 0.026396
0 0.411239 0.091371 0.013655 0.026396
0 0.300945 0.160850 0.013655 0.026396
0 0.280987 0.160850 0.013655 0.026396
2 0.036502 0.442640 0.023634 0.040609
2 0.299895 0.384772 0.074580 0.036548
2 0.459034 0.745685 0.241597 0.039594
3 0.289391 0.504569 0.105042 0.032487
3 0.216912 0.048731 0.006303 0.020305
3 0.675420 0.797462 0.085084 0.059898
4 0.461922 0.294416 0.094013 0.024365
4 0.664391 0.455838 0.113445 0.026396
4 0.670693 0.202030 0.015756 0.018274
4 0.556197 0.471066 0.113445 0.026396
4 0.141282 0.126904 0.113445 0.026396
5 0.955357 0.672081 0.012605 0.024365
5 0.631565 0.682741 0.046744 0.015228
5 0.397321 0.165990 0.024685 0.047716
5 0.615284 0.729442 0.006828 0.013198
5 0.412027 0.238071 0.006828 0.013198
6 0.350315 0.223350 0.010504 0.020305
7 0.216912 0.737056 0.327731 0.030457
10 0.494748 0.629442 0.192227 0.026396
10 0.511029 0.760406 0.019958 0.026396
10 0.030725 0.210660 0.044643 0.049746
10 0.405462 0.376650 0.019958 0.026396
12 0.120536 0.175635 0.004727 0.016244
12 0.565914 0.186294 0.563550 0.039594
12 0.663866 0.453807 0.332983 0.048731
13 0.736870 0.236041 0.023109 0.043655
13 0.466387 0.325888 0.015756 0.030457
13 0.259454 0.095431 0.014706 0.028426
13 0.923845 0.337563 0.012605 0.023350
14 0.666492 0.312690 0.012605 0.024365
14 0.990284 0.555330 0.009979 0.020305
14 0.673845 0.895431 0.012605 0.024365
