0 0.571650 0.054822 0.069344 0.099492
0 0.473247 0.054822 0.043428 0.099492
0 0.391314 0.054822 0.036404 0.099492
1 0.250944 0.053997 0.112395 0.048731
1 0.671818 0.054822 0.046957 0.099492
1 0.760775 0.054822 0.046924 0.099492
2 0.725840 0.559898 0.107143 0.029442
2 0.187500 0.373604 0.073529 0.046701
2 0.059874 0.621320 0.101891 0.044670
2 0.726628 0.359391 0.023634 0.040609
2 0.252889 0.175635 0.216912 0.040609
5 0.668855 0.314721 0.055147 0.034518
5 0.416229 0.157360 0.024685 0.048731
5 0.045168 0.890355 0.053571 0.034518
5 0.891282 0.626396 0.012605 0.024365
5 0.214286 0.740102 0.012605 0.024365
5 0.914128 0.387310 0.006828 0.013198
6 0.379464 0.755838 0.006828 0.013198
6 0.414391 0.882234 0.010504 0.020305
6 0.855567 0.078173 0.010504 0.020305
7 0.834559 0.082234 0.260504 0.162437
10 0.909139 0.248223 0.086134 0.051777
10 0.865546 0.705584 0.192227 0.026396
12 0.636817 0.643655 0.049895 0.048731
13 0.397321 0.153299 0.051996 0.040609
13 0.842437 0.730964 0.009454 0.018274
13 0.652836 0.540102 0.051471 0.048731
13 0.934349 0.044670 0.097689 0.054822
13 0.842437 0.115736 0.015756 0.030457
14 0.252101 0.483249 0.012605 0.024365
14 0.166492 0.166497 0.078782 0.038579
14 0.308824 0.222335 0.025210 0.048731
14 0.460084 0.979695 0.008403 0.016244
14 0.398634 0.594924 0.025210 0.048731
