1 0.526158 0.974619 0.028599 0.018274
1 0.559632 0.974619 0.019441 0.018274
2 0.409664 0.461421 0.773109 0.033503
2 0.801733 0.303553 0.054097 0.050761
2 0.089023 0.100508 0.023634 0.040609
3 0.611870 0.806091 0.006303 0.020305
3 0.756303 0.371066 0.065126 0.031472
4 0.354779 0.445178 0.000525 0.001015
5 0.295431 0.023858 0.006828 0.013198
5 0.635767 0.977157 0.046744 0.015228
6 0.726366 0.104569 0.010504 0.020305
6 0.623162 0.755838 0.006828 0.013198
6 0.409139 0.625381 0.010504 0.020305
6 0.232668 0.624365 0.010504 0.020305
7 0.460084 0.468528 0.747899 0.001015
7 0.521008 0.516244 0.747899 0.001015
7 0.514706 0.917766 0.260504 0.162437
7 0.410189 0.110660 0.423319 0.097462
10 0.535452 0.859391 0.044643 0.049746
10 0.010504 0.855838 0.019958 0.026396
10 0.159139 0.042132 0.024160 0.047716
10 0.440389 0.341117 0.335609 0.507614
10 0.493960 0.189340 0.053046 0.049746
12 0.751050 0.033503 0.068277 0.036548
12 0.082458 0.664467 0.012605 0.035533
12 0.944853 0.701523 0.025210 0.048731
13 0.540966 0.113706 0.014706 0.028426
13 0.153361 0.771574 0.014706 0.028426
13 0.715861 0.100508 0.008403 0.016244
13 0.168067 0.332995 0.014706 0.028426
14 0.085347 0.222843 0.013130 0.027411
14 0.641807 0.275635 0.054622 0.045685
14 0.819853 0.766497 0.023109 0.044670
14 0.467174 0.952284 0.009979 0.022335
14 0.812237 0.439594 0.290441 0.040609
