9 0.371861 0.406091 0.148232 0.380102
9 0.351866 0.406091 0.131762 0.337868
1 0.744091 0.426396 0.496061 0.081218
1 0.744091 0.316751 0.496061 0.081218
9 0.331863 0.406091 0.115292 0.295634
1 0.744091 0.515736 0.496061 0.040609
1 0.425121 0.101523 0.174033 0.089340
0 0.741798 0.207107 0.146936 0.073096
1 0.663985 0.101523 0.116572 0.089340
1 0.732405 0.891878 0.152311 0.065990
1 0.259716 0.891878 0.152311 0.065990
1 0.496061 0.891878 0.152311 0.065990
1 0.558918 0.101523 0.093561 0.089340
1 0.768830 0.101523 0.093118 0.089340
1 0.946297 0.891878 0.107405 0.065990
9 0.218007 0.101523 0.082548 0.048731
1 0.049764 0.891878 0.099527 0.065990
0 0.660427 0.759391 0.077649 0.032487
0 0.588055 0.759391 0.033482 0.032487
0 0.541118 0.759391 0.026778 0.032487
0 0.485557 0.824365 0.006303 0.012183
0 0.496061 0.824365 0.006303 0.012183
0 0.506565 0.824365 0.006303 0.012183
9 0.194939 0.998985 0.060571 0.002030
9 0.431284 0.998985 0.060571 0.002030
9 0.667628 0.998985 0.060571 0.002030
9 0.903973 0.998985 0.060571 0.002030
2 0.878151 0.409137 0.128151 0.048731
3 0.663866 0.501523 0.105042 0.032487
3 0.814601 0.638071 0.132353 0.035533
3 0.460084 0.257360 0.132353 0.035533
3 0.941176 0.139594 0.037815 0.047716
3 0.659401 0.695939 0.083508 0.043655
3 0.258141 0.417766 0.115021 0.021320
3 0.063550 0.074619 0.037815 0.047716
3 0.727679 0.754822 0.115021 0.021320
4 0.630252 0.459898 0.113445 0.026396
4 0.102941 0.151269 0.113445 0.026396
4 0.545431 0.374112 0.094013 0.023350
4 0.932773 0.524873 0.113445 0.026396
4 0.361345 0.709645 0.088235 0.044670
5 0.349002 0.273604 0.006828 0.013198
5 0.899160 0.300508 0.053571 0.034518
6 0.682773 0.623350 0.010504 0.020305
6 0.152311 0.054822 0.010504 0.020305
6 0.348214 0.306599 0.010504 0.020305
6 0.806985 0.585279 0.006828 0.013198
6 0.655462 0.302538 0.010504 0.020305
7 0.463761 0.398985 0.314076 0.113706
7 0.434349 0.534518 0.747899 0.001015
7 0.261029 0.144162 0.327731 0.030457
7 0.729517 0.097462 0.260504 0.162437
7 0.835084 0.639594 0.314076 0.113706
7 0.293592 0.761421 0.327731 0.030457
10 0.603992 0.647208 0.029412 0.057868
10 0.428571 0.374619 0.019958 0.026396
12 0.792279 0.388325 0.231618 0.049746
12 0.686712 0.244162 0.234769 0.049746
12 0.309874 0.931472 0.010504 0.021320
13 0.909664 0.892386 0.014706 0.028426
13 0.317227 0.817259 0.026261 0.050761
13 0.361345 0.425381 0.012605 0.024365
14 0.442752 0.174619 0.012605 0.024365
14 0.936187 0.184264 0.007878 0.021320
14 0.655725 0.844670 0.027836 0.038579
14 0.741597 0.393401 0.008403 0.017259
14 0.172794 0.152284 0.025210 0.048731
14 0.534401 0.650761 0.007878 0.020305
14 0.540441 0.070051 0.016807 0.032487
