9 0.496061 0.393909 0.992122 0.576650
0 0.496061 0.530964 0.621849 0.100508
11 0.769224 0.146193 0.365965 0.081218
0 0.358727 0.519797 0.414801 0.040609
0 0.376633 0.519797 0.164259 0.040609
0 0.633851 0.522335 0.116670 0.052792
11 0.642311 0.146193 0.070124 0.081218
0 0.701726 0.264467 0.143292 0.036548
0 0.214511 0.519797 0.126370 0.040609
11 0.855128 0.146193 0.061376 0.081218
11 0.720092 0.146193 0.051823 0.081218
11 0.927414 0.146193 0.049583 0.081218
11 0.785222 0.146193 0.044823 0.081218
0 0.741182 0.522335 0.064379 0.052792
9 0.075458 0.143139 0.083689 0.032471
1 0.075478 0.146185 0.083730 0.062928
11 0.636058 0.146193 0.057617 0.024365
11 0.848875 0.146193 0.048869 0.024365
11 0.713838 0.146193 0.039317 0.024365
11 0.921161 0.146193 0.037077 0.024365
11 0.778969 0.146193 0.032317 0.024365
1 0.537708 0.439086 0.049895 0.018274
1 0.075072 0.211168 0.032497 0.024365
2 0.389443 0.141624 0.131828 0.031472
2 0.294118 0.272589 0.057773 0.017259
3 0.583508 0.202538 0.037815 0.047716
3 0.105830 0.553807 0.106618 0.021320
3 0.964811 0.854315 0.065126 0.031472
3 0.326155 0.942640 0.111345 0.025381
4 0.710609 0.857868 0.113445 0.026396
4 0.419905 0.118274 0.309349 0.039594
4 0.369223 0.214721 0.034664 0.015228
5 0.654937 0.560406 0.012605 0.024365
6 0.807248 0.207107 0.010504 0.020305
6 0.827206 0.632487 0.010504 0.020305
7 0.302521 0.209137 0.423319 0.097462
7 0.347164 0.467005 0.423319 0.097462
7 0.376576 0.030964 0.747899 0.001015
10 0.047794 0.957868 0.086134 0.051777
10 0.076681 0.310660 0.010504 0.020305
10 0.366071 0.070051 0.092437 0.038579
10 0.788340 0.797970 0.173319 0.227411
10 0.777574 0.509137 0.053046 0.049746
12 0.457983 0.180711 0.058824 0.056853
12 0.756303 0.765990 0.185924 0.027411
12 0.807248 0.988832 0.008403 0.016244
13 0.082983 0.844670 0.022059 0.042640
13 0.392595 0.829949 0.129727 0.120812
13 0.706408 0.698477 0.010504 0.022335
13 0.252101 0.902538 0.016807 0.032487
13 0.052258 0.911675 0.032038 0.014213
13 0.309874 0.767513 0.008403 0.016244
14 0.651523 0.128934 0.089811 0.111675
14 0.248950 0.336548 0.030462 0.049746
14 0.131828 0.026396 0.009454 0.018274
14 0.227941 0.552284 0.016807 0.032487
14 0.885504 0.621320 0.025210 0.048731
14 0.545693 0.358376 0.025210 0.048731
