9 0.500000 0.530457 1.000000 0.939086
1 0.722952 0.888864 0.218487 0.222272
1 0.496061 0.888864 0.218487 0.222272
1 0.269170 0.888864 0.218487 0.222272
9 0.269170 0.897494 0.200630 0.205013
9 0.722952 0.897494 0.200630 0.205013
9 0.496061 0.897494 0.200630 0.205013
7 0.496061 0.564245 0.423319 0.097462
0 0.496061 0.644083 0.423319 0.045971
0 0.663406 0.644083 0.088629 0.045971
0 0.321412 0.644083 0.074022 0.045971
0 0.800014 0.030457 0.064363 0.043940
0 0.742118 0.030457 0.047228 0.045971
9 0.186187 0.030449 0.052521 0.038182
0 0.669183 0.644083 0.056066 0.022843
0 0.328240 0.644083 0.038308 0.022843
0 0.300683 0.644083 0.010504 0.020305
0 0.632747 0.644083 0.010504 0.020305
1 0.652787 0.030457 0.043527 0.048731
1 0.608444 0.030457 0.040958 0.048731
1 0.697840 0.030457 0.037126 0.048731
2 0.662290 0.957868 0.512605 0.023350
2 0.864496 0.713706 0.168067 0.036548
2 0.382616 0.268020 0.076155 0.036548
2 0.807773 0.152284 0.334034 0.048731
2 0.196166 0.575635 0.076155 0.036548
3 0.504464 0.527919 0.027836 0.012183
3 0.593487 0.716244 0.085084 0.059898
3 0.330357 0.921320 0.111345 0.025381
3 0.582458 0.773604 0.006303 0.020305
3 0.472426 0.846193 0.115021 0.021320
3 0.683036 0.595939 0.027836 0.012183
3 0.626050 0.448223 0.006303 0.013198
3 0.633403 0.558376 0.006303 0.020305
5 0.553309 0.807614 0.000525 0.001015
5 0.172794 0.931980 0.012605 0.024365
5 0.957195 0.800508 0.006828 0.013198
5 0.746061 0.628934 0.006828 0.013198
5 0.102153 0.334010 0.074055 0.032487
5 0.353992 0.519797 0.031513 0.040609
6 0.627626 0.740102 0.010504 0.020305
6 0.148109 0.880203 0.010504 0.020305
6 0.520483 0.118782 0.010504 0.020305
6 0.299895 0.882234 0.010504 0.020305
7 0.647059 0.722843 0.327731 0.030457
7 0.304622 0.319797 0.314076 0.113706
7 0.474790 0.242132 0.747899 0.001015
7 0.169118 0.173604 0.260504 0.162437
10 0.879727 0.634518 0.192227 0.026396
10 0.590861 0.789848 0.019958 0.026396
10 0.475578 0.865482 0.131828 0.254822
10 0.281513 0.194924 0.019958 0.026396
10 0.298319 0.160914 0.021008 0.047716
12 0.384454 0.876650 0.330882 0.025381
12 0.614758 0.698477 0.032038 0.048731
12 0.304359 0.631472 0.122374 0.032487
12 0.488445 0.178680 0.010504 0.020305
13 0.567752 0.258883 0.014706 0.028426
13 0.257878 0.591878 0.004202 0.004061
14 0.858193 0.108629 0.012605 0.004061
14 0.168592 0.128426 0.012605 0.023350
14 0.711397 0.704569 0.033088 0.038579
14 0.610032 0.534518 0.038340 0.031472
