9 0.496061 0.564975 0.992122 0.870051
0 0.466817 0.327919 0.065389 0.142132
0 0.394679 0.327919 0.062081 0.142132
0 0.548442 0.741624 0.115546 0.069036
0 0.434086 0.741624 0.096360 0.069036
0 0.408605 0.174619 0.109769 0.038579
0 0.408605 0.217259 0.109769 0.038579
0 0.408605 0.259898 0.109769 0.038579
13 0.559529 0.461310 0.050707 0.083249
0 0.742442 0.091371 0.074465 0.042640
11 0.745991 0.080203 0.082072 0.038579
11 0.745991 0.118782 0.082072 0.038579
11 0.745991 0.157360 0.082072 0.038579
11 0.745991 0.195939 0.082072 0.038579
11 0.745991 0.234518 0.082072 0.038579
0 0.300646 0.026396 0.055566 0.052792
0 0.493459 0.100206 0.060399 0.046891
0 0.424657 0.100206 0.060399 0.046891
0 0.667033 0.091371 0.059546 0.042640
0 0.562763 0.100206 0.069804 0.028426
11 0.239721 0.080203 0.051577 0.038579
11 0.239721 0.118782 0.051577 0.038579
11 0.239721 0.157360 0.051577 0.038579
11 0.239721 0.195939 0.051577 0.038579
11 0.239721 0.234518 0.051577 0.038579
11 0.239721 0.273096 0.051577 0.038579
1 0.498769 0.276539 0.054006 0.083249
1 0.620027 0.248112 0.053481 0.083249
1 0.620027 0.339483 0.053481 0.083249
1 0.620027 0.499889 0.053481 0.083249
1 0.620027 0.591260 0.053481 0.083249
1 0.620027 0.682630 0.053481 0.083249
1 0.564810 0.917259 0.041516 0.104569
9 0.238708 0.091371 0.052521 0.028775
1 0.559529 0.605473 0.050707 0.083249
1 0.559529 0.696843 0.050707 0.083249
1 0.559529 0.788214 0.050707 0.083249
1 0.559529 0.879584 0.050707 0.083249
1 0.680176 0.548620 0.050010 0.083249
12 0.693368 0.026396 0.008403 0.034898
4 0.693368 0.026396 0.008403 0.034898
14 0.981829 0.019488 0.007558 0.014610
11 0.252905 0.026396 0.008403 0.016244
11 0.395935 0.092386 0.009454 0.018274
11 0.505909 0.092386 0.009454 0.018274
11 0.331662 0.092386 0.009454 0.018274
11 0.774422 0.026396 0.008403 0.016244
0 0.454561 0.174619 0.009454 0.018274
0 0.454561 0.217259 0.009454 0.018274
0 0.454561 0.259898 0.009454 0.018274
12 0.693368 0.026396 0.008403 0.016244
3 0.216649 0.026396 0.006303 0.012183
2 0.552521 0.409645 0.234244 0.035533
2 0.747111 0.148731 0.283088 0.043655
3 0.306460 0.439086 0.106618 0.021320
3 0.163340 0.835025 0.006303 0.013198
3 0.292542 0.537563 0.006303 0.013198
3 0.300420 0.346701 0.111345 0.025381
3 0.439601 0.717259 0.085084 0.059898
3 0.105042 0.395939 0.105042 0.032487
4 0.390231 0.864975 0.113445 0.022335
4 0.205882 0.825381 0.046218 0.020305
4 0.676996 0.403046 0.113445 0.026396
4 0.828782 0.064467 0.088235 0.043655
5 0.604779 0.749239 0.021534 0.014213
5 0.045431 0.656345 0.006828 0.013198
5 0.511555 0.067005 0.012605 0.024365
5 0.440389 0.221827 0.006828 0.013198
6 0.263655 0.436548 0.010504 0.020305
6 0.650998 0.895939 0.006828 0.013198
6 0.663603 0.586294 0.006828 0.013198
6 0.500000 0.651777 0.010504 0.020305
7 0.512080 0.898477 0.260504 0.162437
7 0.181723 0.817259 0.327731 0.030457
10 0.757878 0.774619 0.173319 0.227411
10 0.931723 0.567513 0.022059 0.042640
10 0.208508 0.143147 0.019958 0.026396
10 0.079307 0.076142 0.019958 0.026396
10 0.310137 0.858376 0.044643 0.049746
12 0.061450 0.976650 0.022059 0.024365
12 0.150735 0.919797 0.038866 0.040609
13 0.431723 0.282234 0.021008 0.040609
13 0.908088 0.569543 0.021008 0.040609
13 0.135504 0.926904 0.004202 0.004061
14 0.602941 0.961421 0.010504 0.020305
14 0.580357 0.789848 0.023109 0.044670
14 0.013655 0.289848 0.016807 0.037563
14 0.698529 0.779695 0.051471 0.036548
