9 0.496061 0.217259 0.756303 0.434518
2 0.248950 0.693909 0.149160 0.021320
2 0.455357 0.238071 0.107143 0.029442
2 0.492122 0.634010 0.107143 0.029442
2 0.391282 0.624873 0.773109 0.033503
3 0.129202 0.978173 0.065126 0.031472
3 0.220063 0.247716 0.105042 0.032487
4 0.647847 0.397462 0.309349 0.039594
5 0.294118 0.026396 0.053571 0.034518
5 0.224002 0.589848 0.055147 0.034518
5 0.298582 0.615736 0.024685 0.047716
6 0.490546 0.430457 0.010504 0.020305
6 0.888393 0.854315 0.006828 0.013198
6 0.762605 0.071066 0.010504 0.020305
6 0.273634 0.643655 0.010504 0.020305
7 0.616597 0.722843 0.423319 0.097462
7 0.639706 0.056853 0.314076 0.113706
7 0.272059 0.864975 0.260504 0.162437
10 0.337973 0.276650 0.044643 0.049746
12 0.441702 0.342132 0.076681 0.024365
13 0.168592 0.901523 0.051471 0.048731
13 0.832983 0.946193 0.021008 0.040609
13 0.748950 0.334010 0.014706 0.028426
