9 0.774787 0.290347 0.282867 0.436532
12 0.178965 0.859391 0.202994 0.281218
0 0.390362 0.859391 0.202994 0.281218
0 0.601759 0.859391 0.202994 0.281218
0 0.813157 0.859391 0.202994 0.281218
9 0.390362 0.808217 0.193540 0.160596
9 0.813157 0.808161 0.193540 0.160485
9 0.601759 0.807971 0.193540 0.160105
9 0.178965 0.807971 0.193540 0.160105
0 0.354623 0.438579 0.557461 0.048731
0 0.191669 0.438579 0.088695 0.048731
1 0.216563 0.028426 0.103819 0.054822
0 0.831641 0.026904 0.059784 0.051777
0 0.107405 0.438579 0.063025 0.048731
13 0.889144 0.027411 0.054170 0.048731
0 0.295353 0.026904 0.051659 0.051777
0 0.345207 0.026904 0.050609 0.051777
11 0.293777 0.026396 0.048508 0.052792
0 0.434775 0.026904 0.049419 0.051777
11 0.343631 0.026396 0.047458 0.052792
11 0.433200 0.026396 0.046268 0.052792
11 0.388713 0.024873 0.038964 0.049746
1 0.111870 0.028426 0.071954 0.054822
9 0.109506 0.025888 0.056723 0.023350
1 0.501128 0.026904 0.065889 0.031472
1 0.388713 0.025381 0.034762 0.048731
2 0.837973 0.912183 0.283088 0.043655
3 0.616859 0.444670 0.027836 0.012183
3 0.851366 0.739086 0.057773 0.024365
4 0.844538 0.091878 0.044118 0.023350
4 0.608193 0.906091 0.044118 0.015228
4 0.488445 0.720812 0.113445 0.022335
6 0.783088 0.470051 0.010504 0.020305
6 0.036765 0.432487 0.010504 0.020305
6 0.425420 0.223350 0.010504 0.020305
6 0.205882 0.882234 0.010504 0.020305
6 0.070903 0.802030 0.010504 0.020305
6 0.079832 0.427411 0.010504 0.020305
6 0.825630 0.178680 0.010504 0.020305
6 0.626576 0.977665 0.010504 0.020305
7 0.179622 0.507614 0.327731 0.030457
7 0.425420 0.981218 0.747899 0.001015
7 0.787815 0.619289 0.327731 0.030457
7 0.320903 0.878173 0.260504 0.162437
7 0.704307 0.928934 0.314076 0.113706
7 0.792017 0.164467 0.260504 0.162437
10 0.789653 0.716244 0.131828 0.254822
10 0.887605 0.576650 0.019958 0.038579
10 0.237658 0.602030 0.131828 0.184772
10 0.138655 0.603046 0.019958 0.038579
12 0.175683 0.446193 0.020483 0.023350
12 0.771271 0.361929 0.032038 0.053807
13 0.956408 0.810660 0.012605 0.023350
13 0.226891 0.818274 0.015756 0.030457
14 0.875263 0.261421 0.020483 0.039594
14 0.506565 0.109645 0.016282 0.032487
14 0.495798 0.774112 0.007353 0.015228
14 0.989496 0.970558 0.012605 0.024365
