9 0.500000 0.500052 1.000000 0.999895
9 0.500000 0.966420 1.000000 0.067160
11 0.496061 0.019440 0.992122 0.038880
1 0.496061 0.019440 0.992122 0.038880
9 0.414111 0.517552 0.082844 0.066989
9 0.427659 0.599786 0.082844 0.066989
9 0.065866 0.599786 0.056148 0.066989
9 0.786964 0.517552 0.055722 0.066989
11 0.780511 0.087103 0.061351 0.050761
9 0.982844 0.599786 0.034312 0.066989
11 0.216649 0.087103 0.071429 0.029442
9 0.216649 0.087103 0.071429 0.029442
11 0.481396 0.087095 0.048336 0.026697
11 0.414391 0.087095 0.043658 0.026697
11 0.548328 0.087095 0.043510 0.026697
11 0.724802 0.087095 0.029059 0.026697
1 0.780511 0.087103 0.061351 0.050761
2 0.069328 0.425381 0.074580 0.036548
2 0.915441 0.185787 0.073529 0.046701
2 0.675158 0.234010 0.131828 0.031472
4 0.242122 0.550254 0.113445 0.026396
4 0.634716 0.972589 0.162290 0.024365
4 0.100053 0.751269 0.094013 0.024365
4 0.702206 0.590863 0.161765 0.024365
5 0.231355 0.180203 0.006828 0.013198
5 0.159926 0.132487 0.006828 0.013198
6 0.053046 0.857868 0.010504 0.020305
6 0.130777 0.025381 0.010504 0.020305
6 0.204307 0.248731 0.010504 0.020305
6 0.193803 0.934010 0.010504 0.020305
6 0.007353 0.026396 0.010504 0.020305
7 0.279412 0.767513 0.423319 0.097462
7 0.710084 0.417259 0.297269 0.032487
7 0.644433 0.467005 0.297269 0.032487
7 0.565126 0.175635 0.314076 0.113706
10 0.058298 0.964467 0.019958 0.038579
10 0.046744 0.556853 0.029412 0.057868
10 0.916492 0.679695 0.024160 0.047716
10 0.656513 0.726396 0.029412 0.057868
12 0.716124 0.858376 0.231618 0.049746
12 0.745798 0.760914 0.457983 0.035533
12 0.421744 0.133503 0.012605 0.015228
12 0.136029 0.584772 0.248950 0.032487
13 0.094538 0.858883 0.009454 0.018274
13 0.373162 0.214213 0.110819 0.036548
14 0.442752 0.443655 0.084034 0.091371
