1 0.496061 0.236041 0.509454 0.299492
9 0.669380 0.732820 0.157563 0.160057
1 0.518645 0.703046 0.105042 0.137056
1 0.518645 0.895939 0.105042 0.137056
0 0.668855 0.182234 0.131303 0.049746
0 0.668855 0.119797 0.131303 0.046701
0 0.668855 0.244670 0.131303 0.046701
9 0.487132 0.888325 0.042017 0.121827
9 0.487132 0.695431 0.042017 0.121827
9 0.422006 0.695431 0.042017 0.121827
9 0.277048 0.888325 0.042017 0.121827
9 0.325368 0.695431 0.042017 0.121827
9 0.373687 0.695431 0.042017 0.121827
9 0.293067 0.045305 0.103466 0.050000
9 0.325368 0.888325 0.042017 0.121827
9 0.373687 0.888325 0.042017 0.121827
9 0.277048 0.695431 0.042017 0.121827
9 0.422006 0.888325 0.042017 0.121827
1 0.669380 0.618274 0.157563 0.036548
9 0.725553 0.943813 0.014000 0.040609
9 0.741301 0.943813 0.013721 0.040609
9 0.693392 0.943813 0.014000 0.040609
9 0.709473 0.943813 0.014386 0.040609
9 0.725832 0.989673 0.014000 0.020654
9 0.710503 0.989673 0.012884 0.020654
9 0.741441 0.989673 0.013442 0.020654
9 0.695173 0.989673 0.014000 0.020654
0 0.630260 0.182234 0.016282 0.031472
9 0.455357 0.693401 0.011029 0.028426
9 0.455357 0.886294 0.011029 0.028426
0 0.628151 0.119797 0.011029 0.021320
1 0.627753 0.941783 0.074309 0.032487
1 0.685732 0.320812 0.064084 0.030457
1 0.669380 0.808788 0.157563 0.012183
1 0.293067 0.066244 0.103466 0.012183
1 0.622608 0.988484 0.064018 0.014213
1 0.661568 0.311675 0.045381 0.012183
1 0.705283 0.397970 0.024734 0.016244
2 0.479779 0.581218 0.228466 0.033503
2 0.336134 0.324365 0.271008 0.039594
2 0.259454 0.914213 0.107143 0.029442
2 0.847689 0.044670 0.127101 0.042640
3 0.732931 0.093401 0.027836 0.012183
3 0.557773 0.408122 0.105042 0.032487
3 0.359769 0.439594 0.057773 0.024365
3 0.904412 0.306599 0.105042 0.032487
4 0.369223 0.544162 0.113445 0.022335
5 0.622637 0.853299 0.006828 0.013198
5 0.570641 0.525381 0.000525 0.001015
5 0.063025 0.818274 0.077731 0.032487
5 0.246061 0.765990 0.006828 0.013198
5 0.123424 0.394924 0.012605 0.024365
6 0.264706 0.587817 0.010504 0.020305
6 0.755252 0.529949 0.010504 0.020305
6 0.561187 0.191371 0.006828 0.013198
7 0.597164 0.286802 0.747899 0.001015
10 0.366597 0.766497 0.019958 0.026396
10 0.153887 0.496447 0.019958 0.026396
10 0.742647 0.837563 0.173319 0.227411
10 0.088498 0.724365 0.044643 0.049746
10 0.750000 0.366497 0.019958 0.026396
12 0.047794 0.318274 0.015756 0.035533
13 0.748950 0.683756 0.021008 0.039594
13 0.068803 0.900508 0.014706 0.028426
13 0.320378 0.261929 0.014706 0.028426
13 0.227941 0.967513 0.015756 0.030457
13 0.257878 0.240609 0.051471 0.048731
13 0.829832 0.870051 0.014706 0.028426
14 0.394433 0.225381 0.025210 0.048731
