9 0.496061 0.412135 0.840336 0.696352
1 0.262104 0.381678 0.236345 0.231980
9 0.815126 0.910105 0.203256 0.179791
9 0.389706 0.910105 0.203256 0.179791
9 0.176996 0.910105 0.203256 0.179791
9 0.602416 0.910105 0.203256 0.179791
9 0.262104 0.338023 0.236345 0.144670
0 0.262104 0.528125 0.138655 0.060914
0 0.262104 0.534216 0.126050 0.048731
0 0.697742 0.954822 0.126050 0.048731
1 0.295849 0.091371 0.150226 0.034518
1 0.153567 0.091371 0.134339 0.034518
1 0.423032 0.091371 0.104139 0.034518
0 0.262100 0.535232 0.048360 0.016244
1 0.601070 0.091371 0.088055 0.034518
1 0.516072 0.091371 0.081941 0.034518
14 0.934111 0.266244 0.008403 0.016244
1 0.270729 0.034208 0.059283 0.037960
1 0.113445 0.034518 0.049895 0.038579
1 0.212308 0.034208 0.038734 0.037960
1 0.165667 0.034208 0.035722 0.037960
1 0.425375 0.969036 0.015732 0.019289
2 0.119748 0.192893 0.021008 0.040609
2 0.828782 0.871574 0.149160 0.021320
2 0.693277 0.081218 0.105042 0.046701
2 0.138655 0.789340 0.271008 0.039594
2 0.279674 0.429442 0.023634 0.040609
3 0.140231 0.694416 0.006303 0.020305
3 0.264706 0.112183 0.132353 0.035533
4 0.129727 0.978680 0.113445 0.026396
5 0.783351 0.832995 0.024685 0.047716
5 0.514181 0.257868 0.012605 0.024365
5 0.862658 0.682234 0.050945 0.034518
6 0.159139 0.668020 0.010504 0.020305
6 0.503151 0.523858 0.010504 0.020305
6 0.173845 0.451777 0.010504 0.020305
6 0.835609 0.291371 0.010504 0.020305
6 0.581408 0.677157 0.010504 0.020305
6 0.591912 0.770558 0.010504 0.020305
6 0.269958 0.651777 0.010504 0.020305
7 0.536239 0.592893 0.327731 0.030457
10 0.512868 0.623350 0.335609 0.507614
10 0.812500 0.369543 0.173319 0.073096
12 0.666492 0.354822 0.141807 0.035533
13 0.209034 0.203553 0.050420 0.031472
13 0.634454 0.706599 0.012605 0.024365
13 0.338761 0.196954 0.021008 0.040609
14 0.749212 0.893401 0.033088 0.038579
14 0.384979 0.169543 0.025210 0.048731
14 0.774422 0.908629 0.016282 0.032487
14 0.340074 0.112183 0.007878 0.015228
14 0.448004 0.142132 0.023109 0.044670
