1 0.490850 0.210668 0.529494 0.045733
1 0.296969 0.927284 0.157489 0.050952
0 0.732319 0.398652 0.078445 0.039594
0 0.732237 0.539404 0.078445 0.039594
0 0.732319 0.680155 0.074654 0.039594
9 0.248470 0.405489 0.058389 0.045146
9 0.247489 0.546288 0.058528 0.045241
9 0.248470 0.681076 0.058389 0.033312
9 0.247111 0.137294 0.026261 0.050761
11 0.513660 0.032995 0.038414 0.019289
9 0.221901 0.034327 0.013655 0.026396
1 0.423894 0.223890 0.116629 0.019289
1 0.661186 0.223890 0.116309 0.019289
1 0.542620 0.223890 0.112748 0.019289
1 0.623096 0.197446 0.084805 0.019289
1 0.647166 0.914499 0.066570 0.025381
1 0.447290 0.914499 0.062484 0.025381
1 0.732319 0.397636 0.078445 0.019289
1 0.732237 0.538388 0.078445 0.019289
1 0.732319 0.679140 0.074654 0.019289
1 0.723214 0.032995 0.065651 0.019289
2 0.195378 0.223350 0.005252 0.040609
2 0.289916 0.214721 0.130252 0.019289
2 0.179097 0.329949 0.073529 0.046701
2 0.547794 0.086294 0.105042 0.046701
2 0.749737 0.485279 0.076155 0.036548
5 0.248950 0.654822 0.012605 0.024365
5 0.150735 0.044670 0.012605 0.024365
5 0.146534 0.771574 0.039916 0.034518
6 0.986345 0.762437 0.010504 0.020305
6 0.224790 0.390863 0.010504 0.020305
6 0.679622 0.795939 0.010504 0.020305
6 0.951681 0.801015 0.010504 0.020305
7 0.470588 0.883249 0.297269 0.032487
7 0.628151 0.174619 0.327731 0.030457
7 0.231618 0.881218 0.327731 0.030457
10 0.980567 0.186802 0.023109 0.044670
10 0.519433 0.406091 0.019958 0.026396
12 0.042805 0.207107 0.069853 0.058883
12 0.406775 0.044162 0.007878 0.017259
12 0.636555 0.193909 0.127101 0.024365
13 0.743172 0.890355 0.014706 0.028426
13 0.474002 0.122335 0.044643 0.019289
13 0.098739 0.809137 0.015756 0.030457
13 0.173319 0.227411 0.008403 0.016244
13 0.128939 0.176650 0.101366 0.034518
14 0.457983 0.135025 0.023109 0.044670
