9 0.500000 0.400960 1.000000 0.801920
1 0.272354 0.517766 0.325630 0.156345
1 0.790618 0.958883 0.183799 0.082234
1 0.201406 0.958883 0.183799 0.082234
1 0.594214 0.958883 0.183799 0.082234
1 0.397810 0.958883 0.183799 0.082234
11 0.086660 0.034518 0.093487 0.069036
1 0.947561 0.958883 0.104878 0.082234
1 0.411560 0.086294 0.139968 0.048731
1 0.411560 0.151269 0.139968 0.048731
1 0.411560 0.200000 0.139968 0.048731
1 0.411560 0.248731 0.139968 0.048731
11 0.086660 0.034518 0.093487 0.036548
11 0.966912 0.034518 0.050420 0.069036
0 0.411560 0.034518 0.085872 0.038579
0 0.065060 0.802030 0.088892 0.036548
0 0.585252 0.034518 0.076492 0.038579
11 0.015756 0.034518 0.031513 0.069036
0 0.855534 0.854822 0.054162 0.036548
1 0.585248 0.086294 0.093093 0.048731
1 0.585248 0.135025 0.093093 0.048731
0 0.142102 0.700508 0.023109 0.024365
11 0.022059 0.034518 0.018908 0.036548
0 0.169413 0.700508 0.010504 0.024365
0 0.200917 0.700508 0.010504 0.024365
0 0.125295 0.700508 0.010504 0.024365
13 0.949055 0.034518 0.014706 0.028426
12 0.972164 0.034518 0.014706 0.028426
0 0.179917 0.700508 0.010504 0.024365
0 0.158909 0.700508 0.010504 0.024365
0 0.190421 0.700508 0.010504 0.024365
11 0.949055 0.034518 0.014706 0.028426
11 0.972164 0.034518 0.014706 0.028426
0 0.114791 0.700508 0.010504 0.024365
11 0.022059 0.034518 0.010504 0.020305
2 0.894170 0.499492 0.192752 0.056853
3 0.477416 0.952792 0.132353 0.035533
3 0.720851 0.581726 0.027836 0.012183
3 0.316439 0.769036 0.115021 0.021320
4 0.140231 0.416751 0.060924 0.019289
4 0.113445 0.583756 0.113445 0.026396
5 0.937763 0.195431 0.006828 0.013198
7 0.636555 0.140102 0.327731 0.030457
7 0.715861 0.230457 0.423319 0.097462
7 0.279412 0.523858 0.423319 0.097462
7 0.558298 0.223858 0.747899 0.001015
7 0.343487 0.541117 0.260504 0.162437
10 0.857668 0.870051 0.173319 0.227411
10 0.238445 0.972589 0.010504 0.020305
10 0.617122 0.694416 0.019958 0.026396
12 0.630777 0.201015 0.008403 0.016244
13 0.911239 0.049746 0.021008 0.040609
13 0.360032 0.195939 0.019433 0.014213
14 0.191702 0.172589 0.012605 0.024365
14 0.626050 0.994924 0.012605 0.004061
14 0.613183 0.952792 0.007878 0.015228
