10 0.321691 0.472779 0.305672 0.332360
10 0.571166 0.693401 0.151261 0.164467
10 0.747637 0.693401 0.151261 0.164467
10 0.571166 0.388832 0.151261 0.164467
10 0.747637 0.388832 0.151261 0.164467
2 0.520541 0.049746 0.334034 0.048731
1 0.313887 0.687690 0.229139 0.048731
17 0.168088 0.257868 0.100356 0.056853
17 0.381405 0.286294 0.100356 0.056853
1 0.769654 0.239594 0.209116 0.032487
1 0.769654 0.272081 0.209116 0.032487
1 0.769654 0.304569 0.209116 0.032487
1 0.769654 0.337056 0.209116 0.032487
1 0.769654 0.369543 0.209116 0.032487
1 0.577087 0.830457 0.102178 0.060914
1 0.576135 0.525888 0.100274 0.060914
1 0.750529 0.830457 0.096122 0.060914
0 0.362653 0.286294 0.062853 0.052792
0 0.809447 0.049746 0.062451 0.048731
0 0.146324 0.257868 0.056829 0.052792
0 0.142332 0.891878 0.078782 0.035533
0 0.057248 0.891878 0.078782 0.035533
17 0.168088 0.243655 0.100356 0.028426
17 0.168088 0.278173 0.100356 0.028426
17 0.168088 0.312690 0.100356 0.028426
17 0.168088 0.347208 0.100356 0.028426
17 0.168088 0.381726 0.100356 0.028426
17 0.274746 0.243655 0.100356 0.028426
17 0.274746 0.278173 0.100356 0.028426
17 0.274746 0.312690 0.100356 0.028426
17 0.274746 0.347208 0.100356 0.028426
17 0.274746 0.381726 0.100356 0.028426
17 0.381405 0.243655 0.100356 0.028426
17 0.381405 0.278173 0.100356 0.028426
17 0.381405 0.312690 0.100356 0.028426
17 0.168088 0.416244 0.100356 0.028426
17 0.168088 0.450761 0.100356 0.028426
17 0.274746 0.416244 0.100356 0.028426
17 0.274746 0.450761 0.100356 0.028426
17 0.381405 0.347208 0.100356 0.028426
17 0.381405 0.381726 0.100356 0.028426
17 0.168088 0.306599 0.100356 0.028426
17 0.168088 0.341117 0.100356 0.028426
17 0.168088 0.237563 0.100356 0.028426
17 0.168088 0.272081 0.100356 0.028426
17 0.274746 0.237563 0.100356 0.028426
17 0.274746 0.272081 0.100356 0.028426
17 0.274746 0.306599 0.100356 0.028426
17 0.274746 0.341117 0.100356 0.028426
17 0.381405 0.237563 0.100356 0.028426
17 0.161305 0.195939 0.086791 0.030457
4 0.082507 0.837563 0.097788 0.024365
1 0.548340 0.239594 0.156833 0.032487
0 0.164764 0.312690 0.093709 0.024365
0 0.164682 0.272081 0.093545 0.024365
0 0.155003 0.195939 0.074186 0.030457
0 0.163443 0.341117 0.091067 0.024365
0 0.270044 0.341117 0.090952 0.024365
17 0.154260 0.195939 0.072701 0.030457
0 0.375615 0.312690 0.088777 0.024365
0 0.268797 0.243655 0.088457 0.024365
0 0.162052 0.243655 0.088285 0.024365
0 0.267430 0.278173 0.085724 0.024365
0 0.373769 0.278173 0.085084 0.024365
0 0.159762 0.381726 0.083705 0.024365
0 0.265801 0.312690 0.082466 0.024365
0 0.158445 0.347208 0.081071 0.024365
0 0.262843 0.347208 0.076549 0.024365
0 0.155983 0.278173 0.076147 0.024365
0 0.155495 0.312690 0.075171 0.024365
0 0.147957 0.195939 0.060096 0.030457
0 0.368706 0.243655 0.074957 0.024365
17 0.146800 0.195939 0.057781 0.030457
4 0.066451 0.756345 0.065676 0.024365
0 0.152418 0.243655 0.069016 0.024365
0 0.258625 0.416244 0.068113 0.024365
0 0.365185 0.312690 0.067916 0.024365
0 0.258334 0.243655 0.067531 0.024365
0 0.151170 0.347208 0.066521 0.024365
0 0.257636 0.381726 0.066135 0.024365
0 0.150625 0.237563 0.065430 0.024365
0 0.150243 0.278173 0.064666 0.024365
0 0.150034 0.416244 0.064248 0.024365
0 0.361808 0.347208 0.061162 0.024365
0 0.254817 0.347208 0.060498 0.024365
17 0.141712 0.195939 0.047605 0.030457
0 0.147272 0.381726 0.058725 0.024365
0 0.360536 0.243655 0.058618 0.024365
0 0.147174 0.243655 0.058528 0.024365
0 0.360089 0.278173 0.057724 0.024365
0 0.140498 0.195939 0.045176 0.030457
0 0.252470 0.278173 0.055804 0.024365
0 0.145787 0.306599 0.055754 0.024365
0 0.251543 0.416244 0.053949 0.024365
0 0.357151 0.347208 0.051848 0.024365
0 0.357102 0.381726 0.051750 0.024365
0 0.143485 0.347208 0.051151 0.024365
0 0.250053 0.243655 0.050970 0.024365
0 0.250004 0.381726 0.050872 0.024365
0 0.142660 0.278173 0.049501 0.024365
0 0.142430 0.243655 0.049041 0.024365
0 0.355694 0.312690 0.048935 0.024365
4 0.145598 0.756345 0.044298 0.024365
0 0.142188 0.312690 0.048557 0.024365
0 0.248461 0.347208 0.047786 0.024365
0 0.248416 0.312690 0.047696 0.024365
0 0.136485 0.195939 0.037150 0.030457
0 0.579024 0.117766 0.051118 0.020305
0 0.247628 0.278173 0.046120 0.024365
0 0.247534 0.450761 0.045931 0.024365
0 0.247534 0.272081 0.045931 0.024365
17 0.136263 0.195939 0.036707 0.030457
0 0.353302 0.243655 0.044150 0.024365
4 0.109383 0.796954 0.039473 0.024365
0 0.246094 0.243655 0.043051 0.024365
0 0.352498 0.278173 0.042542 0.024365
0 0.681973 0.117766 0.046604 0.020305
0 0.138701 0.416244 0.041582 0.024365
0 0.138594 0.243655 0.041369 0.024365
0 0.494834 0.117766 0.043995 0.020305
0 0.351173 0.347208 0.039891 0.024365
0 0.137531 0.278173 0.039243 0.024365
19 0.183561 0.683629 0.021008 0.040609
19 0.510242 0.515736 0.021008 0.040609
19 0.686712 0.515736 0.021008 0.040609
19 0.510242 0.820305 0.021008 0.040609
19 0.686712 0.820305 0.021008 0.040609
0 0.243866 0.312690 0.038595 0.024365
0 0.243648 0.278173 0.038160 0.024365
0 0.631627 0.117766 0.041483 0.020305
17 0.133042 0.195939 0.030265 0.030457
0 0.242770 0.243655 0.036404 0.024365
0 0.349429 0.312690 0.036404 0.024365
0 0.132451 0.195939 0.029084 0.030457
4 0.049550 0.796954 0.031874 0.024365
0 0.241699 0.381726 0.034262 0.024365
0 0.241699 0.237563 0.034262 0.024365
0 0.347451 0.278173 0.032448 0.024365
0 0.133998 0.381726 0.032177 0.024365
0 0.347316 0.243655 0.032177 0.024365
0 0.133879 0.450761 0.031939 0.024365
0 0.773269 0.117766 0.035017 0.020305
0 0.240427 0.312690 0.031718 0.024365
0 0.133678 0.243655 0.031537 0.024365
0 0.133600 0.341117 0.031381 0.024365
0 0.346762 0.347208 0.031069 0.024365
0 0.129961 0.195939 0.024102 0.030457
0 0.345773 0.237563 0.029092 0.024365
0 0.132238 0.278173 0.028657 0.024365
0 0.238774 0.278173 0.028411 0.024365
0 0.238720 0.347208 0.028304 0.024365
0 0.367844 0.117766 0.031119 0.020305
0 0.727104 0.117766 0.031053 0.020305
0 0.238294 0.381726 0.027450 0.024365
0 0.238187 0.243655 0.027237 0.024365
0 0.131483 0.381726 0.027147 0.024365
0 0.234757 0.117766 0.029994 0.020305
0 0.344665 0.381726 0.026876 0.024365
0 0.237928 0.306599 0.026720 0.024365
0 0.344304 0.278173 0.026154 0.024365
0 0.332142 0.117766 0.027680 0.020305
0 0.452629 0.117766 0.027812 0.020305
0 0.343602 0.243655 0.024751 0.024365
0 0.343450 0.312690 0.024447 0.024365
0 0.236537 0.347208 0.023938 0.024365
0 0.236115 0.312690 0.023093 0.024365
0 0.236094 0.278173 0.023052 0.024365
0 0.299251 0.117766 0.025497 0.020305
0 0.235988 0.243655 0.022838 0.024365
0 0.342343 0.381726 0.022231 0.024365
0 0.268128 0.117766 0.024143 0.020305
0 0.126740 0.195939 0.017660 0.030457
0 0.535148 0.117766 0.024028 0.020305
0 0.341411 0.278173 0.020368 0.024365
0 0.234096 0.416244 0.019055 0.024365
0 0.422478 0.117766 0.019884 0.020305
0 0.126621 0.312690 0.017422 0.024365
0 0.747973 0.943147 0.015756 0.024365
0 0.815389 0.943147 0.015756 0.024365
0 0.397970 0.117766 0.016528 0.020305
0 0.465599 0.675508 0.008403 0.019289
0 0.637868 0.507614 0.008403 0.019289
0 0.814338 0.507614 0.008403 0.019289
0 0.637868 0.812183 0.008403 0.019289
0 0.814338 0.812183 0.008403 0.019289
4 0.025735 0.753299 0.015756 0.018274
4 0.115571 0.753299 0.015756 0.018274
4 0.025735 0.793909 0.015756 0.018274
4 0.081769 0.793909 0.015756 0.018274
4 0.025735 0.834518 0.015756 0.018274
0 0.207396 0.117766 0.012121 0.020305
5 0.079405 0.794416 0.006828 0.013198
5 0.113207 0.753807 0.006828 0.013198
5 0.023372 0.835025 0.006828 0.013198
5 0.023372 0.753807 0.006828 0.013198
5 0.023372 0.794416 0.006828 0.013198
0 0.798582 0.943147 0.005252 0.026396
0 0.780778 0.943147 0.005145 0.026396
20 0.180672 0.631472 0.006303 0.012183
0 0.180672 0.632487 0.006303 0.016244
0 0.763877 0.943147 0.003447 0.026396
