1 0.264968 0.240165 0.094538 0.188832
1 0.314338 0.524429 0.094538 0.188832
1 0.727153 0.240165 0.094538 0.188832
1 0.688288 0.524429 0.094538 0.188832
1 0.171481 0.422906 0.094538 0.188832
1 0.815389 0.422906 0.094538 0.188832
10 0.314338 0.521383 0.080882 0.156345
10 0.171481 0.419860 0.080882 0.156345
10 0.727153 0.237119 0.080882 0.156345
10 0.688288 0.521383 0.080882 0.156345
10 0.264968 0.237119 0.080882 0.156345
10 0.815389 0.419860 0.080882 0.156345
1 0.327239 0.186802 0.155462 0.079188
1 0.327239 0.265990 0.155462 0.079188
1 0.486903 0.186802 0.155462 0.079188
1 0.486903 0.265990 0.155462 0.079188
10 0.156135 0.132789 0.063025 0.121827
10 0.047097 0.522541 0.063025 0.121827
10 0.938608 0.482424 0.063025 0.121827
10 0.900128 0.138531 0.063025 0.121827
0 0.496061 0.516307 0.095523 0.048731
10 0.335716 0.304743 0.044118 0.085279
10 0.637162 0.499619 0.044118 0.085279
10 0.573021 0.127062 0.044118 0.085279
0 0.746746 0.040609 0.078461 0.032487
0 0.334136 0.040609 0.053826 0.034518
18 0.229927 0.040609 0.047564 0.034518
0 0.280466 0.040609 0.045111 0.034518
0 0.639468 0.040609 0.040671 0.034518
0 0.681559 0.040609 0.035107 0.034518
0 0.496061 0.025381 0.009454 0.034518
