0 0.496061 0.712690 0.638655 0.093401
1 0.496061 0.871066 0.638655 0.052792
1 0.496061 0.815228 0.638655 0.026396
17 0.045168 0.027411 0.090336 0.054822
18 0.142069 0.023858 0.103466 0.047716
0 0.219169 0.734010 0.084871 0.050761
0 0.314863 0.973009 0.136555 0.031298
18 0.142069 0.027919 0.095063 0.039594
17 0.402770 0.027919 0.061926 0.055838
17 0.307703 0.027919 0.056288 0.055838
17 0.460909 0.027919 0.054351 0.055838
17 0.258112 0.027919 0.042895 0.055838
17 0.215234 0.027919 0.042862 0.055838
0 0.952596 0.027919 0.062246 0.035533
1 0.044905 0.027411 0.089811 0.054822
17 0.506274 0.027919 0.036379 0.055838
17 0.353827 0.027919 0.035960 0.055838
0 0.881085 0.900000 0.041057 0.035533
0 0.925063 0.900000 0.038496 0.035533
1 0.402770 0.027919 0.061926 0.055838
1 0.307703 0.027919 0.056288 0.055838
0 0.274414 0.973430 0.015756 0.030457
1 0.460909 0.027919 0.054351 0.055838
0 0.255777 0.973430 0.013130 0.030457
0 0.293051 0.973430 0.013130 0.030457
18 0.103524 0.028934 0.007895 0.031885
0 0.318803 0.972081 0.007878 0.016244
1 0.258112 0.027919 0.042895 0.055838
1 0.215234 0.027919 0.042862 0.055838
1 0.506274 0.027919 0.036379 0.055838
1 0.516080 0.982741 0.065463 0.014213
