9 0.371861 0.406091 0.148232 0.380102
9 0.351866 0.406091 0.131762 0.337868
1 0.744091 0.426396 0.496061 0.081218
1 0.744091 0.316751 0.496061 0.081218
9 0.331863 0.406091 0.115292 0.295634
1 0.744091 0.515736 0.496061 0.040609
1 0.425121 0.101523 0.174033 0.089340
0 0.741798 0.207107 0.146936 0.073096
1 0.663985 0.101523 0.116572 0.089340
1 0.732405 0.891878 0.152311 0.065990
1 0.259716 0.891878 0.152311 0.065990
1 0.496061 0.891878 0.152311 0.065990
1 0.558918 0.101523 0.093561 0.089340
1 0.768830 0.101523 0.093118 0.089340
1 0.946297 0.891878 0.107405 0.065990
9 0.218007 0.101523 0.082548 0.048731
1 0.049764 0.891878 0.099527 0.065990
0 0.660427 0.759391 0.077649 0.032487
0 0.588055 0.759391 0.033482 0.032487
0 0.541118 0.759391 0.026778 0.032487
0 0.485557 0.824365 0.006303 0.012183
0 0.496061 0.824365 0.006303 0.012183
0 0.506565 0.824365 0.006303 0.012183
9 0.194939 0.998985 0.060571 0.002030
9 0.431284 0.998985 0.060571 0.002030
9 0.667628 0.998985 0.060571 0.002030
9 0.903973 0.998985 0.060571 0.002030
2 0.335609 0.232487 0.334034 0.048731
2 0.378151 0.764975 0.271008 0.039594
2 0.711134 0.180711 0.113445 0.044670
3 0.159139 0.715736 0.105042 0.032487
3 0.673057 0.904061 0.183298 0.043655
3 0.575105 0.771574 0.057773 0.024365
3 0.259454 0.386294 0.037815 0.047716
4 0.319065 0.511168 0.236870 0.063959
4 0.856618 0.647716 0.128151 0.048731
4 0.808298 0.907107 0.050420 0.035533
5 0.094538 0.566497 0.053571 0.034518
5 0.516019 0.344670 0.006828 0.013198
5 0.773897 0.817766 0.024685 0.047716
5 0.797794 0.740102 0.012605 0.024365
5 0.029412 0.437563 0.016807 0.032487
6 0.968487 0.510660 0.010504 0.020305
6 0.535189 0.410152 0.010504 0.020305
6 0.107143 0.686294 0.010504 0.020305
7 0.176471 0.519797 0.260504 0.162437
7 0.561975 0.873096 0.327731 0.030457
7 0.391282 0.054822 0.423319 0.097462
7 0.773634 0.152284 0.423319 0.097462
10 0.784139 0.857360 0.161765 0.025381
10 0.296218 0.270051 0.019958 0.026396
12 0.849790 0.093401 0.043067 0.032487
12 0.689601 0.148223 0.043067 0.032487
12 0.512605 0.642132 0.021008 0.023350
13 0.483981 0.436548 0.012080 0.022335
14 0.136817 0.499492 0.022584 0.042640
14 0.589811 0.749239 0.097689 0.054822
14 0.131303 0.389848 0.025210 0.048731
14 0.642069 0.445685 0.007878 0.020305
14 0.646008 0.909137 0.046218 0.045685
