0 0.496061 0.595431 0.094292 0.061929
1 0.496057 0.358883 0.101883 0.078173
11 0.359112 0.159898 0.101103 0.032487
11 0.359112 0.192386 0.101103 0.032487
11 0.359112 0.224873 0.101103 0.032487
11 0.359112 0.257360 0.101103 0.032487
11 0.359112 0.289848 0.101103 0.032487
9 0.243697 0.118274 0.091912 0.034518
11 0.762605 0.118274 0.058298 0.050761
11 0.489877 0.159898 0.085240 0.032487
11 0.489877 0.192386 0.085240 0.032487
11 0.489877 0.224873 0.085240 0.032487
11 0.489877 0.257360 0.085240 0.032487
11 0.489877 0.289848 0.085240 0.032487
11 0.489877 0.322335 0.085240 0.032487
11 0.333221 0.118274 0.049321 0.050761
11 0.471072 0.118274 0.047630 0.050761
11 0.727896 0.159898 0.071798 0.032487
11 0.727896 0.192386 0.071798 0.032487
11 0.567288 0.118274 0.036330 0.050761
11 0.359112 0.165990 0.092700 0.020305
11 0.359112 0.198477 0.092700 0.020305
11 0.359112 0.230964 0.092700 0.020305
11 0.359112 0.263452 0.092700 0.020305
11 0.359112 0.295939 0.092700 0.020305
11 0.489877 0.165990 0.076837 0.020305
11 0.489877 0.198477 0.076837 0.020305
11 0.489877 0.230964 0.076837 0.020305
11 0.489877 0.263452 0.076837 0.020305
11 0.489877 0.295939 0.076837 0.020305
11 0.489877 0.328426 0.076837 0.020305
11 0.727896 0.165990 0.063394 0.020305
11 0.727896 0.198477 0.063394 0.020305
11 0.418908 0.118274 0.023085 0.050761
11 0.522005 0.118274 0.020623 0.050761
11 0.382624 0.118274 0.015871 0.050761
1 0.762605 0.118274 0.058298 0.050761
14 0.982323 0.888991 0.012605 0.024365
1 0.567288 0.118274 0.036330 0.050761
1 0.596302 0.029949 0.083640 0.017259
1 0.418908 0.118274 0.023085 0.050761
1 0.800728 0.933391 0.051167 0.020305
1 0.522005 0.118274 0.020623 0.050761
1 0.382624 0.118274 0.015871 0.050761
2 0.329569 0.284772 0.228466 0.033503
3 0.542542 0.936548 0.006303 0.013198
3 0.865021 0.359898 0.132353 0.035533
3 0.357668 0.590355 0.065126 0.031472
3 0.336134 0.935533 0.111345 0.025381
3 0.170693 0.072081 0.006303 0.020305
3 0.277836 0.347208 0.105042 0.032487
4 0.366859 0.096954 0.309349 0.039594
4 0.465336 0.072081 0.015756 0.018274
4 0.794905 0.508629 0.094013 0.024365
5 0.611607 0.704061 0.006828 0.013198
5 0.118697 0.524873 0.031513 0.040609
5 0.903624 0.982234 0.006828 0.013198
5 0.639443 0.110152 0.006828 0.013198
6 0.225840 0.966497 0.010504 0.020305
6 0.589811 0.407107 0.010504 0.020305
7 0.389706 0.082741 0.747899 0.001015
7 0.512080 0.833503 0.327731 0.030457
7 0.728466 0.151269 0.423319 0.097462
7 0.304097 0.870051 0.423319 0.097462
7 0.696429 0.135025 0.327731 0.030457
7 0.375525 0.196954 0.314076 0.113706
7 0.253676 0.621320 0.297269 0.032487
10 0.500263 0.735025 0.335609 0.507614
10 0.923845 0.872589 0.025210 0.047716
12 0.028887 0.162944 0.023109 0.045685
12 0.330620 0.958883 0.008929 0.035533
13 0.505252 0.707614 0.012605 0.024365
13 0.059611 0.185787 0.110819 0.036548
13 0.604779 0.632487 0.089811 0.111675
14 0.905462 0.725888 0.084034 0.091371
14 0.098739 0.308629 0.008403 0.016244
