10 0.417279 0.479949 0.472689 0.609137
1 0.465705 0.881218 0.527524 0.053807
1 0.417279 0.777411 0.472689 0.024365
17 0.705201 0.047081 0.052324 0.060914
17 0.646525 0.047081 0.038767 0.060914
17 0.598284 0.047081 0.031455 0.060914
17 0.759458 0.047081 0.029929 0.060914
17 0.558163 0.047081 0.022527 0.060914
1 0.229148 0.046701 0.096425 0.036548
1 0.705201 0.047081 0.052324 0.060914
18 0.807248 0.047081 0.007878 0.015228
1 0.646525 0.047081 0.038767 0.060914
1 0.337370 0.941751 0.063756 0.026650
1 0.598284 0.047081 0.031455 0.060914
1 0.759458 0.047081 0.029929 0.060914
1 0.227478 0.837944 0.051068 0.026650
1 0.558163 0.047081 0.022527 0.060914
