2 0.481092 0.320812 0.396008 0.054822
1 0.500000 0.531980 0.133403 0.073096
1 0.345588 0.531980 0.133403 0.073096
1 0.500000 0.629442 0.133403 0.073096
1 0.345588 0.629442 0.133403 0.073096
1 0.654412 0.531980 0.133403 0.073096
1 0.654412 0.629442 0.133403 0.073096
9 0.297794 0.531980 0.037815 0.073096
9 0.452206 0.531980 0.037815 0.073096
9 0.452206 0.629442 0.037815 0.073096
9 0.297794 0.629442 0.037815 0.073096
9 0.606618 0.531980 0.037815 0.073096
9 0.606618 0.629442 0.037815 0.073096
12 0.500000 0.207107 0.362920 0.002030
12 0.688550 0.320812 0.018908 0.036548
12 0.707458 0.320812 0.018908 0.036548
0 0.924370 0.037563 0.016807 0.032487
12 0.983193 0.032487 0.012605 0.024365
1 0.500000 0.702538 0.100405 0.016244
1 0.959748 0.037563 0.038488 0.038579
1 0.472303 0.975127 0.072413 0.015228
1 0.042201 0.037563 0.048689 0.018274
1 0.619818 0.975127 0.048442 0.015228
1 0.571256 0.975127 0.031874 0.015228
2 0.649422 0.912183 0.283088 0.043655
2 0.400735 0.420812 0.510504 0.025381
2 0.459296 0.774112 0.087710 0.035533
2 0.691702 0.830457 0.105042 0.046701
2 0.624475 0.415228 0.168067 0.036548
3 0.920168 0.082234 0.105042 0.032487
3 0.466387 0.222843 0.006303 0.013198
3 0.334034 0.146701 0.065126 0.031472
3 0.137868 0.194416 0.106618 0.021320
4 0.425420 0.309645 0.113445 0.026396
5 0.403887 0.034518 0.012605 0.024365
5 0.603204 0.742132 0.055147 0.034518
5 0.983193 0.020305 0.012605 0.024365
5 0.618960 0.351777 0.006828 0.013198
6 0.907038 0.983756 0.010504 0.020305
6 0.670168 0.963452 0.010504 0.020305
7 0.477941 0.544162 0.297269 0.032487
10 0.103992 0.865990 0.019958 0.038579
10 0.381828 0.220812 0.029412 0.057868
10 0.860819 0.440102 0.086134 0.051777
12 0.745798 0.164467 0.210084 0.032487
13 0.379989 0.839594 0.065651 0.044670
14 0.441176 0.643655 0.084034 0.091371
14 0.413340 0.419289 0.007353 0.014213
14 0.328519 0.887817 0.007878 0.021320
14 0.488708 0.204569 0.017332 0.031472
14 0.125263 0.893909 0.007878 0.015228
