9 0.380162 0.778169 0.429967 0.443663
9 0.719448 0.712183 0.214991 0.311675
1 0.314535 0.324873 0.298713 0.050761
1 0.709448 0.905687 0.194992 0.048937
0 0.282756 0.479188 0.069746 0.034518
1 0.692005 0.406091 0.083246 0.060914
9 0.800683 0.992084 0.052521 0.015831
11 0.816439 0.324873 0.021008 0.040609
12 0.819590 0.406091 0.014706 0.044670
13 0.987132 0.500000 0.000525 1.000000
1 0.504776 0.406091 0.047138 0.060914
1 0.684238 0.992084 0.144572 0.015831
11 0.816439 0.324873 0.010504 0.020305
1 0.627519 0.406091 0.045726 0.060914
12 0.822586 0.406091 0.008092 0.016910
1 0.582261 0.406091 0.044791 0.060914
1 0.755695 0.406091 0.044134 0.060914
1 0.669073 0.519186 0.070058 0.029235
1 0.608251 0.519186 0.069968 0.029235
1 0.795000 0.406091 0.034475 0.060914
1 0.103446 0.519186 0.070058 0.029235
2 0.299107 0.534010 0.076155 0.036548
2 0.484244 0.228426 0.105042 0.046701
2 0.118960 0.517766 0.076155 0.036548
3 0.549895 0.333503 0.111345 0.025381
3 0.684874 0.402030 0.105042 0.032487
4 0.355567 0.178680 0.113445 0.026396
4 0.114496 0.964467 0.088235 0.044670
5 0.019170 0.405584 0.006828 0.013198
5 0.210084 0.635533 0.028361 0.034518
6 0.838235 0.910660 0.010504 0.020305
6 0.293592 0.676142 0.010504 0.020305
6 0.105042 0.597970 0.010504 0.020305
7 0.430147 0.513706 0.423319 0.097462
7 0.497899 0.727919 0.260504 0.162437
7 0.268908 0.624365 0.327731 0.030457
7 0.353992 0.236548 0.423319 0.097462
7 0.555672 0.545178 0.260504 0.162437
10 0.092962 0.752284 0.023109 0.044670
10 0.332983 0.140102 0.173319 0.073096
10 0.685662 0.446701 0.335609 0.507614
10 0.275998 0.775127 0.053046 0.049746
13 0.436975 0.144670 0.012605 0.023350
13 0.465861 0.908629 0.021008 0.040609
13 0.301471 0.505584 0.013655 0.028426
13 0.363445 0.163452 0.042017 0.014213
13 0.747899 0.907614 0.059874 0.042640
13 0.557248 0.674112 0.021008 0.040609
13 0.435924 0.275127 0.014706 0.028426
14 0.430935 0.122335 0.038340 0.031472
14 0.976366 0.963452 0.023109 0.044670
14 0.161765 0.747208 0.018908 0.036548
