9 0.380162 0.778169 0.429967 0.443663
9 0.719448 0.712183 0.214991 0.311675
1 0.314535 0.324873 0.298713 0.050761
1 0.709448 0.905687 0.194992 0.048937
0 0.282756 0.479188 0.069746 0.034518
1 0.692005 0.406091 0.083246 0.060914
9 0.800683 0.992084 0.052521 0.015831
11 0.816439 0.324873 0.021008 0.040609
12 0.819590 0.406091 0.014706 0.044670
13 0.987132 0.500000 0.000525 1.000000
1 0.504776 0.406091 0.047138 0.060914
1 0.684238 0.992084 0.144572 0.015831
11 0.816439 0.324873 0.010504 0.020305
1 0.627519 0.406091 0.045726 0.060914
12 0.822586 0.406091 0.008092 0.016910
1 0.582261 0.406091 0.044791 0.060914
1 0.755695 0.406091 0.044134 0.060914
1 0.653928 0.519186 0.070263 0.029235
1 0.795000 0.406091 0.034475 0.060914
1 0.071650 0.519186 0.070263 0.029235
1 0.716181 0.519186 0.065799 0.029235
2 0.516544 0.072081 0.157038 0.048731
2 0.306460 0.267005 0.157038 0.048731
2 0.777836 0.407107 0.168067 0.036548
2 0.677784 0.762944 0.034139 0.021320
2 0.145221 0.075127 0.023634 0.040609
3 0.167279 0.704061 0.115021 0.021320
3 0.401261 0.479188 0.006303 0.020305
4 0.792279 0.732995 0.098214 0.024365
4 0.023109 0.641624 0.008403 0.024365
5 0.887342 0.055330 0.006828 0.013198
6 0.550945 0.392893 0.010504 0.020305
6 0.612395 0.613198 0.010504 0.020305
6 0.764443 0.073604 0.006828 0.013198
6 0.869223 0.310660 0.010504 0.020305
7 0.450630 0.596447 0.747899 0.001015
7 0.325630 0.097462 0.260504 0.162437
7 0.698529 0.313706 0.423319 0.097462
7 0.756828 0.252792 0.260504 0.162437
7 0.482143 0.786294 0.747899 0.001015
7 0.534664 0.734518 0.747899 0.001015
10 0.712185 0.660914 0.192227 0.026396
10 0.699317 0.461421 0.053046 0.049746
10 0.839286 0.677665 0.029412 0.057868
10 0.642069 0.864467 0.053046 0.049746
10 0.500000 0.916751 0.192227 0.026396
12 0.799370 0.321320 0.185924 0.027411
12 0.709821 0.691878 0.231618 0.049746
13 0.656513 0.801015 0.012605 0.024365
13 0.689076 0.800000 0.087185 0.050761
13 0.795168 0.722843 0.021008 0.040609
13 0.786239 0.815228 0.113445 0.048731
14 0.925945 0.487817 0.014706 0.027411
14 0.102416 0.936041 0.012605 0.024365
