10 0.344185 0.463674 0.408433 0.555774
1 0.222689 0.887532 0.165441 0.224937
1 0.404937 0.887532 0.165441 0.224937
1 0.769433 0.887532 0.165441 0.224937
1 0.587185 0.887532 0.165441 0.224937
1 0.708677 0.242695 0.286937 0.113817
1 0.708677 0.537333 0.286937 0.113817
1 0.708677 0.684653 0.286937 0.113817
1 0.708677 0.390014 0.286937 0.113817
10 0.587185 0.865006 0.165441 0.179886
10 0.404937 0.865006 0.165441 0.179886
10 0.769433 0.865006 0.165441 0.179886
10 0.222689 0.865006 0.165441 0.179886
10 0.617553 0.242695 0.104689 0.113817
10 0.617553 0.537333 0.104689 0.113817
10 0.617553 0.684653 0.104689 0.113817
10 0.617553 0.390014 0.104689 0.113817
18 0.729258 0.108629 0.237387 0.044670
10 0.231880 0.090355 0.183824 0.040609
0 0.210088 0.025381 0.043863 0.048731
1 0.785649 0.024365 0.068786 0.048731
1 0.718208 0.024365 0.066094 0.048731
18 0.835347 0.107614 0.016807 0.024365
