9 0.386555 0.683471 0.335609 0.432487
1 0.496061 0.221225 0.151261 0.081853
1 0.386555 0.442862 0.327206 0.032487
1 0.725315 0.848953 0.088761 0.091371
9 0.638918 0.846582 0.067227 0.086628
9 0.638918 0.964070 0.067227 0.071859
1 0.508206 0.299699 0.391675 0.018274
1 0.725315 0.964070 0.088761 0.071859
2 0.528361 0.040657 0.116597 0.027411
0 0.623359 0.040657 0.039785 0.027411
1 0.725840 0.309359 0.116597 0.030457
11 0.208246 0.221225 0.012605 0.040609
0 0.623359 0.041878 0.039785 0.018274
0 0.233718 0.221225 0.013130 0.027411
11 0.208246 0.299714 0.012605 0.040609
0 0.237920 0.299714 0.013130 0.027411
1 0.267631 0.304791 0.101965 0.018274
1 0.560457 0.304791 0.088186 0.018274
1 0.407198 0.304791 0.081383 0.018274
1 0.492224 0.141117 0.058438 0.018274
1 0.756270 0.194337 0.055738 0.021320
1 0.347763 0.141117 0.053292 0.018274
2 0.411239 0.945178 0.021008 0.040609
3 0.844013 0.115736 0.006303 0.020305
3 0.809874 0.136041 0.105042 0.032487
4 0.308824 0.382741 0.088235 0.044670
4 0.745011 0.054315 0.055147 0.047716
4 0.889181 0.339086 0.113445 0.026396
5 0.211922 0.337563 0.006828 0.013198
5 0.841649 0.987310 0.006828 0.013198
6 0.481618 0.973604 0.010504 0.020305
6 0.161765 0.180711 0.010504 0.020305
6 0.829307 0.678173 0.010504 0.020305
7 0.782038 0.663959 0.423319 0.097462
7 0.289391 0.975635 0.297269 0.032487
7 0.138130 0.903553 0.260504 0.162437
7 0.626576 0.357360 0.314076 0.113706
10 0.136029 0.677157 0.019958 0.026396
10 0.782038 0.715228 0.057773 0.049746
10 0.415441 0.533503 0.057773 0.049746
12 0.615546 0.057868 0.034664 0.032487
12 0.670431 0.805076 0.053046 0.032487
13 0.507353 0.559391 0.015756 0.030457
13 0.268120 0.036548 0.019433 0.014213
14 0.173845 0.587817 0.073529 0.052792
14 0.024685 0.896447 0.012605 0.024365
