1 0.574842 0.582741 0.630252 0.609137
9 0.335347 0.959898 0.151261 0.080203
9 0.814338 0.959898 0.151261 0.080203
9 0.653624 0.959898 0.144958 0.080203
9 0.496061 0.959898 0.144958 0.080203
3 0.078782 0.886802 0.132353 0.035533
1 0.196954 0.668195 0.120798 0.065990
11 0.077206 0.785279 0.129202 0.039594
11 0.077206 0.660406 0.129202 0.039594
11 0.077206 0.244162 0.129202 0.039594
11 0.077206 0.577157 0.129202 0.039594
11 0.077206 0.826904 0.129202 0.039594
0 0.078782 0.961421 0.132353 0.035533
2 0.080197 0.915736 0.087915 0.034518
1 0.077206 0.410660 0.129202 0.039594
1 0.196954 0.177157 0.132353 0.039594
1 0.196954 0.218782 0.132353 0.039594
1 0.196954 0.260406 0.132353 0.039594
1 0.196954 0.302030 0.132353 0.039594
1 0.196954 0.343655 0.132353 0.039594
1 0.196954 0.385279 0.132353 0.039594
1 0.196954 0.426904 0.132353 0.039594
1 0.196954 0.468528 0.132353 0.039594
1 0.077206 0.285787 0.129202 0.039594
0 0.113445 0.961421 0.063025 0.035533
0 0.044118 0.961421 0.063025 0.035533
9 0.037815 0.050761 0.050420 0.024365
0 0.157826 0.050254 0.018382 0.035533
0 0.147145 0.046701 0.032735 0.016244
4 0.154498 0.046701 0.018029 0.015070
2 0.771008 0.129442 0.149160 0.021320
2 0.658088 0.075127 0.173319 0.036548
2 0.409139 0.429949 0.234244 0.035533
2 0.734769 0.296954 0.411765 0.021320
2 0.230567 0.887817 0.236345 0.055838
3 0.256828 0.016244 0.006303 0.020305
4 0.526261 0.707614 0.008403 0.024365
5 0.342174 0.244162 0.006828 0.013198
5 0.924632 0.587310 0.006828 0.013198
5 0.331145 0.808629 0.006828 0.013198
6 0.136029 0.688325 0.010504 0.020305
6 0.609244 0.346193 0.010504 0.020305
6 0.164916 0.023350 0.010504 0.020305
6 0.960609 0.695431 0.010504 0.020305
6 0.081933 0.238579 0.010504 0.020305
6 0.838235 0.410152 0.010504 0.020305
7 0.317752 0.497462 0.260504 0.162437
7 0.273109 0.576650 0.423319 0.097462
10 0.872374 0.322335 0.057773 0.049746
10 0.724265 0.438071 0.021008 0.047716
10 0.289391 0.618782 0.086134 0.051777
10 0.900735 0.761421 0.019958 0.026396
10 0.551996 0.708122 0.086134 0.051777
10 0.458771 0.528426 0.131828 0.254822
12 0.075893 0.341624 0.016282 0.031472
12 0.790966 0.297462 0.010504 0.020305
13 0.866334 0.501523 0.032038 0.014213
13 0.056197 0.390863 0.015756 0.030457
13 0.349790 0.275127 0.014706 0.028426
14 0.617647 0.087310 0.012605 0.024365
14 0.870798 0.203046 0.023109 0.044670
14 0.680410 0.699492 0.014181 0.028426
14 0.078256 0.394924 0.012605 0.024365
