1 0.475053 0.425444 0.329832 0.325888
1 0.475053 0.862214 0.329832 0.275571
9 0.475053 0.389911 0.329832 0.254822
9 0.475053 0.851840 0.329832 0.254822
0 0.496061 0.032995 0.992122 0.065990
9 0.737658 0.610787 0.144958 0.157614
9 0.737658 0.887183 0.144958 0.157614
0 0.475053 0.624937 0.346639 0.040609
0 0.475053 0.618845 0.329832 0.028426
1 0.284295 0.032995 0.121127 0.065990
1 0.401293 0.032995 0.111821 0.065990
0 0.475053 0.618845 0.175945 0.028426
1 0.736689 0.723096 0.143021 0.042640
0 0.233456 0.191878 0.102941 0.032487
0 0.233456 0.234518 0.102941 0.032487
1 0.233456 0.673096 0.115546 0.048731
1 0.737658 0.189340 0.144958 0.031472
1 0.737658 0.220812 0.144958 0.031472
1 0.737658 0.252284 0.144958 0.031472
1 0.737658 0.283756 0.144958 0.031472
1 0.737658 0.315228 0.144958 0.031472
1 0.737658 0.346701 0.144958 0.031472
0 0.160579 0.033503 0.053826 0.030457
12 0.870798 0.088325 0.024685 0.040609
9 0.320641 0.691942 0.021008 0.040609
12 0.867647 0.088325 0.018382 0.040609
12 0.830095 0.088325 0.008403 0.044670
9 0.187237 0.630457 0.010504 0.020305
9 0.187237 0.520812 0.010504 0.020305
9 0.187237 0.593909 0.010504 0.020305
9 0.187237 0.447716 0.010504 0.020305
9 0.187237 0.557360 0.010504 0.020305
9 0.187237 0.338071 0.010504 0.020305
9 0.187237 0.484264 0.010504 0.020305
9 0.187237 0.374619 0.010504 0.020305
9 0.187237 0.411168 0.010504 0.020305
9 0.187237 0.673096 0.010504 0.020305
9 0.187237 0.715736 0.010504 0.020305
9 0.187237 0.752284 0.010504 0.020305
9 0.234235 0.033027 0.008403 0.016244
9 0.234235 0.053633 0.008403 0.016244
9 0.355887 0.033027 0.008403 0.016244
9 0.355887 0.053633 0.008403 0.016244
9 0.499746 0.033027 0.008403 0.016244
9 0.499746 0.053633 0.008403 0.016244
9 0.563296 0.033027 0.008403 0.016244
9 0.563296 0.053633 0.008403 0.016244
9 0.626846 0.033027 0.008403 0.016244
9 0.626846 0.053633 0.008403 0.016244
9 0.690397 0.033027 0.008403 0.016244
9 0.690397 0.053633 0.008403 0.016244
9 0.785460 0.033027 0.008403 0.016244
9 0.785460 0.053633 0.008403 0.016244
9 0.880523 0.033027 0.008403 0.016244
9 0.880523 0.053633 0.008403 0.016244
9 0.975586 0.033027 0.008403 0.016244
9 0.975586 0.053633 0.008403 0.016244
2 0.133141 0.515228 0.236870 0.047716
2 0.882353 0.810152 0.074580 0.036548
2 0.647847 0.091878 0.157038 0.049746
2 0.683298 0.495431 0.105042 0.046701
3 0.426471 0.330964 0.105042 0.032487
3 0.721639 0.244670 0.057773 0.024365
3 0.535714 0.224365 0.105042 0.032487
3 0.806197 0.915228 0.132353 0.035533
3 0.338761 0.902030 0.085084 0.059898
4 0.518120 0.414213 0.011029 0.018274
5 0.293330 0.173096 0.006828 0.013198
5 0.519695 0.235025 0.006828 0.013198
5 0.491597 0.957360 0.040966 0.034518
5 0.143645 0.017766 0.000525 0.001015
6 0.845063 0.253807 0.010504 0.020305
6 0.699055 0.514721 0.010504 0.020305
6 0.418592 0.237563 0.010504 0.020305
7 0.723214 0.610152 0.260504 0.162437
7 0.546218 0.971066 0.747899 0.001015
7 0.319328 0.128934 0.327731 0.030457
7 0.444853 0.806091 0.314076 0.113706
7 0.555672 0.598985 0.314076 0.113706
10 0.360294 0.830457 0.173319 0.227411
10 0.120798 0.311168 0.029412 0.057868
10 0.937500 0.708122 0.021008 0.047716
10 0.565126 0.843655 0.019958 0.026396
10 0.344013 0.799492 0.021008 0.047716
12 0.444328 0.031980 0.021008 0.023350
13 0.078256 0.610152 0.022059 0.042640
14 0.959034 0.124365 0.014706 0.027411
