1 0.228204 0.450635 0.157563 0.261675
1 0.406775 0.450635 0.157563 0.261675
1 0.585347 0.450635 0.157563 0.261675
1 0.763918 0.450635 0.157563 0.261675
1 0.406775 0.779315 0.157563 0.241371
1 0.763918 0.779315 0.157563 0.241371
1 0.228204 0.779315 0.157563 0.241371
1 0.585347 0.779315 0.157563 0.241371
9 0.763918 0.744289 0.157563 0.171320
9 0.228204 0.405457 0.157563 0.171320
9 0.585347 0.744289 0.157563 0.171320
9 0.585347 0.405457 0.157563 0.171320
9 0.228204 0.744289 0.157563 0.171320
9 0.406775 0.744289 0.157563 0.171320
9 0.406775 0.405457 0.157563 0.171320
9 0.763918 0.405457 0.157563 0.171320
12 0.833771 0.123350 0.009454 0.018274
1 0.263393 0.178672 0.088908 0.019496
1 0.496061 0.123350 0.075499 0.020305
1 0.179979 0.178672 0.052710 0.019496
1 0.269109 0.123350 0.030241 0.032487
2 0.828782 0.782741 0.073529 0.046701
2 0.587447 0.729442 0.118172 0.041624
2 0.768382 0.780711 0.201681 0.036548
2 0.169380 0.492386 0.157038 0.048731
2 0.523634 0.959391 0.105042 0.046701
3 0.889443 0.423858 0.115021 0.021320
3 0.824580 0.220812 0.006303 0.013198
3 0.274947 0.696447 0.027836 0.012183
4 0.372374 0.683249 0.113445 0.026396
5 0.689863 0.705076 0.000525 0.001015
5 0.804622 0.184772 0.012605 0.024365
5 0.532563 0.187817 0.012605 0.024365
5 0.035977 0.205584 0.006828 0.013198
5 0.936187 0.871574 0.006828 0.013198
6 0.601891 0.569543 0.010504 0.020305
6 0.413340 0.721827 0.010504 0.020305
6 0.187500 0.861929 0.010504 0.020305
6 0.083508 0.943147 0.010504 0.020305
7 0.674370 0.382741 0.327731 0.030457
7 0.170168 0.737056 0.314076 0.113706
10 0.595588 0.086802 0.024160 0.047716
10 0.904412 0.906091 0.086134 0.051777
10 0.239758 0.568528 0.335609 0.507614
10 0.865284 0.426904 0.044643 0.049746
12 0.277311 0.882234 0.024160 0.046701
12 0.162815 0.296954 0.236345 0.063959
13 0.359769 0.753807 0.012605 0.023350
13 0.691702 0.218274 0.016807 0.032487
14 0.043592 0.417259 0.016807 0.032487
14 0.660714 0.835533 0.012605 0.024365
