10 0.547269 0.322208 0.241597 0.262690
1 0.284664 0.279791 0.241597 0.121827
10 0.349330 0.690665 0.125394 0.136374
20 0.216058 0.690649 0.125394 0.136342
10 0.482602 0.690649 0.125394 0.136342
10 0.615874 0.690649 0.125394 0.136342
4 0.289916 0.539181 0.236345 0.063959
0 0.762868 0.059898 0.157563 0.089340
1 0.415966 0.528371 0.504202 0.032281
1 0.415966 0.565728 0.504202 0.032281
1 0.415966 0.491014 0.504202 0.032281
1 0.284664 0.370146 0.241597 0.048731
2 0.289916 0.553395 0.236345 0.035533
1 0.482602 0.857297 0.108587 0.091371
1 0.216058 0.868655 0.108587 0.091371
1 0.615874 0.845876 0.108587 0.068528
10 0.188813 0.052284 0.078782 0.050761
1 0.378414 0.243655 0.123424 0.052792
1 0.378414 0.301523 0.123424 0.052792
0 0.725180 0.946669 0.067744 0.042243
0 0.804934 0.946669 0.073808 0.042243
0 0.714753 0.130457 0.052357 0.049746
0 0.767943 0.130457 0.043519 0.049746
0 0.199009 0.435121 0.070288 0.030457
0 0.816057 0.130457 0.042206 0.049746
0 0.644457 0.052284 0.065602 0.032487
0 0.266208 0.435121 0.054655 0.030457
20 0.983193 0.943115 0.023109 0.044670
19 0.528866 0.052284 0.039104 0.014213
10 0.329832 0.243655 0.015756 0.030457
10 0.329832 0.301523 0.015756 0.030457
10 0.329832 0.359391 0.015756 0.030457
10 0.329832 0.417259 0.015756 0.030457
10 0.329832 0.475127 0.015756 0.030457
10 0.462447 0.243655 0.015756 0.030457
10 0.462447 0.301523 0.015756 0.030457
10 0.462447 0.359391 0.015756 0.030457
10 0.462447 0.417259 0.015756 0.030457
10 0.462447 0.475127 0.015756 0.030457
10 0.333771 0.549239 0.015756 0.030457
0 0.306140 0.435121 0.015756 0.030457
20 0.405462 0.510247 0.005252 0.010152
