0 0.496061 0.579386 0.273109 0.297097
9 0.496061 0.579386 0.273109 0.297097
0 0.727153 0.683510 0.147059 0.505346
12 0.486607 0.542132 0.485294 0.073096
1 0.496057 0.347589 0.529010 0.071066
0 0.496061 0.697478 0.273109 0.060914
1 0.275473 0.594797 0.126050 0.108629
1 0.275473 0.716624 0.126050 0.108629
1 0.564067 0.803315 0.125509 0.087817
1 0.258555 0.490736 0.134232 0.077157
1 0.321273 0.023858 0.322692 0.023350
1 0.415999 0.791386 0.112986 0.063959
11 0.456826 0.060914 0.100676 0.042640
1 0.251530 0.836929 0.120183 0.052792
11 0.456826 0.019797 0.100676 0.039594
1 0.212505 0.079188 0.104106 0.060914
0 0.496061 0.577792 0.040441 0.078173
0 0.793855 0.138579 0.042017 0.060914
11 0.585896 0.079188 0.035796 0.060914
11 0.338785 0.079188 0.034697 0.060914
11 0.294228 0.140102 0.034130 0.060914
11 0.292997 0.079188 0.031669 0.060914
11 0.497440 0.079188 0.031578 0.060914
11 0.540614 0.079188 0.029559 0.060914
11 0.669434 0.079188 0.027516 0.060914
11 0.455345 0.079188 0.027401 0.060914
11 0.629735 0.079188 0.026671 0.060914
0 0.417764 0.079188 0.022551 0.060914
1 0.454758 0.131662 0.097492 0.042005
11 0.381311 0.079188 0.025144 0.060914
12 0.827468 0.079188 0.025210 0.038579
1 0.714515 0.956488 0.121783 0.028426
1 0.542288 0.131662 0.077567 0.042005
12 0.739758 0.543655 0.016807 0.035533
12 0.979517 0.073096 0.016807 0.032487
9 0.200893 0.549619 0.014706 0.028426
9 0.200893 0.671447 0.014706 0.028426
14 0.616859 0.577538 0.012605 0.024365
12 0.979517 0.073096 0.008403 0.016244
9 0.508666 0.773112 0.006303 0.011168
9 0.663603 0.449112 0.006303 0.011168
2 0.381303 0.971574 0.239496 0.052792
2 0.518908 0.730457 0.234244 0.035533
2 0.647847 0.371574 0.076155 0.036548
2 0.232143 0.057360 0.149160 0.021320
2 0.524160 0.422335 0.271008 0.038579
3 0.108193 0.050254 0.065126 0.031472
3 0.077468 0.429442 0.027836 0.012183
3 0.526786 0.602030 0.006303 0.020305
4 0.664916 0.035533 0.088235 0.044670
4 0.749475 0.032487 0.113445 0.026396
4 0.463761 0.603046 0.072479 0.020305
4 0.517332 0.960406 0.113445 0.022335
5 0.977679 0.857360 0.000525 0.001015
5 0.599527 0.068020 0.021534 0.014213
5 0.079044 0.568020 0.000525 0.001015
5 0.419380 0.751777 0.006828 0.013198
5 0.511029 0.511675 0.077731 0.032487
6 0.285977 0.052284 0.006828 0.013198
6 0.841912 0.732995 0.010504 0.020305
6 0.967962 0.260914 0.010504 0.020305
7 0.678571 0.535025 0.327731 0.030457
7 0.443803 0.778680 0.314076 0.113706
7 0.346113 0.792893 0.423319 0.097462
10 0.315126 0.701015 0.161765 0.025381
10 0.234506 0.616751 0.053046 0.049746
10 0.924895 0.323350 0.025210 0.047716
10 0.410714 0.615736 0.161765 0.025381
12 0.757878 0.396447 0.012605 0.015228
12 0.936450 0.251777 0.018908 0.036548
12 0.113971 0.019797 0.183824 0.035533
14 0.425945 0.517259 0.007353 0.015228
14 0.502889 0.411675 0.020483 0.039594
