0 0.499996 0.524365 0.046128 0.031472
2 0.118172 0.813198 0.136555 0.040609
2 0.771008 0.748223 0.189076 0.040609
3 0.387080 0.853299 0.006303 0.013198
3 0.167017 0.855838 0.006303 0.020305
3 0.527836 0.981218 0.111345 0.025381
3 0.580357 0.075127 0.006303 0.020305
4 0.073004 0.973604 0.093487 0.020305
5 0.401261 0.350254 0.012605 0.024365
6 0.703256 0.549239 0.010504 0.020305
6 0.713235 0.056853 0.010504 0.020305
6 0.044118 0.035533 0.010504 0.020305
7 0.293592 0.583756 0.260504 0.162437
7 0.863971 0.265990 0.260504 0.162437
7 0.349265 0.116751 0.423319 0.097462
7 0.496324 0.208122 0.327731 0.030457
10 0.354517 0.502538 0.022059 0.042640
10 0.726891 0.909137 0.029412 0.057868
10 0.221639 0.147716 0.024160 0.047716
12 0.468487 0.039594 0.022059 0.024365
13 0.714548 0.373096 0.129727 0.120812
13 0.251050 0.610152 0.014706 0.028426
13 0.751576 0.836548 0.014706 0.028426
14 0.140231 0.808122 0.015756 0.018274
14 0.246324 0.817259 0.025210 0.048731
14 0.440651 0.573604 0.025210 0.048731
14 0.901523 0.674619 0.069853 0.045685
14 0.758929 0.113706 0.025210 0.048731
