9 0.396620 0.655774 0.396706 0.269924
1 0.396620 0.894083 0.371496 0.157963
0 0.641080 0.454822 0.029289 0.036548
11 0.203519 0.311675 0.019958 0.038579
12 0.669380 0.454822 0.018908 0.036548
1 0.252889 0.311675 0.070378 0.023921
1 0.783088 0.457868 0.022584 0.050761
1 0.762605 0.457868 0.022584 0.050761
1 0.701155 0.457868 0.022584 0.050761
1 0.721639 0.457868 0.022584 0.050761
1 0.742122 0.457868 0.022584 0.050761
1 0.373966 0.311168 0.047482 0.019289
1 0.430631 0.311168 0.036436 0.019289
1 0.320464 0.311168 0.030109 0.019289
1 0.474174 0.311168 0.021238 0.019289
1 0.509474 0.454315 0.019950 0.019289
2 0.765231 0.311168 0.294118 0.027411
2 0.300420 0.580711 0.367647 0.040609
3 0.366597 0.250761 0.105042 0.032487
3 0.340074 0.434010 0.183298 0.043655
3 0.661502 0.517259 0.183298 0.043655
4 0.393908 0.888832 0.050420 0.035533
4 0.116334 0.621320 0.175945 0.024365
4 0.206408 0.796954 0.113445 0.022335
4 0.494748 0.215228 0.113445 0.026396
4 0.240021 0.859898 0.113445 0.026396
4 0.834034 0.176650 0.113445 0.026396
4 0.239496 0.639594 0.015756 0.018274
4 0.703782 0.536041 0.113445 0.022335
5 0.162027 0.082741 0.006828 0.013198
5 0.261292 0.475635 0.006828 0.013198
5 0.299107 0.354822 0.006828 0.013198
5 0.377101 0.451777 0.028361 0.034518
5 0.085872 0.102030 0.006828 0.013198
5 0.277574 0.977157 0.006828 0.013198
6 0.044118 0.732995 0.010504 0.020305
6 0.807248 0.900508 0.010504 0.020305
6 0.790966 0.315736 0.010504 0.020305
7 0.296744 0.596954 0.314076 0.113706
7 0.517857 0.423858 0.747899 0.001015
7 0.257353 0.910660 0.423319 0.097462
10 0.420956 0.679695 0.053046 0.049746
10 0.027836 0.818274 0.010504 0.020305
12 0.862395 0.361929 0.021008 0.023350
12 0.360294 0.527919 0.210084 0.032487
13 0.432248 0.458883 0.014706 0.028426
13 0.475315 0.835533 0.014706 0.028426
13 0.807773 0.062944 0.015756 0.030457
13 0.581145 0.741117 0.045693 0.040609
13 0.110294 0.135025 0.014706 0.028426
14 0.810662 0.149239 0.016282 0.032487
14 0.464811 0.822843 0.012605 0.023350
14 0.921744 0.040609 0.023109 0.044670
14 0.057773 0.224365 0.025210 0.048731
14 0.204569 0.560406 0.290441 0.040609
