10 0.500004 0.428426 0.792156 0.507614
0 0.500004 0.637563 0.775350 0.056853
10 0.959923 0.428426 0.080153 0.477157
10 0.040081 0.428426 0.080161 0.477157
0 0.040081 0.428426 0.080161 0.477157
0 0.959923 0.428426 0.080153 0.477157
0 0.500000 0.743401 0.315126 0.054822
1 0.500004 0.550254 0.641076 0.030457
0 0.500000 0.672541 0.315126 0.025984
0 0.397055 0.743401 0.107742 0.054822
20 0.607963 0.743401 0.097689 0.054822
19 0.505022 0.743401 0.097689 0.054822
10 0.500000 0.248477 0.105042 0.038579
0 0.036131 0.625015 0.072262 0.053442
0 0.963873 0.625015 0.072254 0.053442
10 0.696773 0.958883 0.046218 0.082234
1 0.199276 0.931980 0.180065 0.030457
10 0.077731 0.962437 0.037815 0.073096
0 0.952678 0.044670 0.069434 0.040609
10 0.387252 0.962437 0.037815 0.073096
0 0.500004 0.637563 0.049542 0.056853
0 0.181156 0.044670 0.062106 0.040609
0 0.884675 0.044670 0.060268 0.040609
0 0.934874 0.808122 0.046218 0.040609
0 0.123896 0.044670 0.046112 0.040609
0 0.236406 0.044670 0.042091 0.040609
0 0.122312 0.010152 0.056600 0.020305
10 0.993693 0.962437 0.012613 0.073096
0 0.902344 0.995431 0.086052 0.009137
0 0.921218 0.808122 0.018908 0.040609
0 0.948529 0.808122 0.018908 0.040609
0 0.019929 0.010152 0.039859 0.020305
0 0.066936 0.010152 0.028944 0.020305
0 0.118697 0.995431 0.018908 0.009137
0 0.428219 0.995431 0.018908 0.009137
0 0.487395 0.710660 0.012605 0.024365
0 0.500000 0.710660 0.012605 0.024365
0 0.512605 0.710660 0.012605 0.024365
1 0.050420 0.044670 0.075630 0.036548
0 0.307576 0.995431 0.037503 0.009137
0 0.617097 0.995431 0.037503 0.009137
0 0.118697 0.996447 0.018908 0.007107
0 0.428219 0.996447 0.018908 0.007107
1 0.486702 0.582741 0.095514 0.020305
1 0.442580 0.931980 0.047630 0.030457
1 0.549915 0.366117 0.057798 0.017259
1 0.436885 0.288166 0.054310 0.017259
1 0.315824 0.889340 0.021008 0.040609
1 0.877175 0.211168 0.021008 0.040609
1 0.062388 0.224203 0.019748 0.038173
