9 0.489758 0.753553 0.323062 0.351777
1 0.483456 0.973604 0.966912 0.052792
1 0.489758 0.496447 0.323529 0.129949
13 0.237395 0.818750 0.129415 0.141053
13 0.237395 0.671066 0.129727 0.121827
1 0.750615 0.642640 0.096983 0.101523
1 0.750615 0.817259 0.096983 0.101523
13 0.237395 0.973572 0.129727 0.052855
1 0.750615 0.924873 0.096983 0.081218
1 0.496061 0.091878 0.179097 0.045685
9 0.189601 0.091878 0.046744 0.068020
1 0.210347 0.091878 0.088235 0.068020
4 0.748424 0.500508 0.142332 0.020305
1 0.748424 0.960406 0.142332 0.038579
0 0.748424 0.524873 0.072381 0.036548
12 0.218931 0.021320 0.046071 0.042640
0 0.561006 0.020305 0.051668 0.040609
0 0.363339 0.020305 0.050814 0.040609
0 0.619518 0.020305 0.048549 0.040609
13 0.803141 0.020305 0.045505 0.040609
9 0.212447 0.470051 0.057773 0.028426
1 0.750615 0.729949 0.096983 0.040609
1 0.750615 0.555330 0.096983 0.040609
11 0.181062 0.020305 0.029666 0.040609
1 0.046932 0.022335 0.093865 0.044670
14 0.979517 0.973604 0.025210 0.048731
1 0.791430 0.091878 0.068926 0.052792
9 0.194065 0.514721 0.021008 0.040609
0 0.769695 0.020305 0.021008 0.040609
0 0.282826 0.470051 0.016807 0.032487
0 0.761046 0.153299 0.008403 0.016244
9 0.282826 0.470051 0.012080 0.023350
2 0.821429 0.238071 0.241597 0.039594
2 0.782826 0.135025 0.023634 0.040609
2 0.944853 0.746193 0.105042 0.046701
2 0.073004 0.443147 0.116597 0.027411
2 0.153099 0.372589 0.076155 0.036548
2 0.259716 0.482234 0.076155 0.036548
3 0.212447 0.162944 0.115021 0.021320
3 0.797794 0.696954 0.037815 0.047716
3 0.224002 0.924365 0.183298 0.043655
3 0.452206 0.349746 0.111345 0.025381
4 0.460347 0.410660 0.037290 0.035533
4 0.713235 0.556853 0.008403 0.035533
4 0.788340 0.298477 0.113445 0.026396
4 0.507353 0.698985 0.060924 0.019289
4 0.273109 0.904569 0.113445 0.026396
5 0.686187 0.157868 0.006828 0.013198
5 0.222426 0.404569 0.000525 0.001015
5 0.386029 0.207107 0.012605 0.024365
6 0.940651 0.701523 0.010504 0.020305
6 0.928046 0.698477 0.010504 0.020305
6 0.266282 0.518782 0.010504 0.020305
7 0.655987 0.365482 0.260504 0.162437
7 0.600315 0.131980 0.260504 0.162437
7 0.401261 0.084264 0.260504 0.162437
7 0.614496 0.497462 0.297269 0.032487
10 0.181197 0.084264 0.022059 0.042640
10 0.845588 0.934010 0.010504 0.020305
12 0.917805 0.071066 0.042542 0.018274
12 0.813813 0.506091 0.018382 0.059898
13 0.596376 0.322843 0.065651 0.044670
13 0.229517 0.449239 0.021008 0.039594
13 0.122637 0.923858 0.007878 0.016244
13 0.316176 0.160406 0.014706 0.028426
13 0.311975 0.304569 0.014706 0.028426
14 0.201681 0.464975 0.023109 0.044670
