9 0.496061 0.628680 0.323529 0.351777
1 0.247111 0.645558 0.157563 0.385533
1 0.496061 0.865482 0.323529 0.097462
9 0.247111 0.538452 0.157563 0.171320
1 0.745011 0.914213 0.157563 0.171574
1 0.745011 0.538071 0.157563 0.170558
1 0.745011 0.725888 0.157563 0.170558
9 0.247111 0.927284 0.157563 0.145431
0 0.907916 0.344162 0.047482 0.034518
0 0.962940 0.344162 0.041557 0.034518
11 0.021534 0.344162 0.026261 0.030457
1 0.496061 0.344162 0.073529 0.040609
1 0.444451 0.407107 0.048254 0.042640
1 0.401072 0.407107 0.038504 0.042640
1 0.517299 0.407107 0.034106 0.042640
1 0.484412 0.407107 0.031669 0.042640
1 0.572458 0.407107 0.029568 0.042640
1 0.312254 0.407107 0.029149 0.042640
2 0.232405 0.416244 0.076155 0.036548
2 0.119485 0.183249 0.131828 0.031472
2 0.643120 0.196954 0.076155 0.036548
2 0.439076 0.287310 0.163866 0.036548
3 0.899947 0.430964 0.183298 0.043655
3 0.740021 0.554822 0.006303 0.013198
3 0.498950 0.171066 0.132353 0.035533
3 0.540441 0.205584 0.111345 0.025381
3 0.610557 0.542132 0.027836 0.012183
3 0.939076 0.341624 0.085084 0.059898
4 0.105567 0.477157 0.113445 0.022335
5 0.463761 0.464975 0.031513 0.040609
5 0.272847 0.147716 0.006828 0.013198
6 0.016282 0.473096 0.010504 0.020305
6 0.706933 0.937056 0.010504 0.020305
6 0.410714 0.719797 0.010504 0.020305
6 0.227416 0.159391 0.010504 0.020305
7 0.662815 0.086294 0.297269 0.032487
7 0.605042 0.867513 0.747899 0.001015
10 0.769433 0.227411 0.019958 0.026396
10 0.373424 0.235533 0.019958 0.038579
10 0.868172 0.683249 0.173319 0.227411
10 0.517857 0.608122 0.173319 0.227411
10 0.459034 0.738071 0.019958 0.038579
12 0.355830 0.391371 0.563550 0.039594
12 0.363445 0.244162 0.457983 0.035533
13 0.612395 0.473096 0.087185 0.050761
13 0.825105 0.551269 0.097689 0.054822
13 0.902836 0.501523 0.008403 0.016244
14 0.664391 0.076142 0.023109 0.044670
