9 0.473739 0.786120 0.288866 0.372240
1 0.221639 0.649492 0.183824 0.098985
0 0.500000 0.663880 0.351891 0.040609
13 0.409401 0.663880 0.170693 0.040609
14 0.590599 0.663880 0.170693 0.040609
1 0.217716 0.894258 0.175978 0.051142
1 0.769433 0.781409 0.195378 0.045685
1 0.486870 0.973604 0.312319 0.026396
1 0.769433 0.718972 0.195378 0.030457
1 0.769433 0.843845 0.195378 0.030457
1 0.769433 0.953490 0.195378 0.030457
1 0.769433 0.898668 0.195378 0.030457
1 0.219587 0.837944 0.179720 0.032678
1 0.216395 0.950571 0.173336 0.032678
1 0.493172 0.056853 0.104517 0.056853
9 0.500000 0.336033 0.075105 0.040466
13 0.820235 0.054822 0.052020 0.040609
0 0.343705 0.618195 0.039300 0.040609
1 0.800945 0.197970 0.108193 0.036136
4 0.680758 0.669226 0.076853 0.012183
9 0.299370 0.197970 0.022059 0.042640
9 0.586134 0.197970 0.022059 0.042640
9 0.155987 0.197970 0.022059 0.042640
9 0.442752 0.197970 0.022059 0.042640
9 0.729517 0.197970 0.022059 0.042640
13 0.760570 0.054822 0.042099 0.014213
0 0.433163 0.445606 0.046719 0.012183
5 0.739931 0.669226 0.021534 0.014213
4 0.172031 0.052792 0.011029 0.018274
2 0.100840 0.168528 0.105042 0.046701
2 0.791492 0.467005 0.168067 0.036548
2 0.058036 0.194416 0.113971 0.039594
2 0.781513 0.287817 0.236345 0.055838
2 0.437500 0.165990 0.294118 0.027411
3 0.791229 0.927411 0.183298 0.043655
3 0.925420 0.903046 0.111345 0.025381
3 0.066176 0.856345 0.037815 0.047716
3 0.303834 0.104061 0.106618 0.021320
4 0.436975 0.960406 0.113445 0.026396
5 0.576681 0.635533 0.012605 0.024365
5 0.823792 0.151777 0.006828 0.013198
5 0.363445 0.553299 0.012605 0.024365
5 0.313813 0.658883 0.024685 0.048731
5 0.908351 0.911168 0.006828 0.013198
5 0.021796 0.492893 0.006828 0.013198
5 0.208771 0.883756 0.006828 0.013198
6 0.339023 0.165990 0.006828 0.013198
6 0.048845 0.245685 0.010504 0.020305
6 0.108718 0.595939 0.010504 0.020305
6 0.803309 0.463452 0.006828 0.013198
6 0.720063 0.487310 0.010504 0.020305
7 0.636555 0.377665 0.260504 0.162437
7 0.784139 0.502538 0.423319 0.097462
7 0.643382 0.392893 0.297269 0.032487
10 0.823267 0.443655 0.335609 0.507614
10 0.144170 0.707107 0.044643 0.049746
10 0.341912 0.082234 0.019958 0.026396
10 0.566702 0.962944 0.029412 0.057868
12 0.463761 0.778680 0.012605 0.024365
12 0.432248 0.742640 0.289916 0.057868
12 0.591649 0.762944 0.059349 0.027411
12 0.181723 0.230457 0.022059 0.042640
13 0.009979 0.533503 0.012605 0.027411
13 0.568803 0.797970 0.014706 0.028426
13 0.789916 0.155838 0.023109 0.043655
14 0.910452 0.645685 0.016282 0.032487
14 0.356618 0.841624 0.025210 0.048731
14 0.692489 0.545178 0.005777 0.010152
14 0.951155 0.433503 0.023109 0.044670
14 0.790966 0.579695 0.084034 0.091371
