9 0.410538 0.846701 0.341034 0.306599
1 0.671883 0.855330 0.148044 0.289340
1 0.487083 0.447724 0.247275 0.040403
9 0.500000 0.084708 0.273109 0.025381
0 0.426471 0.257995 0.126050 0.050761
0 0.573529 0.257995 0.126050 0.050761
1 0.329307 0.606091 0.138655 0.060914
1 0.492122 0.606091 0.138655 0.060914
1 0.654937 0.606091 0.138655 0.060914
1 0.166492 0.606091 0.138655 0.060914
1 0.817752 0.606091 0.138655 0.060914
1 0.497271 0.415228 0.322044 0.016244
1 0.955620 0.606091 0.088761 0.060914
1 0.479541 0.455838 0.279067 0.016244
9 0.765231 0.606091 0.031513 0.060914
9 0.276786 0.606091 0.031513 0.060914
9 0.113971 0.606091 0.031513 0.060914
9 0.928046 0.606091 0.031513 0.060914
9 0.439601 0.606091 0.031513 0.060914
9 0.602416 0.606091 0.031513 0.060914
1 0.036502 0.606091 0.073004 0.060914
11 0.249212 0.028934 0.028887 0.055838
0 0.426466 0.257995 0.066332 0.017862
11 0.711598 0.030964 0.046342 0.015228
0 0.711598 0.030964 0.046342 0.015228
5 0.711598 0.030964 0.046342 0.015228
13 0.748687 0.028934 0.017332 0.033503
13 0.741153 0.056345 0.032399 0.015228
0 0.748424 0.606091 0.013655 0.026396
0 0.251576 0.606091 0.013655 0.026396
13 0.747813 0.056345 0.019080 0.015228
1 0.497575 0.028934 0.092347 0.029061
13 0.748687 0.028934 0.008929 0.019289
2 0.189601 0.622335 0.163866 0.036548
2 0.784401 0.137056 0.192752 0.056853
3 0.374475 0.262944 0.105042 0.032487
3 0.719538 0.884264 0.006303 0.020305
4 0.109769 0.550254 0.113445 0.026396
5 0.927784 0.482741 0.024685 0.047716
6 0.526786 0.963452 0.010504 0.020305
7 0.765756 0.560406 0.260504 0.162437
7 0.307248 0.327919 0.314076 0.113706
7 0.712710 0.677157 0.423319 0.097462
10 0.182248 0.408122 0.092437 0.038579
10 0.754727 0.789848 0.019958 0.038579
10 0.296481 0.918274 0.053046 0.049746
10 0.236870 0.172589 0.192227 0.026396
12 0.120011 0.537056 0.039391 0.032487
12 0.540704 0.269543 0.495273 0.049746
12 0.854517 0.864467 0.185924 0.027411
12 0.285714 0.677157 0.025210 0.048731
13 0.878414 0.717259 0.040441 0.031472
13 0.356092 0.748223 0.021008 0.040609
13 0.584296 0.830457 0.007878 0.016244
13 0.125000 0.627411 0.014706 0.028426
14 0.198529 0.773604 0.009454 0.018274
14 0.014181 0.325888 0.012605 0.024365
14 0.836134 0.575127 0.012605 0.023350
14 0.558824 0.530964 0.078782 0.038579
14 0.049370 0.457868 0.010504 0.020305
