10 0.305672 0.583804 0.367647 0.473763
16 0.791492 0.319646 0.173319 0.227110
10 0.791492 0.706147 0.173319 0.223049
1 0.305672 0.290213 0.367647 0.097176
1 0.597164 0.606091 0.173319 0.097462
16 0.791492 0.498176 0.173319 0.073096
1 0.597164 0.271066 0.173319 0.073096
1 0.597164 0.432487 0.173319 0.073096
1 0.791492 0.884676 0.173319 0.073096
2 0.441956 0.040102 0.189076 0.040609
1 0.597164 0.775635 0.173319 0.048731
1 0.597164 0.912690 0.173319 0.048731
10 0.118894 0.040609 0.081933 0.057868
1 0.305672 0.993084 0.367647 0.013832
0 0.041065 0.040102 0.056920 0.040609
1 0.764936 0.040102 0.112231 0.040609
1 0.789284 0.445384 0.168904 0.022335
