1 0.496061 0.174794 0.992122 0.349588
1 0.553834 0.809835 0.565126 0.368211
9 0.440598 0.809835 0.338654 0.368211
0 0.496061 0.566846 0.680672 0.071066
1 0.335732 0.456694 0.360015 0.116751
0 0.466493 0.566846 0.100742 0.071066
0 0.737161 0.566846 0.098797 0.071066
0 0.642689 0.566846 0.090147 0.071066
0 0.746061 0.425920 0.105042 0.055203
0 0.557240 0.566846 0.080751 0.071066
0 0.191410 0.566846 0.071371 0.071066
0 0.381368 0.566846 0.069508 0.071066
0 0.803075 0.566846 0.066644 0.071066
0 0.314211 0.566846 0.064806 0.071066
0 0.239233 0.942330 0.091912 0.042243
0 0.254452 0.566846 0.054712 0.071066
0 0.326155 0.942330 0.068277 0.042243
1 0.207195 0.899841 0.086134 0.040609
1 0.207195 0.824714 0.086134 0.040609
1 0.207195 0.974968 0.086134 0.040609
12 0.817489 0.425920 0.021008 0.040609
9 0.341518 0.997985 0.140494 0.004029
9 0.483062 0.997985 0.140494 0.004029
9 0.624606 0.997985 0.140494 0.004029
9 0.766150 0.997985 0.140494 0.004029
9 0.907694 0.997985 0.140494 0.004029
12 0.817489 0.425920 0.010504 0.020305
9 0.989496 0.997985 0.021008 0.004029
1 0.248835 0.890736 0.043855 0.013198
2 0.477941 0.587310 0.512605 0.023350
2 0.258666 0.123858 0.023634 0.040609
2 0.584034 0.432487 0.201681 0.036548
2 0.340599 0.810660 0.087710 0.035533
2 0.134716 0.525888 0.076155 0.036548
3 0.187763 0.445685 0.027836 0.012183
3 0.646796 0.065482 0.183298 0.043655
3 0.588235 0.019797 0.006303 0.013198
4 0.591912 0.110660 0.072479 0.020305
4 0.930147 0.768528 0.113445 0.026396
5 0.728992 0.396954 0.016807 0.032487
6 0.485032 0.117259 0.006828 0.013198
7 0.323004 0.630457 0.327731 0.030457
7 0.196429 0.917766 0.327731 0.030457
7 0.273109 0.412183 0.314076 0.113706
10 0.767857 0.086802 0.021008 0.047716
10 0.508403 0.100508 0.019958 0.026396
10 0.221639 0.550254 0.023109 0.044670
10 0.088235 0.450254 0.086134 0.051777
10 0.552784 0.197970 0.131828 0.184772
10 0.279412 0.084772 0.029412 0.057868
12 0.559874 0.763959 0.126050 0.047716
12 0.262342 0.376142 0.032038 0.061929
13 0.093487 0.063959 0.015756 0.030457
13 0.880777 0.916244 0.012605 0.023350
14 0.328519 0.390355 0.038340 0.031472
