9 0.590332 0.172502 0.323538 0.345003
1 0.500000 0.914776 0.504202 0.170447
9 0.632353 0.564134 0.239496 0.308312
9 0.676471 0.914776 0.151261 0.170447
1 0.367647 0.458812 0.239496 0.097668
1 0.331929 0.114562 0.168059 0.132931
1 0.367647 0.564816 0.239496 0.089975
1 0.477683 0.794226 0.459567 0.021923
1 0.331929 0.017957 0.168059 0.035914
0 0.253151 0.024365 0.012605 0.048731
0 0.409656 0.332820 0.012605 0.024365
0 0.481092 0.706107 0.012605 0.024365
1 0.720662 0.024365 0.060777 0.044670
1 0.656385 0.024365 0.042567 0.042259
1 0.302127 0.024365 0.064338 0.016345
1 0.736086 0.794147 0.032030 0.020305
2 0.489496 0.954315 0.105042 0.046701
2 0.759454 0.739086 0.074580 0.036548
2 0.050683 0.842132 0.037290 0.027411
2 0.342174 0.557868 0.118172 0.041624
2 0.634979 0.426396 0.144958 0.036548
2 0.545168 0.722335 0.773109 0.033503
2 0.307773 0.205076 0.113445 0.044670
3 0.064601 0.730964 0.006303 0.020305
3 0.362920 0.820305 0.006303 0.020305
4 0.454832 0.821320 0.113445 0.026396
4 0.309349 0.282234 0.113445 0.026396
4 0.053309 0.372081 0.094013 0.023350
5 0.851103 0.032995 0.006828 0.013198
5 0.754727 0.565482 0.031513 0.040609
6 0.902311 0.637563 0.010504 0.020305
6 0.835609 0.160406 0.010504 0.020305
6 0.515231 0.217259 0.010504 0.020305
7 0.751576 0.515736 0.260504 0.162437
7 0.220063 0.421320 0.260504 0.162437
10 0.651261 0.911168 0.021008 0.047716
10 0.493172 0.458883 0.019958 0.026396
10 0.289391 0.830964 0.025210 0.047716
10 0.021008 0.348223 0.023109 0.044670
12 0.253414 0.728426 0.095063 0.039594
12 0.715861 0.786802 0.021008 0.040609
13 0.356092 0.447208 0.021008 0.039594
13 0.529149 0.115736 0.089811 0.111675
13 0.611870 0.564975 0.714286 0.090355
13 0.648109 0.930964 0.015756 0.030457
14 0.503151 0.529442 0.010504 0.021320
14 0.776786 0.376650 0.025210 0.048731
14 0.372899 0.269036 0.005252 0.010152
14 0.178834 0.469036 0.016282 0.032487
14 0.918067 0.086294 0.007353 0.014213
14 0.716124 0.752284 0.170693 0.040609
