9 0.497899 0.808629 0.502101 0.382741
1 0.333410 0.544162 0.156316 0.044670
1 0.492848 0.544162 0.134872 0.044670
1 0.646517 0.544162 0.118697 0.044670
11 0.480227 0.090982 0.043551 0.052015
11 0.433270 0.090982 0.038316 0.052015
11 0.678251 0.090982 0.036059 0.052015
11 0.525062 0.090982 0.034089 0.052015
11 0.288361 0.090982 0.030405 0.052015
11 0.395770 0.090982 0.024652 0.052015
11 0.620466 0.090982 0.022707 0.052015
11 0.256996 0.090982 0.020294 0.052015
11 0.557662 0.090982 0.019063 0.052015
11 0.368176 0.090982 0.018489 0.052015
1 0.284139 0.032487 0.070378 0.048731
11 0.646021 0.090982 0.016355 0.052015
1 0.334259 0.090982 0.049345 0.052015
1 0.591165 0.090982 0.035895 0.052015
1 0.716735 0.090982 0.028862 0.052015
1 0.708008 0.490847 0.048270 0.022303
1 0.676471 0.032487 0.014706 0.028426
1 0.695378 0.032487 0.014706 0.028426
1 0.657563 0.032487 0.014706 0.028426
2 0.159401 0.600000 0.076155 0.036548
2 0.527048 0.430457 0.023634 0.040609
2 0.749475 0.616244 0.101891 0.026396
2 0.280462 0.074619 0.271008 0.039594
2 0.594013 0.205076 0.074580 0.036548
2 0.591124 0.929949 0.023634 0.040609
3 0.291492 0.860406 0.085084 0.059898
4 0.144433 0.257360 0.017857 0.015228
4 0.110819 0.539086 0.113445 0.022335
4 0.935399 0.654822 0.025210 0.048731
4 0.641282 0.931980 0.113445 0.026396
5 0.091649 0.274619 0.024685 0.047716
5 0.582721 0.580203 0.006828 0.013198
5 0.093225 0.358883 0.006828 0.013198
7 0.776261 0.607107 0.423319 0.097462
7 0.257353 0.325888 0.314076 0.113706
10 0.290441 0.358376 0.019958 0.026396
10 0.601366 0.162437 0.022059 0.042640
10 0.900210 0.197970 0.019958 0.026396
10 0.057248 0.456853 0.019958 0.026396
10 0.573529 0.902538 0.092437 0.038579
12 0.502889 0.258376 0.992122 0.090355
13 0.169905 0.852792 0.039391 0.036548
13 0.851366 0.230457 0.004202 0.004061
14 0.764181 0.685279 0.025210 0.048731
14 0.144958 0.565482 0.097689 0.054822
14 0.164916 0.660914 0.012605 0.024365
