9 0.259684 0.652110 0.271468 0.295082
9 0.788537 0.599484 0.175026 0.189832
1 0.547958 0.792893 0.271468 0.113706
9 0.615825 0.582234 0.135734 0.147208
9 0.615825 0.791371 0.135734 0.147208
1 0.259684 0.870717 0.271468 0.081218
1 0.547958 0.555330 0.271468 0.056853
1 0.788537 0.761405 0.175026 0.073096
9 0.165966 0.376650 0.084034 0.081218
0 0.855169 0.376650 0.041762 0.032487
0 0.974790 0.878997 0.016807 0.032487
1 0.756303 0.925286 0.071642 0.040609
1 0.745347 0.376650 0.076254 0.024365
1 0.667723 0.376650 0.052734 0.032487
1 0.440565 0.458883 0.073373 0.020305
1 0.710248 0.458883 0.071347 0.020305
1 0.836356 0.458883 0.062894 0.020305
1 0.149414 0.458883 0.050929 0.020305
1 0.278525 0.458883 0.047367 0.020305
2 0.548582 0.968020 0.228466 0.033503
2 0.344538 0.014213 0.493697 0.022335
2 0.450105 0.872081 0.105042 0.046701
2 0.888918 0.309645 0.023634 0.040609
3 0.409664 0.784264 0.111345 0.025381
4 0.787027 0.413706 0.309349 0.039594
4 0.551733 0.879188 0.162290 0.024365
4 0.123950 0.365990 0.088235 0.043655
5 0.024422 0.944670 0.006828 0.013198
5 0.756828 0.068020 0.031513 0.040609
5 0.468750 0.450254 0.000525 0.001015
5 0.970588 0.706599 0.012605 0.024365
5 0.457983 0.454822 0.077731 0.032487
6 0.294118 0.105584 0.010504 0.020305
6 0.084559 0.023350 0.010504 0.020305
7 0.826155 0.489340 0.260504 0.162437
7 0.610294 0.359391 0.423319 0.097462
7 0.256828 0.751269 0.327731 0.030457
7 0.308298 0.779695 0.423319 0.097462
7 0.453256 0.341117 0.423319 0.097462
7 0.373950 0.840102 0.747899 0.001015
7 0.692227 0.611168 0.423319 0.097462
7 0.559874 0.152284 0.423319 0.097462
10 0.474790 0.656853 0.092437 0.038579
10 0.722689 0.392893 0.173319 0.227411
10 0.866071 0.674619 0.071429 0.063959
12 0.511029 0.071066 0.012605 0.056853
12 0.565914 0.647208 0.007878 0.017259
12 0.185399 0.419289 0.339286 0.075127
12 0.841912 0.595431 0.021008 0.023350
12 0.839548 0.244670 0.044643 0.085279
12 0.555147 0.449239 0.185924 0.027411
13 0.597689 0.226396 0.016807 0.032487
13 0.324055 0.590863 0.015756 0.030457
14 0.162815 0.407107 0.023109 0.030457
14 0.582721 0.770558 0.016282 0.032487
