1 0.417542 0.670305 0.462710 0.659391
0 0.496061 0.864673 0.992122 0.270654
9 0.417542 0.592164 0.462710 0.503109
1 0.731618 0.518869 0.148634 0.356520
1 0.731618 0.856266 0.148634 0.277665
1 0.417542 0.935930 0.462710 0.086961
9 0.731618 0.421415 0.148634 0.161612
9 0.731618 0.798239 0.148634 0.161612
0 0.886304 0.864673 0.132279 0.176475
1 0.731618 0.943163 0.148634 0.103871
1 0.731618 0.553482 0.148634 0.078157
1 0.255851 0.268782 0.139328 0.074619
1 0.729394 0.662103 0.127380 0.068020
0 0.881943 0.921637 0.095227 0.042243
0 0.882886 0.866196 0.097115 0.042243
0 0.880556 0.810755 0.092453 0.042243
0 0.481490 0.858510 0.103967 0.019813
14 0.980305 0.129949 0.023634 0.060914
0 0.773577 0.157868 0.064716 0.020305
9 0.292041 0.030687 0.030462 0.032947
9 0.048319 0.032487 0.016807 0.032487
9 0.067227 0.032487 0.016807 0.032487
9 0.950105 0.030457 0.014706 0.028426
9 0.975315 0.030457 0.014706 0.028426
9 0.979517 0.975635 0.014706 0.028426
1 0.502343 0.125888 0.094809 0.028426
9 0.679425 0.083249 0.010504 0.020305
1 0.802299 0.125888 0.095244 0.028426
1 0.288566 0.083249 0.087882 0.028426
1 0.646874 0.083249 0.086110 0.028426
2 0.588498 0.610660 0.054097 0.021320
2 0.547269 0.874112 0.493697 0.022335
2 0.724265 0.206599 0.510504 0.025381
3 0.500263 0.037056 0.183298 0.043655
3 0.328256 0.091371 0.006303 0.020305
3 0.652574 0.898985 0.115021 0.021320
3 0.097426 0.812690 0.183298 0.043655
3 0.978729 0.600000 0.027836 0.012183
4 0.452731 0.983756 0.113445 0.026396
4 0.206408 0.088325 0.113445 0.026396
5 0.849265 0.491371 0.012605 0.024365
5 0.391544 0.354822 0.006828 0.013198
5 0.552258 0.332487 0.006828 0.013198
5 0.129989 0.484772 0.006828 0.013198
6 0.528361 0.484264 0.010504 0.020305
6 0.317752 0.744162 0.010504 0.020305
6 0.101891 0.707614 0.010504 0.020305
6 0.809349 0.153299 0.010504 0.020305
7 0.673319 0.323858 0.297269 0.032487
7 0.577731 0.640609 0.327731 0.030457
7 0.410189 0.862944 0.423319 0.097462
10 0.085084 0.109645 0.010504 0.020305
12 0.500263 0.744670 0.992122 0.090355
12 0.865546 0.883249 0.016807 0.032487
12 0.695641 0.580711 0.004727 0.016244
12 0.160714 0.301523 0.010504 0.020305
13 0.106618 0.647716 0.015756 0.030457
13 0.776786 0.635533 0.021008 0.040609
14 0.436712 0.984264 0.007878 0.015228
14 0.156775 0.469036 0.017332 0.032487
14 0.289653 0.190355 0.006828 0.013198
