9 0.322216 0.673350 0.330882 0.426904
1 0.321433 0.805076 0.295701 0.121827
9 0.581145 0.545685 0.157563 0.171574
9 0.581145 0.818782 0.157563 0.171574
1 0.320206 0.945685 0.293248 0.039594
1 0.573964 0.672081 0.143202 0.067005
1 0.570042 0.945178 0.135356 0.067005
1 0.751826 0.941624 0.128127 0.061929
1 0.750057 0.551777 0.124590 0.061929
1 0.749430 0.654315 0.123334 0.061929
1 0.337714 0.241823 0.360828 0.020701
1 0.745528 0.755838 0.115530 0.061929
1 0.711397 0.187817 0.099790 0.067005
1 0.333246 0.187817 0.099790 0.067005
1 0.207195 0.187817 0.099790 0.067005
12 0.570370 0.025381 0.131303 0.030457
0 0.760512 0.930425 0.065651 0.042243
11 0.460736 0.063959 0.070879 0.035533
11 0.462575 0.066497 0.058799 0.030457
11 0.290991 0.063959 0.050059 0.035533
11 0.242368 0.063959 0.047187 0.035533
11 0.187763 0.025381 0.052521 0.032487
11 0.195916 0.063959 0.045718 0.035533
11 0.369038 0.063959 0.043896 0.035533
11 0.185662 0.027411 0.056723 0.028426
11 0.408142 0.063959 0.034311 0.035533
11 0.292829 0.066497 0.037979 0.030457
11 0.331555 0.063959 0.031069 0.035533
11 0.244206 0.066497 0.035107 0.030457
11 0.197754 0.066497 0.033638 0.030457
11 0.370876 0.066497 0.031816 0.030457
11 0.520713 0.063959 0.027015 0.035533
11 0.731503 0.069543 0.034959 0.023350
11 0.409980 0.066497 0.022231 0.030457
11 0.239192 0.130052 0.032875 0.020098
11 0.395024 0.130052 0.030265 0.020098
11 0.769498 0.066497 0.032629 0.017259
11 0.333394 0.066497 0.018990 0.030457
11 0.296038 0.130052 0.026851 0.020098
11 0.522551 0.066497 0.014936 0.030457
11 0.327362 0.130052 0.021090 0.020098
0 0.697200 0.027919 0.011555 0.025381
11 0.206662 0.130052 0.017480 0.020098
9 0.536059 0.056345 0.014181 0.014213
0 0.163603 0.130457 0.012605 0.017259
11 0.165704 0.068020 0.008403 0.023350
9 0.498277 0.056345 0.013655 0.014213
11 0.182863 0.130052 0.015412 0.020098
11 0.828621 0.065990 0.014279 0.018274
11 0.269121 0.130052 0.012277 0.020098
11 0.350405 0.130052 0.010291 0.020098
12 0.625517 0.025381 0.010504 0.020305
11 0.367721 0.130052 0.009634 0.020098
11 0.165704 0.066497 0.008403 0.016244
2 0.763393 0.034010 0.283088 0.043655
2 0.644695 0.810660 0.034139 0.021320
2 0.502626 0.679695 0.773109 0.033503
2 0.149422 0.880711 0.157038 0.049746
3 0.705357 0.510660 0.105042 0.032487
3 0.693803 0.519797 0.105042 0.032487
3 0.947216 0.883249 0.027836 0.012183
3 0.935399 0.946193 0.105042 0.032487
4 0.619485 0.912183 0.000525 0.001015
4 0.625000 0.146701 0.202731 0.013198
5 0.912290 0.299492 0.016807 0.032487
5 0.370273 0.174619 0.016807 0.032487
5 0.600578 0.285787 0.006828 0.013198
6 0.122899 0.227411 0.010504 0.020305
7 0.601366 0.452792 0.423319 0.097462
7 0.502101 0.595939 0.423319 0.097462
7 0.143908 0.390863 0.260504 0.162437
7 0.459034 0.950761 0.747899 0.001015
7 0.384979 0.482741 0.747899 0.001015
7 0.368697 0.383756 0.297269 0.032487
10 0.820378 0.819289 0.019958 0.038579
10 0.471901 0.845178 0.131828 0.254822
10 0.615546 0.424365 0.173319 0.227411
10 0.715599 0.260914 0.335609 0.507614
10 0.638393 0.358883 0.044643 0.049746
12 0.719275 0.687817 0.367122 0.045685
13 0.719013 0.241624 0.064076 0.020305
13 0.622374 0.273096 0.012605 0.024365
13 0.735294 0.033503 0.014706 0.028426
14 0.961660 0.360914 0.012605 0.023350
14 0.561450 0.797970 0.494748 0.290355
14 0.821954 0.575635 0.006303 0.012183
