9 0.311187 0.743647 0.344538 0.512706
1 0.311187 0.869385 0.319328 0.261231
9 0.582195 0.653791 0.172269 0.332995
9 0.582195 0.931829 0.172269 0.136342
9 0.496061 0.429331 0.263655 0.053807
1 0.582195 0.710184 0.147059 0.084042
1 0.773372 0.882884 0.159664 0.058439
1 0.773372 0.790942 0.159664 0.058439
1 0.773372 0.636279 0.159664 0.038959
1 0.773372 0.708740 0.159664 0.038959
1 0.773372 0.563817 0.159664 0.038959
9 0.178046 0.081615 0.078256 0.016244
12 0.818015 0.081615 0.022059 0.042640
11 0.842174 0.081615 0.022059 0.042640
0 0.983981 0.014515 0.016282 0.029029
1 0.566833 0.775555 0.116334 0.018274
1 0.754230 0.587111 0.097320 0.022732
1 0.464901 0.351626 0.087661 0.022732
1 0.188493 0.963888 0.078667 0.022732
1 0.740296 0.304529 0.069451 0.022732
2 0.568540 0.306091 0.088761 0.023350
2 0.803309 0.953299 0.157038 0.048731
2 0.925945 0.740102 0.113445 0.044670
3 0.608456 0.585787 0.027836 0.012183
4 0.297794 0.359391 0.113445 0.026396
4 0.821429 0.413706 0.088235 0.043655
5 0.384191 0.117259 0.006828 0.013198
5 0.841124 0.974112 0.006828 0.013198
5 0.498162 0.609645 0.006828 0.013198
5 0.864496 0.904569 0.012605 0.024365
6 0.870798 0.694416 0.010504 0.020305
6 0.725840 0.676142 0.010504 0.020305
6 0.433298 0.198985 0.010504 0.020305
6 0.319853 0.675127 0.010504 0.020305
7 0.386029 0.920305 0.747899 0.001015
7 0.798845 0.978680 0.297269 0.032487
7 0.583508 0.810152 0.260504 0.162437
7 0.836660 0.309645 0.297269 0.032487
7 0.812500 0.447716 0.314076 0.113706
7 0.560924 0.583756 0.297269 0.032487
7 0.440651 0.748731 0.747899 0.001015
10 0.320378 0.667513 0.071429 0.063959
10 0.483981 0.051269 0.044643 0.049746
10 0.453519 0.488325 0.335609 0.507614
10 0.559874 0.337056 0.019958 0.026396
12 0.287290 0.083249 0.248950 0.032487
12 0.486870 0.029442 0.018908 0.036548
12 0.281775 0.607614 0.234769 0.049746
12 0.370798 0.119797 0.014706 0.028426
12 0.419118 0.155330 0.008403 0.016244
14 0.183036 0.390863 0.022584 0.042640
