9 0.496061 0.228426 0.667017 0.172589
9 0.496061 0.575127 0.109769 0.279188
9 0.747111 0.575127 0.109769 0.279188
9 0.621586 0.575127 0.109769 0.279188
9 0.370536 0.575127 0.109769 0.279188
9 0.245011 0.575127 0.109769 0.279188
0 0.245011 0.808122 0.109769 0.040609
0 0.370536 0.808122 0.109769 0.040609
0 0.496061 0.808122 0.109769 0.040609
0 0.621586 0.814213 0.109769 0.040609
0 0.747111 0.814213 0.109769 0.040609
9 0.496061 0.053807 0.118697 0.036548
9 0.621586 0.982741 0.109769 0.034518
9 0.747111 0.982741 0.109769 0.034518
9 0.496061 0.982741 0.109769 0.034518
9 0.245011 0.982741 0.109769 0.034518
9 0.370536 0.982741 0.109769 0.034518
9 0.584034 0.738071 0.016807 0.038579
9 0.709559 0.738071 0.016807 0.038579
9 0.204372 0.734010 0.013655 0.030457
9 0.335560 0.734010 0.013655 0.030457
9 0.461085 0.734010 0.013655 0.030457
1 0.245011 0.709137 0.109769 0.017259
1 0.370536 0.709137 0.109769 0.017259
1 0.496061 0.709137 0.109769 0.017259
1 0.621586 0.709137 0.109769 0.017259
1 0.747111 0.709137 0.109769 0.017259
1 0.683036 0.878173 0.054622 0.031472
1 0.584821 0.888325 0.064486 0.014213
2 0.629202 0.288325 0.127101 0.042640
2 0.749737 0.350761 0.236870 0.047716
2 0.800158 0.145178 0.076155 0.036548
3 0.453256 0.768528 0.057773 0.024365
3 0.280987 0.868528 0.085084 0.059898
3 0.207458 0.850254 0.111345 0.025381
5 0.113183 0.100000 0.006828 0.013198
5 0.113708 0.763452 0.024685 0.048731
6 0.650210 0.482234 0.010504 0.020305
6 0.569065 0.490863 0.006828 0.013198
6 0.780987 0.922843 0.010504 0.020305
6 0.851891 0.138071 0.010504 0.020305
6 0.590336 0.059898 0.010504 0.020305
7 0.800945 0.222335 0.297269 0.032487
7 0.438550 0.616751 0.747899 0.001015
7 0.246849 0.672081 0.297269 0.032487
7 0.376576 0.526904 0.327731 0.030457
10 0.254989 0.163959 0.044643 0.049746
10 0.478466 0.694924 0.086134 0.051777
10 0.352416 0.244670 0.010504 0.020305
12 0.105567 0.928934 0.127101 0.024365
12 0.481618 0.902030 0.089286 0.027411
13 0.043592 0.763452 0.012605 0.024365
13 0.103466 0.093401 0.042017 0.014213
14 0.991597 0.787817 0.008403 0.016244
14 0.667542 0.809137 0.018908 0.036548
14 0.553571 0.536041 0.021008 0.040609
14 0.819853 0.348223 0.008403 0.016244
