9 0.408876 0.670527 0.418067 0.454569
9 0.610549 0.474611 0.103992 0.268004
1 0.408876 0.938420 0.412717 0.062944
11 0.617988 0.323636 0.154010 0.056853
1 0.496053 0.314721 0.157858 0.071066
1 0.705550 0.531361 0.141667 0.062532
1 0.712132 0.629323 0.154830 0.042433
1 0.710396 0.717235 0.151359 0.042433
0 0.726095 0.555409 0.097016 0.041624
1 0.643546 0.416022 0.206178 0.030457
11 0.724597 0.323636 0.059209 0.056853
12 0.229254 0.314721 0.025210 0.050761
0 0.726095 0.555409 0.071806 0.019289
0 0.724597 0.323334 0.042403 0.019289
11 0.204044 0.314721 0.008403 0.018274
4 0.540720 0.294702 0.000525 0.001015
1 0.568179 0.386294 0.059464 0.017259
1 0.525957 0.504346 0.048762 0.020305
1 0.713166 0.314721 0.054925 0.017259
1 0.660718 0.684851 0.052004 0.014213
1 0.770651 0.314721 0.043240 0.017259
1 0.270331 0.314721 0.040138 0.017259
2 0.574317 0.449239 0.228466 0.033503
2 0.246324 0.357360 0.367647 0.040609
2 0.726366 0.551269 0.197479 0.050761
3 0.475315 0.835533 0.057773 0.024365
3 0.843487 0.482741 0.065126 0.031472
3 0.621061 0.480711 0.083508 0.043655
3 0.332983 0.325381 0.065126 0.031472
3 0.222689 0.173096 0.085084 0.059898
4 0.555935 0.744162 0.051996 0.020305
4 0.425158 0.578173 0.124475 0.096447
4 0.375000 0.793909 0.025210 0.048731
4 0.776261 0.303553 0.113445 0.026396
4 0.626050 0.678680 0.088235 0.043655
5 0.368435 0.768020 0.006828 0.013198
6 0.635767 0.445178 0.006828 0.013198
6 0.396008 0.837563 0.010504 0.020305
6 0.937500 0.339086 0.010504 0.020305
7 0.823529 0.313706 0.327731 0.030457
7 0.348214 0.578680 0.314076 0.113706
7 0.349790 0.364467 0.423319 0.097462
7 0.809349 0.962437 0.297269 0.032487
7 0.276261 0.101523 0.297269 0.032487
7 0.590336 0.426396 0.260504 0.162437
10 0.063025 0.173096 0.071429 0.063959
10 0.049370 0.942640 0.086134 0.051777
10 0.085084 0.069543 0.086134 0.051777
12 0.238445 0.850254 0.141807 0.035533
12 0.336134 0.398477 0.012605 0.023350
12 0.699055 0.260914 0.023109 0.044670
12 0.641282 0.684264 0.022059 0.024365
13 0.948529 0.248731 0.008403 0.016244
13 0.142595 0.306091 0.129727 0.120812
13 0.199580 0.693401 0.117647 0.050761
14 0.955882 0.882234 0.025210 0.048731
14 0.956145 0.872589 0.013130 0.027411
14 0.137080 0.854822 0.025210 0.048731
14 0.353992 0.909645 0.007353 0.014213
14 0.348214 0.084772 0.014706 0.027411
