1 0.097820 0.500000 0.195641 1.000000
1 0.894301 0.500000 0.195641 1.000000
1 0.472426 0.660589 0.278361 0.419654
9 0.472426 0.711818 0.261555 0.284549
1 0.472426 0.943837 0.277311 0.112326
9 0.706145 0.925381 0.147059 0.149239
1 0.469345 0.496954 0.255392 0.057868
1 0.436786 0.926253 0.189223 0.044670
9 0.572216 0.948081 0.060924 0.088325
1 0.260274 0.548731 0.095654 0.072081
9 0.496061 0.313706 0.140756 0.029695
1 0.260956 0.817766 0.097016 0.053807
1 0.259618 0.950761 0.094341 0.053807
1 0.702698 0.821827 0.140165 0.035533
11 0.677287 0.313706 0.057716 0.032487
11 0.274554 0.368528 0.035189 0.040609
0 0.973739 0.913706 0.026261 0.050761
1 0.258104 0.675635 0.091313 0.035533
1 0.488966 0.406091 0.080776 0.040609
13 0.775998 0.313706 0.017857 0.032487
0 0.215074 0.313706 0.015756 0.034518
12 0.234506 0.313706 0.012605 0.024365
9 0.661034 0.313706 0.008403 0.016244
9 0.775998 0.313706 0.008403 0.016244
2 0.551471 0.659898 0.074580 0.036548
3 0.701155 0.717766 0.105042 0.032487
3 0.946429 0.777665 0.006303 0.020305
4 0.243172 0.548223 0.008403 0.024365
6 0.299370 0.748223 0.010504 0.020305
6 0.887342 0.296954 0.006828 0.013198
6 0.288340 0.055838 0.010504 0.020305
6 0.339811 0.391878 0.010504 0.020305
6 0.552521 0.568528 0.010504 0.020305
6 0.230042 0.118782 0.010504 0.020305
6 0.087185 0.332995 0.010504 0.020305
7 0.225315 0.376650 0.314076 0.113706
7 0.612395 0.502030 0.747899 0.001015
10 0.066176 0.698477 0.022059 0.042640
10 0.840861 0.219289 0.173319 0.227411
12 0.831145 0.169036 0.043592 0.021320
13 0.269433 0.697462 0.051471 0.048731
13 0.860819 0.350254 0.015756 0.030457
13 0.944853 0.072081 0.059874 0.042640
13 0.278099 0.476650 0.129727 0.120812
13 0.584034 0.476142 0.015756 0.030457
14 0.125525 0.343147 0.006303 0.012183
14 0.677784 0.784772 0.005777 0.010152
14 0.436712 0.870051 0.027836 0.038579
14 0.844538 0.572589 0.018908 0.036548
14 0.656775 0.095431 0.019433 0.036548
