9 0.496061 0.402157 0.992122 0.479442
9 0.431985 0.846320 0.245798 0.307360
1 0.695641 0.846320 0.239496 0.307360
1 0.231355 0.867259 0.121849 0.111675
9 0.193540 0.845431 0.046218 0.059898
1 0.783088 0.114721 0.066702 0.060914
11 0.663435 0.056853 0.053202 0.024365
0 0.666849 0.056853 0.046374 0.024365
11 0.609871 0.056853 0.041319 0.024365
11 0.771189 0.056845 0.048483 0.018480
11 0.718491 0.056845 0.044306 0.018480
0 0.721905 0.056742 0.037479 0.018274
1 0.207195 0.056853 0.063025 0.048731
9 0.193540 0.997692 0.046218 0.004616
12 0.576607 0.057281 0.012605 0.024365
13 0.602342 0.056853 0.012605 0.024365
1 0.712825 0.127411 0.044413 0.035533
1 0.337997 0.120812 0.071987 0.018274
1 0.209235 0.120812 0.067104 0.018274
1 0.195600 0.936398 0.050338 0.018480
1 0.613285 0.056853 0.034492 0.024365
1 0.562397 0.120812 0.044208 0.018274
1 0.774603 0.056742 0.041656 0.018274
1 0.409885 0.120812 0.038176 0.018274
2 0.139181 0.320812 0.130252 0.020305
2 0.682773 0.947208 0.101891 0.026396
3 0.650998 0.070558 0.115021 0.021320
4 0.159139 0.380711 0.017857 0.018274
4 0.293067 0.673096 0.113445 0.026396
5 0.058561 0.548223 0.074055 0.032487
5 0.304884 0.208629 0.006828 0.013198
5 0.527048 0.775127 0.024685 0.047716
6 0.431985 0.646193 0.006828 0.013198
6 0.665441 0.176650 0.010504 0.020305
7 0.818803 0.717766 0.260504 0.162437
7 0.639181 0.355330 0.423319 0.097462
10 0.301471 0.336548 0.024160 0.047716
10 0.520746 0.828934 0.053046 0.049746
12 0.910452 0.529442 0.020483 0.023350
12 0.932248 0.964467 0.015756 0.038579
12 0.203256 0.353299 0.018908 0.036548
13 0.870798 0.925888 0.015756 0.030457
13 0.880252 0.023350 0.014706 0.028426
14 0.582983 0.314721 0.023109 0.044670
