1 0.575893 0.367203 0.554622 0.379077
9 0.464967 0.358574 0.332770 0.361818
1 0.437237 0.664102 0.277311 0.117259
1 0.714548 0.664102 0.277311 0.117259
1 0.437237 0.846336 0.277311 0.117259
1 0.714548 0.846336 0.277311 0.117259
9 0.539760 0.836437 0.089392 0.097462
9 0.539760 0.654204 0.089392 0.097462
9 0.817071 0.654204 0.089392 0.097462
9 0.817071 0.836437 0.089392 0.097462
1 0.209021 0.548223 0.140206 0.068020
0 0.210347 0.241117 0.142857 0.048731
1 0.209608 0.970305 0.141380 0.059391
1 0.437237 0.984970 0.277311 0.030060
1 0.714548 0.984970 0.277311 0.030060
0 0.239233 0.942330 0.091912 0.042243
1 0.207901 0.322843 0.137966 0.043655
1 0.208233 0.855838 0.138631 0.043655
0 0.625767 0.034518 0.110828 0.030457
1 0.204791 0.749239 0.131746 0.043655
9 0.539760 0.984970 0.100840 0.030060
0 0.326155 0.942330 0.068277 0.042243
9 0.817071 0.984970 0.050420 0.030060
9 0.172532 0.032487 0.025210 0.048731
12 0.844800 0.032487 0.016807 0.032487
11 0.144170 0.032487 0.010504 0.020305
9 0.579282 0.034518 0.009454 0.018274
5 0.138655 0.021827 0.000525 0.001015
2 0.144958 0.376650 0.189076 0.040609
2 0.201943 0.842132 0.054097 0.021320
3 0.448004 0.273604 0.037815 0.047716
3 0.242647 0.713198 0.085084 0.059898
3 0.169905 0.137563 0.083508 0.043655
3 0.691176 0.697462 0.105042 0.032487
3 0.488971 0.046193 0.111345 0.025381
4 0.370273 0.489848 0.106092 0.035533
4 0.865021 0.722843 0.012605 0.024365
5 0.726103 0.171066 0.006828 0.013198
5 0.163866 0.030457 0.012605 0.024365
5 0.343487 0.246701 0.012605 0.024365
5 0.666492 0.957360 0.040966 0.034518
6 0.511029 0.714721 0.010504 0.020305
6 0.010767 0.501015 0.006828 0.013198
7 0.661765 0.299492 0.297269 0.032487
7 0.602416 0.787817 0.423319 0.097462
7 0.448529 0.308122 0.747899 0.001015
7 0.673319 0.811168 0.314076 0.113706
7 0.272584 0.946193 0.423319 0.097462
10 0.615021 0.731472 0.086134 0.051777
10 0.964286 0.715736 0.010504 0.020305
12 0.857405 0.158376 0.053046 0.032487
13 0.695378 0.944162 0.013655 0.028426
13 0.215336 0.090355 0.008403 0.016244
13 0.509716 0.802030 0.065651 0.044670
13 0.078782 0.320305 0.021008 0.039594
