9 0.318130 0.857868 0.236574 0.284264
9 0.704692 0.707797 0.175174 0.225746
1 0.318130 0.642640 0.236574 0.121827
1 0.522822 0.638579 0.138147 0.113706
1 0.704692 0.899857 0.175174 0.073096
1 0.522822 0.885279 0.138147 0.073096
1 0.496061 0.332995 0.193671 0.040609
9 0.754464 0.984954 0.075630 0.030092
9 0.385759 0.480203 0.031513 0.060914
9 0.215599 0.476142 0.031513 0.060914
9 0.555918 0.476142 0.031513 0.060914
0 0.210347 0.371574 0.021008 0.038579
12 0.233456 0.371574 0.021008 0.038579
0 0.848920 0.121780 0.024521 0.016244
1 0.464273 0.453807 0.117114 0.016244
1 0.294114 0.457868 0.117114 0.016244
1 0.634433 0.457868 0.117114 0.016244
1 0.661773 0.843004 0.089335 0.016244
1 0.746910 0.489848 0.082630 0.017259
1 0.778365 0.311675 0.027828 0.039594
1 0.228048 0.561421 0.056411 0.016244
2 0.078256 0.938071 0.101891 0.026396
2 0.785714 0.469543 0.236345 0.055838
2 0.173582 0.477665 0.088761 0.023350
4 0.904937 0.249746 0.161765 0.024365
5 0.055147 0.021320 0.053571 0.034518
5 0.620273 0.628426 0.012605 0.024365
6 0.173582 0.691878 0.006828 0.013198
6 0.803046 0.923858 0.010504 0.020305
6 0.576418 0.944670 0.006828 0.013198
7 0.445903 0.327411 0.747899 0.001015
7 0.296218 0.296447 0.297269 0.032487
7 0.277311 0.246701 0.423319 0.097462
10 0.205095 0.757868 0.053046 0.049746
10 0.123424 0.078173 0.019958 0.026396
12 0.391282 0.739086 0.022059 0.042640
12 0.263130 0.894924 0.031513 0.003046
13 0.366334 0.375635 0.019433 0.014213
13 0.021008 0.350254 0.021008 0.040609
13 0.108193 0.295431 0.014706 0.028426
14 0.254202 0.771066 0.057773 0.045685
14 0.843750 0.184264 0.027836 0.080203
