1 0.406775 0.302538 0.514706 0.302538
9 0.496061 0.374619 0.336134 0.446701
1 0.406775 0.819416 0.157563 0.337817
1 0.228204 0.790482 0.157563 0.279949
9 0.228204 0.736168 0.157563 0.171320
9 0.406775 0.736168 0.157563 0.171320
1 0.763918 0.404315 0.157563 0.082234
1 0.763918 0.506853 0.157563 0.082234
1 0.763918 0.817766 0.157563 0.082234
1 0.763918 0.691624 0.157563 0.082234
1 0.763918 0.599239 0.157563 0.061929
1 0.763918 0.933756 0.157563 0.061929
1 0.227498 0.529442 0.156152 0.035533
1 0.224531 0.490863 0.150218 0.035533
12 0.833771 0.031980 0.009454 0.018274
1 0.496061 0.031980 0.075499 0.020305
2 0.586134 0.118782 0.493697 0.022335
2 0.182773 0.528934 0.334034 0.048731
2 0.686187 0.108629 0.192752 0.056853
3 0.632353 0.504061 0.085084 0.059898
3 0.123424 0.070558 0.037815 0.047716
4 0.708246 0.709645 0.094013 0.024365
5 0.456408 0.673096 0.040966 0.034518
6 0.569328 0.342132 0.010504 0.020305
6 0.458246 0.319289 0.006828 0.013198
6 0.143382 0.353299 0.010504 0.020305
6 0.823529 0.482234 0.010504 0.020305
7 0.268382 0.471066 0.423319 0.097462
7 0.746324 0.734010 0.314076 0.113706
7 0.159139 0.205076 0.314076 0.113706
10 0.938550 0.457868 0.019958 0.026396
10 0.708508 0.795939 0.173319 0.227411
12 0.252101 0.263452 0.078782 0.019289
12 0.873950 0.757360 0.008403 0.016244
13 0.087710 0.407107 0.021008 0.040609
13 0.347952 0.255838 0.129727 0.140102
13 0.782826 0.791878 0.045693 0.040609
13 0.237658 0.036548 0.054097 0.048731
14 0.463235 0.057360 0.057773 0.045685
14 0.060924 0.200000 0.008403 0.016244
