9 0.371586 0.464388 0.238445 0.346034
9 0.555672 0.356187 0.119223 0.129632
9 0.680147 0.356187 0.119223 0.129632
9 0.555672 0.678712 0.119223 0.129632
9 0.680147 0.678712 0.119223 0.129632
1 0.873129 0.825127 0.167427 0.100508
1 0.365706 0.682234 0.209879 0.059898
1 0.553436 0.817655 0.097943 0.113706
1 0.554843 0.483455 0.100758 0.090355
1 0.679478 0.483455 0.101078 0.090355
1 0.675904 0.805980 0.093931 0.090355
1 0.316702 0.054822 0.124475 0.069036
11 0.288603 0.138579 0.078782 0.033503
9 0.273372 0.909010 0.025210 0.048731
11 0.737920 0.137563 0.020483 0.035533
12 0.729254 0.054822 0.016807 0.032487
1 0.446166 0.133503 0.078782 0.023350
1 0.603729 0.133503 0.078782 0.023350
1 0.840074 0.133503 0.078782 0.023350
1 0.761292 0.133503 0.078782 0.023350
1 0.918855 0.133503 0.078782 0.023350
2 0.605042 0.593909 0.173319 0.036548
2 0.140231 0.604061 0.239496 0.052792
3 0.202731 0.417259 0.105042 0.032487
3 0.805672 0.309137 0.037815 0.047716
5 0.637605 0.232487 0.040966 0.034518
5 0.129989 0.142640 0.006828 0.013198
6 0.136555 0.306599 0.010504 0.020305
7 0.585084 0.871066 0.314076 0.113706
7 0.368172 0.672081 0.314076 0.113706
7 0.468487 0.829442 0.297269 0.032487
7 0.623950 0.428426 0.297269 0.032487
10 0.209559 0.359898 0.024160 0.047716
13 0.715861 0.329949 0.050420 0.083249
13 0.946166 0.205076 0.089811 0.111675
13 0.807248 0.603046 0.004202 0.004061
14 0.928834 0.680711 0.069853 0.045685
14 0.181723 0.413706 0.010504 0.021320
