9 0.472664 0.439911 0.265756 0.288959
9 0.724823 0.415982 0.221754 0.241101
1 0.246705 0.430774 0.160952 0.121827
9 0.206961 0.658622 0.106675 0.115974
9 0.322040 0.658622 0.106675 0.115974
9 0.437118 0.658622 0.106675 0.115974
9 0.552197 0.658622 0.106675 0.115974
9 0.206961 0.894789 0.106675 0.115974
9 0.322040 0.894789 0.106675 0.115974
9 0.437118 0.894789 0.106675 0.115974
9 0.552197 0.894789 0.106675 0.115974
1 0.322040 0.779553 0.106675 0.073096
1 0.437118 0.770416 0.106675 0.054822
1 0.206961 0.770416 0.106675 0.054822
1 0.552197 0.770416 0.106675 0.054822
1 0.244764 0.515546 0.157071 0.035533
11 0.351193 0.144162 0.045759 0.042640
0 0.724823 0.415974 0.031513 0.060914
11 0.510656 0.210152 0.084321 0.018274
11 0.704795 0.210152 0.079660 0.018274
11 0.608891 0.210152 0.077485 0.018274
11 0.286358 0.210152 0.070813 0.018274
11 0.274562 0.144162 0.034943 0.042640
11 0.310173 0.144162 0.034180 0.042640
11 0.391179 0.144162 0.032112 0.042640
11 0.369338 0.210152 0.060481 0.018274
1 0.716739 0.670884 0.169873 0.018671
1 0.715586 0.980877 0.167567 0.018671
1 0.715086 0.877546 0.166565 0.018671
1 0.714552 0.774215 0.165499 0.018671
1 0.714113 0.825880 0.164621 0.018671
11 0.164653 0.144162 0.022059 0.040609
1 0.709977 0.929212 0.156348 0.018671
9 0.811162 0.142632 0.023634 0.024826
11 0.219558 0.210152 0.028123 0.018274
11 0.367508 0.144162 0.013130 0.042640
2 0.611870 0.682234 0.163866 0.036548
2 0.376050 0.692386 0.271008 0.038579
2 0.236870 0.230457 0.334034 0.048731
2 0.516544 0.626904 0.037290 0.027411
3 0.501050 0.723858 0.057773 0.024365
3 0.181723 0.861929 0.105042 0.032487
3 0.512080 0.414721 0.132353 0.035533
4 0.704832 0.590863 0.113445 0.026396
4 0.871324 0.309645 0.130252 0.012183
5 0.133141 0.434010 0.046744 0.015228
5 0.982668 0.409137 0.012605 0.024365
5 0.106880 0.154822 0.000525 0.001015
5 0.235557 0.510152 0.006828 0.013198
6 0.313550 0.060914 0.010504 0.020305
6 0.526786 0.508629 0.010504 0.020305
6 0.619223 0.286294 0.010504 0.020305
7 0.440651 0.242132 0.747899 0.001015
7 0.317227 0.873096 0.260504 0.162437
7 0.558298 0.502538 0.423319 0.097462
10 0.222952 0.243147 0.053046 0.049746
10 0.804622 0.739594 0.024160 0.047716
12 0.585084 0.717766 0.061975 0.044670
13 0.641807 0.630457 0.012605 0.024365
13 0.342962 0.615228 0.064076 0.020305
13 0.618697 0.961421 0.014706 0.028426
14 0.126313 0.644670 0.007878 0.020305
14 0.484769 0.849239 0.010504 0.021320
14 0.019695 0.076650 0.007878 0.015228
14 0.768120 0.859898 0.005777 0.010152
14 0.986082 0.287817 0.013130 0.027411
