0 0.499996 0.524365 0.046128 0.031472
2 0.283613 0.141117 0.239496 0.052792
2 0.199842 0.107614 0.076155 0.036548
2 0.373162 0.841624 0.023634 0.040609
2 0.713761 0.458376 0.057773 0.017259
3 0.949580 0.291878 0.085084 0.059898
3 0.664128 0.772589 0.027836 0.012183
3 0.863445 0.382234 0.111345 0.025381
3 0.179097 0.380711 0.006303 0.020305
3 0.329044 0.607614 0.106618 0.021320
3 0.902574 0.189340 0.115021 0.021320
4 0.026261 0.424365 0.015756 0.018274
5 0.712973 0.724365 0.006828 0.013198
5 0.305672 0.848731 0.016807 0.032487
5 0.325368 0.685279 0.042542 0.034518
5 0.883666 0.097970 0.006828 0.013198
5 0.845326 0.145178 0.042542 0.034518
6 0.113971 0.706599 0.010504 0.020305
6 0.768908 0.646701 0.010504 0.020305
7 0.686975 0.860914 0.314076 0.113706
7 0.426471 0.568020 0.747899 0.001015
7 0.521534 0.083756 0.747899 0.001015
12 0.615021 0.174619 0.088235 0.044670
13 0.505777 0.273096 0.014706 0.028426
13 0.046218 0.915736 0.087185 0.050761
13 0.729517 0.465990 0.021008 0.040609
14 0.262605 0.341117 0.023109 0.044670
14 0.249212 0.364467 0.014181 0.028426
14 0.767332 0.628426 0.078782 0.038579
14 0.854517 0.300508 0.012605 0.004061
14 0.544643 0.922843 0.013655 0.028426
14 0.964023 0.544670 0.069853 0.045685
14 0.873424 0.197970 0.012605 0.024365
