9 0.404674 0.940688 0.452731 0.118623
12 0.486607 0.085279 0.632353 0.048731
1 0.537848 0.090355 0.507944 0.062944
9 0.735294 0.940688 0.157038 0.118623
9 0.496057 0.247874 0.237124 0.077157
1 0.337185 0.787976 0.317752 0.052792
9 0.220326 0.119876 0.110294 0.119956
1 0.337185 0.737214 0.317752 0.048731
0 0.635049 0.496923 0.116982 0.048731
9 0.352941 0.216212 0.108718 0.041624
0 0.334641 0.496923 0.072118 0.048731
0 0.369358 0.392354 0.141552 0.022335
0 0.369358 0.391846 0.141552 0.017259
0 0.395167 0.721510 0.115013 0.018464
0 0.395167 0.720907 0.115013 0.015228
11 0.186848 0.025381 0.043338 0.034518
9 0.675158 0.216212 0.036765 0.025761
0 0.281878 0.025381 0.046588 0.020305
12 0.817489 0.085279 0.018908 0.036548
0 0.481749 0.647652 0.030364 0.018464
12 0.233550 0.025381 0.033261 0.016244
0 0.481749 0.647049 0.030364 0.015228
13 0.812237 0.025381 0.012605 0.024365
9 0.241433 0.730615 0.010504 0.020305
9 0.430820 0.730615 0.010504 0.020305
9 0.241433 0.783407 0.010504 0.020305
9 0.430820 0.783407 0.010504 0.020305
9 0.559611 0.730615 0.010504 0.020305
9 0.750263 0.730615 0.010504 0.020305
9 0.559611 0.783407 0.010504 0.020305
9 0.750263 0.783407 0.010504 0.020305
0 0.795431 0.085279 0.009454 0.018274
1 0.533203 0.574080 0.044594 0.026396
1 0.408737 0.347176 0.050289 0.017259
1 0.402130 0.362088 0.050617 0.017259
1 0.662622 0.362088 0.046883 0.017259
1 0.560383 0.362088 0.037930 0.017259
1 0.564022 0.610121 0.041369 0.015228
1 0.331133 0.757836 0.040860 0.015228
1 0.609264 0.362088 0.034623 0.017259
1 0.515087 0.362088 0.027450 0.017259
2 0.676733 0.754315 0.216912 0.040609
2 0.781250 0.428934 0.283088 0.043655
2 0.300683 0.371574 0.192752 0.056853
2 0.543067 0.367005 0.773109 0.033503
3 0.741597 0.721320 0.132353 0.035533
3 0.921744 0.513198 0.037815 0.047716
3 0.043855 0.598477 0.083508 0.043655
4 0.592962 0.848731 0.260504 0.022335
5 0.087973 0.964975 0.006828 0.013198
5 0.630777 0.650761 0.028361 0.034518
5 0.238183 0.988325 0.006828 0.013198
5 0.081933 0.287310 0.016807 0.032487
6 0.764181 0.384772 0.010504 0.020305
6 0.599265 0.319797 0.010504 0.020305
6 0.206670 0.275635 0.006828 0.013198
6 0.753151 0.350254 0.010504 0.020305
6 0.431723 0.413198 0.010504 0.020305
7 0.401786 0.102538 0.327731 0.030457
7 0.393382 0.231980 0.747899 0.001015
7 0.625000 0.563959 0.747899 0.001015
10 0.634979 0.410660 0.086134 0.051777
10 0.077994 0.944670 0.053046 0.049746
10 0.230042 0.320812 0.019958 0.026396
10 0.283613 0.311675 0.173319 0.227411
12 0.901786 0.442640 0.021008 0.038579
12 0.190651 0.712690 0.043067 0.032487
12 0.800683 0.156345 0.007878 0.032487
12 0.060924 0.915736 0.050420 0.048731
13 0.274685 0.216244 0.014706 0.028426
14 0.358718 0.493401 0.051471 0.036548
14 0.321691 0.204061 0.014181 0.028426
14 0.289653 0.433503 0.009979 0.022335
14 0.227153 0.691371 0.007878 0.020305
