9 0.417542 0.890102 0.322479 0.219797
1 0.500000 0.632487 0.482143 0.101523
12 0.423430 0.088832 0.366818 0.045685
0 0.500000 0.737817 0.356092 0.041022
9 0.630777 0.848390 0.068277 0.136374
1 0.499475 0.074112 0.177521 0.060914
1 0.371529 0.180203 0.166147 0.053807
1 0.709760 0.844162 0.077083 0.097462
0 0.376145 0.737817 0.108382 0.041022
14 0.625525 0.737817 0.105042 0.041022
9 0.630777 0.973350 0.068277 0.053299
12 0.639579 0.089340 0.061802 0.044670
0 0.656907 0.017766 0.072216 0.035533
12 0.721766 0.086294 0.076426 0.024365
0 0.489225 0.735073 0.079028 0.018274
0 0.730387 0.074112 0.049731 0.028426
0 0.330882 0.161469 0.017857 0.040609
13 0.725840 0.017766 0.022584 0.035533
12 0.703782 0.017766 0.021534 0.035533
1 0.707827 0.980964 0.073218 0.038071
1 0.398241 0.199032 0.152574 0.018274
11 0.250501 0.074104 0.011505 0.025143
1 0.335404 0.132487 0.068015 0.039594
1 0.276556 0.132487 0.049682 0.039594
1 0.569754 0.132487 0.048319 0.039594
1 0.522124 0.132487 0.046941 0.039594
1 0.616863 0.132487 0.045898 0.039594
1 0.475701 0.132487 0.045907 0.039594
2 0.689601 0.408122 0.201681 0.036548
2 0.772847 0.178173 0.236870 0.035533
2 0.619223 0.962437 0.144958 0.036548
2 0.809349 0.518782 0.367647 0.040609
2 0.352416 0.858883 0.334034 0.048731
2 0.584559 0.304569 0.074580 0.036548
2 0.420693 0.941117 0.128151 0.048731
3 0.376576 0.930457 0.085084 0.059898
3 0.099002 0.705076 0.083508 0.043655
3 0.131828 0.546193 0.057773 0.024365
3 0.162027 0.180711 0.027836 0.012183
5 0.785189 0.800000 0.016807 0.032487
5 0.524947 0.192893 0.024685 0.048731
5 0.007353 0.068020 0.012605 0.024365
5 0.196954 0.584772 0.012605 0.024365
6 0.232931 0.645178 0.006828 0.013198
6 0.321954 0.567513 0.010504 0.020305
7 0.267332 0.730964 0.260504 0.162437
7 0.622899 0.871574 0.747899 0.001015
10 0.268120 0.164975 0.044643 0.049746
10 0.724790 0.185279 0.025210 0.047716
10 0.106618 0.287817 0.086134 0.051777
10 0.105567 0.312183 0.021008 0.047716
10 0.310399 0.526904 0.022059 0.042640
12 0.308824 0.696447 0.018908 0.032487
12 0.319853 0.773096 0.185924 0.027411
12 0.152311 0.972589 0.022059 0.024365
13 0.816176 0.913706 0.021008 0.040609
13 0.570378 0.788832 0.012605 0.024365
13 0.125525 0.083249 0.015756 0.030457
13 0.460609 0.387817 0.014706 0.028426
13 0.627101 0.639086 0.012605 0.027411
14 0.775735 0.225381 0.023109 0.044670
