9 0.496061 0.468623 0.840336 0.710660
1 0.475972 0.683169 0.542805 0.058883
1 0.405462 0.809748 0.165441 0.080378
14 0.272847 0.815371 0.084034 0.091624
9 0.545956 0.815213 0.084034 0.091307
1 0.678571 0.796352 0.165441 0.053585
1 0.272847 0.815244 0.084034 0.091371
1 0.168855 0.093401 0.183824 0.040609
1 0.160546 0.135628 0.167206 0.040609
0 0.869063 0.092180 0.078576 0.030044
0 0.833078 0.035533 0.040252 0.030044
0 0.897847 0.035533 0.021008 0.040609
12 0.868960 0.035533 0.021008 0.040609
0 0.147847 0.035533 0.021008 0.040609
0 0.674813 0.035533 0.021008 0.040609
1 0.151166 0.993774 0.148446 0.012452
1 0.694303 0.035533 0.070493 0.017862
1 0.119748 0.035533 0.033088 0.036548
1 0.774664 0.035533 0.066070 0.017862
1 0.307211 0.036747 0.056370 0.015625
1 0.257599 0.036747 0.027098 0.015625
2 0.376050 0.913706 0.074580 0.036548
2 0.535714 0.106599 0.074580 0.036548
3 0.147059 0.886294 0.006303 0.020305
3 0.155462 0.633503 0.105042 0.032487
3 0.563025 0.592893 0.006303 0.020305
3 0.842962 0.144670 0.037815 0.047716
3 0.679359 0.162944 0.083508 0.043655
4 0.565651 0.526904 0.113445 0.026396
4 0.621061 0.582741 0.051996 0.020305
4 0.815126 0.801015 0.069328 0.020305
5 0.369485 0.130457 0.006828 0.013198
6 0.675158 0.849239 0.006828 0.013198
6 0.039916 0.827411 0.010504 0.020305
6 0.903361 0.673096 0.010504 0.020305
6 0.346113 0.264975 0.010504 0.020305
6 0.340861 0.567513 0.010504 0.020305
6 0.889181 0.451777 0.010504 0.020305
6 0.320378 0.049746 0.010504 0.020305
6 0.928571 0.120812 0.010504 0.020305
7 0.388655 0.976142 0.747899 0.001015
7 0.452731 0.771574 0.260504 0.162437
7 0.277311 0.804061 0.260504 0.162437
7 0.488971 0.896447 0.423319 0.097462
7 0.619748 0.207107 0.423319 0.097462
10 0.313025 0.375635 0.023109 0.044670
10 0.508666 0.204569 0.131828 0.254822
10 0.597426 0.402538 0.053046 0.049746
13 0.087710 0.531980 0.014706 0.028426
14 0.344013 0.791878 0.025210 0.048731
14 0.334034 0.444670 0.023109 0.044670
14 0.035714 0.048731 0.023109 0.044670
