10 0.333246 0.337389 0.304622 0.392544
0 0.333246 0.337389 0.304622 0.392544
0 0.295168 0.814879 0.228466 0.294416
10 0.295168 0.814879 0.228466 0.294416
10 0.536239 0.814879 0.228466 0.294416
0 0.536239 0.814879 0.228466 0.294416
10 0.737132 0.309645 0.148109 0.190863
0 0.737132 0.309645 0.148109 0.190863
0 0.574317 0.200206 0.152311 0.065799
1 0.496061 0.032487 0.353762 0.032487
0 0.737132 0.464055 0.148109 0.049334
0 0.737132 0.871431 0.148109 0.043845
0 0.737132 0.739261 0.148109 0.043845
0 0.737132 0.607091 0.148109 0.043845
17 0.576841 0.127364 0.096565 0.035438
17 0.576841 0.162801 0.096565 0.035438
17 0.576841 0.198239 0.096565 0.035438
17 0.576841 0.233677 0.096565 0.035438
17 0.576841 0.269115 0.096565 0.035438
17 0.576841 0.304553 0.096565 0.035438
17 0.576841 0.339990 0.096565 0.035438
17 0.366449 0.127364 0.086134 0.035438
17 0.366449 0.162801 0.086134 0.035438
17 0.366449 0.198239 0.086134 0.035438
17 0.366449 0.233677 0.086134 0.035438
17 0.366449 0.269115 0.086134 0.035438
17 0.366449 0.304553 0.086134 0.035438
17 0.366449 0.339990 0.086134 0.035438
17 0.366449 0.375428 0.086134 0.035438
17 0.416089 0.127364 0.086134 0.035438
17 0.416089 0.162801 0.086134 0.035438
17 0.416089 0.198239 0.086134 0.035438
17 0.416089 0.233677 0.086134 0.035438
17 0.416089 0.269115 0.086134 0.035438
17 0.462579 0.127364 0.086134 0.035438
17 0.462579 0.162801 0.086134 0.035438
17 0.462579 0.198239 0.086134 0.035438
17 0.462579 0.233677 0.086134 0.035438
17 0.462579 0.269115 0.086134 0.035438
17 0.462579 0.304553 0.086134 0.035438
17 0.462579 0.339990 0.086134 0.035438
17 0.517939 0.127364 0.086134 0.035438
17 0.517939 0.162801 0.086134 0.035438
17 0.629883 0.127364 0.086134 0.035438
17 0.629883 0.162801 0.086134 0.035438
17 0.629883 0.198239 0.086134 0.035438
17 0.629883 0.233677 0.086134 0.035438
17 0.629883 0.269115 0.086134 0.035438
17 0.629883 0.304553 0.086134 0.035438
17 0.629883 0.339990 0.086134 0.035438
17 0.629883 0.375428 0.086134 0.035438
17 0.629883 0.410866 0.086134 0.035438
17 0.629883 0.446304 0.086134 0.035438
17 0.684685 0.127364 0.086134 0.035438
17 0.684685 0.162801 0.086134 0.035438
17 0.684685 0.198239 0.086134 0.035438
17 0.684685 0.233677 0.086134 0.035438
17 0.684685 0.269115 0.086134 0.035438
17 0.684685 0.304553 0.086134 0.035438
17 0.684685 0.339990 0.086134 0.035438
17 0.684685 0.375428 0.086134 0.035438
17 0.549284 0.075127 0.049854 0.052792
17 0.438788 0.075127 0.046957 0.052792
17 0.605813 0.075127 0.046399 0.052792
17 0.493312 0.075127 0.045283 0.052792
17 0.339799 0.075127 0.041237 0.052792
17 0.387864 0.075127 0.038086 0.052792
17 0.655179 0.075127 0.035526 0.052792
0 0.897153 0.032487 0.038266 0.032487
0 0.939498 0.032487 0.029617 0.032487
0 0.627409 0.625539 0.046128 0.015228
0 0.540277 0.625539 0.043609 0.015228
0 0.520393 0.148120 0.044462 0.014007
0 0.444237 0.985335 0.044462 0.014007
0 0.685309 0.424262 0.044462 0.014007
0 0.583213 0.625539 0.029658 0.015228
0 0.196892 0.985335 0.031915 0.014007
0 0.566447 0.148120 0.029789 0.014007
0 0.490292 0.985335 0.029789 0.014007
0 0.731363 0.424262 0.029789 0.014007
0 0.677086 0.570043 0.028017 0.014007
0 0.677086 0.702213 0.028017 0.014007
17 0.454914 0.075127 0.006303 0.028426
17 0.566858 0.075127 0.006303 0.028426
17 0.508600 0.075127 0.006303 0.028426
17 0.621660 0.075127 0.006303 0.028426
17 0.353064 0.075127 0.006303 0.028426
17 0.399554 0.075127 0.006303 0.028426
18 0.966912 0.032487 0.008403 0.032487
17 0.665589 0.075127 0.006303 0.028426
0 0.672072 0.834383 0.017988 0.014007
17 0.025210 0.028426 0.008403 0.016244
