14 0.411239 0.669099 0.494748 0.290482
9 0.525034 0.669099 0.267160 0.290482
0 0.500000 0.755330 0.315126 0.113706
12 0.242122 0.932043 0.156513 0.135914
9 0.580357 0.932043 0.156513 0.135914
9 0.411239 0.932043 0.156513 0.135914
0 0.500000 0.236548 0.315126 0.048731
9 0.376297 0.570558 0.088235 0.158376
9 0.472935 0.570558 0.088235 0.158376
14 0.500000 0.735025 0.289916 0.040609
0 0.497374 0.775635 0.284664 0.040609
9 0.434743 0.212199 0.099002 0.107646
9 0.550551 0.212199 0.099002 0.107646
9 0.666360 0.212199 0.099002 0.107646
9 0.782169 0.212199 0.099002 0.107646
1 0.601103 0.191672 0.193277 0.066593
1 0.601103 0.274508 0.193277 0.066593
1 0.698792 0.191672 0.193277 0.066593
1 0.503414 0.191672 0.193277 0.066593
1 0.503414 0.274508 0.193277 0.066593
12 0.434743 0.325920 0.099002 0.054822
1 0.751050 0.614816 0.141807 0.054822
9 0.533876 0.190355 0.058824 0.063959
9 0.533876 0.273192 0.058824 0.063959
9 0.631565 0.190355 0.058824 0.063959
9 0.436187 0.190355 0.058824 0.063959
9 0.436187 0.273192 0.058824 0.063959
12 0.530987 0.024365 0.108193 0.032487
1 0.550551 0.325920 0.099002 0.054822
1 0.666360 0.325920 0.099002 0.054822
1 0.782169 0.325920 0.099002 0.054822
1 0.751050 0.974207 0.141807 0.036548
1 0.751050 0.764055 0.141807 0.036548
1 0.751050 0.834105 0.141807 0.036548
9 0.199580 0.085279 0.037815 0.073096
0 0.185108 0.024365 0.042485 0.040609
0 0.168067 0.081218 0.025210 0.064975
0 0.767660 0.081218 0.040720 0.032487
9 0.367647 0.236548 0.025210 0.048731
0 0.820481 0.081218 0.031307 0.032487
0 0.477100 0.327411 0.052119 0.015228
12 0.485294 0.024365 0.016807 0.032487
9 0.260750 0.570558 0.016807 0.032487
9 0.285960 0.570558 0.016807 0.032487
9 0.210330 0.570558 0.016807 0.032487
9 0.311171 0.570558 0.016807 0.032487
9 0.235540 0.570558 0.016807 0.032487
0 0.168067 0.075127 0.008403 0.002030
0 0.168067 0.081218 0.008403 0.002030
0 0.168067 0.087310 0.008403 0.002030
2 0.334559 0.954315 0.021008 0.040609
2 0.639706 0.379695 0.163866 0.036548
2 0.373950 0.321827 0.334034 0.048731
3 0.730830 0.747716 0.106618 0.021320
3 0.900998 0.439086 0.115021 0.021320
3 0.455620 0.359898 0.115021 0.021320
3 0.526786 0.855330 0.037815 0.047716
3 0.682248 0.153299 0.105042 0.032487
4 0.892857 0.141117 0.113445 0.022335
5 0.076943 0.270051 0.074055 0.032487
6 0.015756 0.053807 0.010504 0.020305
6 0.329832 0.298477 0.010504 0.020305
6 0.614496 0.459898 0.010504 0.020305
6 0.915704 0.322335 0.006828 0.013198
7 0.621849 0.114721 0.423319 0.097462
7 0.316176 0.808122 0.314076 0.113706
7 0.805672 0.247716 0.297269 0.032487
7 0.757878 0.072081 0.297269 0.032487
7 0.241071 0.194924 0.423319 0.097462
7 0.512605 0.191878 0.260504 0.162437
7 0.310399 0.824365 0.327731 0.030457
10 0.210084 0.324873 0.173319 0.227411
12 0.632878 0.370558 0.273109 0.048731
14 0.926471 0.414721 0.006303 0.013198
14 0.942227 0.393909 0.025210 0.048731
