9 0.675987 0.535533 0.339286 0.368528
9 0.331786 0.535533 0.339286 0.368528
1 0.147639 0.535533 0.295278 0.368528
1 0.675961 0.754616 0.339286 0.252379
9 0.104674 0.535533 0.209349 0.368528
1 0.330945 0.788729 0.339286 0.186596
1 0.088750 0.788729 0.177500 0.186596
1 0.422006 0.325888 0.522584 0.046701
11 0.423845 0.086294 0.189076 0.048731
4 0.393953 0.087310 0.128242 0.048731
9 0.230042 0.965887 0.088235 0.068227
2 0.393953 0.087310 0.128242 0.048731
9 0.212710 0.086294 0.105042 0.043496
11 0.212710 0.086294 0.105042 0.040609
0 0.641556 0.086294 0.084534 0.048731
1 0.356995 0.979180 0.140461 0.041640
11 0.349609 0.152284 0.072939 0.040609
0 0.422667 0.020305 0.067137 0.040609
11 0.356470 0.544734 0.074055 0.034105
11 0.356470 0.620257 0.074055 0.034105
11 0.356470 0.666545 0.074055 0.034105
11 0.577468 0.544734 0.074055 0.034105
12 0.486127 0.086294 0.060309 0.040609
11 0.710675 0.152284 0.048369 0.040609
11 0.220404 0.020305 0.046801 0.040609
11 0.796038 0.152284 0.044905 0.040609
11 0.415995 0.152284 0.043026 0.040609
11 0.302603 0.020305 0.037503 0.040609
11 0.506902 0.152284 0.037667 0.040609
11 0.517623 0.234208 0.046506 0.034312
11 0.344755 0.020305 0.034196 0.040609
11 0.911514 0.152284 0.035903 0.040609
11 0.590381 0.321915 0.042682 0.034312
11 0.462788 0.152284 0.033753 0.040609
9 0.173319 0.524556 0.025210 0.048731
11 0.953983 0.152284 0.032227 0.040609
9 0.487395 0.524556 0.025210 0.048731
11 0.175445 0.020305 0.030511 0.040609
11 0.869748 0.152284 0.030823 0.040609
11 0.633678 0.152284 0.029502 0.040609
11 0.661851 0.284153 0.073242 0.017259
11 0.356470 0.582495 0.074055 0.017053
11 0.263828 0.020305 0.027442 0.040609
11 0.174682 0.152284 0.028985 0.040609
11 0.697512 0.254918 0.068753 0.017259
11 0.353528 0.371859 0.068171 0.017259
11 0.485023 0.342624 0.065618 0.017259
11 0.630014 0.284153 0.064125 0.017259
11 0.324568 0.342624 0.063394 0.017259
11 0.351095 0.430330 0.063304 0.017259
9 0.196702 0.861723 0.021008 0.040609
11 0.265498 0.152284 0.025333 0.040609
11 0.655766 0.401095 0.061072 0.017259
9 0.542017 0.860501 0.021008 0.040609
11 0.627647 0.254918 0.059390 0.017259
11 0.322426 0.284153 0.059111 0.017259
11 0.523163 0.418147 0.057584 0.017259
11 0.479878 0.401095 0.055328 0.017259
11 0.754222 0.152284 0.021919 0.040609
11 0.625107 0.342624 0.054310 0.017259
11 0.624799 0.225682 0.053695 0.017259
11 0.667460 0.152284 0.021255 0.040609
11 0.566981 0.225682 0.053079 0.017259
11 0.233870 0.152284 0.021115 0.040609
11 0.595404 0.418147 0.052726 0.017259
11 0.345527 0.313388 0.052168 0.017259
11 0.572992 0.152284 0.020508 0.040609
11 0.594509 0.359676 0.050937 0.017259
11 0.594164 0.254918 0.050248 0.017259
11 0.565495 0.401095 0.050108 0.017259
11 0.544237 0.152284 0.020196 0.040609
11 0.422667 0.061112 0.058733 0.014610
11 0.422667 0.087905 0.058733 0.014610
11 0.422667 0.114697 0.058733 0.014610
11 0.422667 0.141490 0.058733 0.014610
11 0.422667 0.168282 0.058733 0.014610
11 0.422667 0.195075 0.058733 0.014610
11 0.422667 0.221867 0.058733 0.014610
11 0.593758 0.225682 0.049435 0.017259
0 0.673319 0.152284 0.021008 0.040609
11 0.836413 0.152284 0.019039 0.040609
11 0.621360 0.196447 0.046818 0.017259
11 0.253012 0.254918 0.046793 0.017259
11 0.601087 0.152284 0.018875 0.040609
11 0.563571 0.313388 0.046260 0.017259
11 0.315885 0.313388 0.046030 0.017259
11 0.206243 0.152284 0.017332 0.040609
11 0.591719 0.388912 0.045357 0.017259
11 0.516934 0.359676 0.045127 0.017259
11 0.295652 0.152284 0.018169 0.040609
11 0.315397 0.225682 0.045053 0.017259
11 0.562857 0.342624 0.044832 0.017259
11 0.562734 0.459565 0.044585 0.017259
11 0.591317 0.196447 0.044553 0.017259
11 0.340484 0.401095 0.042082 0.017259
11 0.250410 0.284153 0.041590 0.017259
11 0.618677 0.313388 0.041451 0.017259
11 0.472931 0.196447 0.041434 0.017259
11 0.645852 0.342624 0.041245 0.017259
11 0.250234 0.196447 0.041237 0.017259
11 0.683475 0.225682 0.040679 0.017259
11 0.375476 0.020305 0.014640 0.040609
11 0.312402 0.401095 0.039062 0.017259
11 0.471458 0.254918 0.038488 0.017259
11 0.338547 0.284153 0.038209 0.017259
11 0.644203 0.371859 0.037946 0.017259
11 0.513048 0.447383 0.037356 0.017259
11 0.311474 0.430330 0.037208 0.017259
11 0.643797 0.313388 0.037134 0.017259
11 0.338001 0.254918 0.037118 0.017259
11 0.470752 0.313388 0.037077 0.017259
11 0.419249 0.196447 0.036929 0.017259
11 0.311302 0.196447 0.036863 0.017259
11 0.311203 0.488801 0.036666 0.017259
11 0.184595 0.342624 0.036207 0.017259
11 0.681111 0.371859 0.035952 0.017259
11 0.469394 0.225682 0.034360 0.017259
11 0.511423 0.301206 0.034106 0.017259
11 0.679938 0.313388 0.033605 0.017259
11 0.585597 0.284153 0.033113 0.017259
11 0.309049 0.459565 0.032358 0.017259
11 0.510512 0.388912 0.032284 0.017259
11 0.335556 0.459565 0.032227 0.017259
11 0.334998 0.196447 0.031110 0.017259
11 0.509926 0.196447 0.031110 0.017259
11 0.555996 0.196447 0.031110 0.017259
11 0.640785 0.196447 0.031110 0.017259
11 0.678690 0.196447 0.031110 0.017259
11 0.467659 0.284153 0.030889 0.017259
11 0.181850 0.254918 0.030717 0.017259
11 0.181788 0.313388 0.030593 0.017259
11 0.181776 0.225682 0.030569 0.017259
11 0.334489 0.342624 0.030093 0.017259
11 0.583935 0.505853 0.029789 0.017259
11 0.307437 0.371859 0.029133 0.017259
11 0.583484 0.447383 0.028887 0.017259
11 0.243094 0.225682 0.026958 0.017259
11 0.638393 0.254918 0.026326 0.017259
11 0.676126 0.342624 0.025981 0.017259
9 0.608349 0.839245 0.013130 0.017259
11 0.675929 0.284153 0.025588 0.017259
9 0.673578 0.152284 0.006721 0.016244
11 0.581531 0.476618 0.024980 0.017259
11 0.305213 0.254918 0.024685 0.017259
11 0.506430 0.330441 0.024119 0.017259
11 0.552464 0.284153 0.024045 0.017259
11 0.506241 0.271970 0.023741 0.017259
9 0.164128 0.020305 0.007878 0.015228
11 0.551688 0.254918 0.022494 0.017259
9 0.210708 0.152284 0.008403 0.016244
11 0.411839 0.254918 0.022108 0.017259
11 0.463174 0.430330 0.021919 0.017259
1 0.591912 0.721994 0.157563 0.017053
11 0.410895 0.342624 0.020221 0.017259
1 0.591912 0.555512 0.157563 0.017053
11 0.176175 0.196447 0.019367 0.017259
11 0.634901 0.225682 0.019343 0.017259
11 0.329089 0.225682 0.019293 0.017259
1 0.591912 0.455623 0.157563 0.017053
1 0.591912 0.622105 0.157563 0.017053
1 0.591912 0.655401 0.157563 0.017053
11 0.549452 0.371859 0.018021 0.017259
1 0.591912 0.788587 0.157563 0.017053
11 0.409492 0.225682 0.017414 0.017259
9 0.467527 0.086294 0.010504 0.020305
9 0.200942 0.020305 0.007878 0.015228
11 0.408232 0.284153 0.014895 0.017259
11 0.459657 0.371859 0.014886 0.017259
11 0.547884 0.430330 0.014886 0.017259
11 0.173890 0.284153 0.014796 0.017259
9 0.801339 0.644670 0.008403 0.016244
9 0.516282 0.788182 0.006303 0.012183
0 0.671218 0.086294 0.011029 0.017259
9 0.516282 0.555108 0.006303 0.012183
9 0.516282 0.654997 0.006303 0.012183
11 0.405495 0.313388 0.009421 0.017259
9 0.516282 0.421923 0.006303 0.012183
9 0.516282 0.455219 0.006303 0.012183
9 0.516282 0.488515 0.006303 0.012183
9 0.516282 0.521812 0.006303 0.012183
9 0.516282 0.588404 0.006303 0.012183
9 0.516282 0.621701 0.006303 0.012183
9 0.516282 0.688293 0.006303 0.012183
9 0.516282 0.721589 0.006303 0.012183
9 0.516282 0.754886 0.006303 0.012183
0 0.671218 0.082772 0.010389 0.009076
2 0.145483 0.615228 0.101891 0.026396
3 0.110294 0.802030 0.057773 0.024365
3 0.319590 0.274619 0.083508 0.043655
3 0.673845 0.741117 0.006303 0.020305
3 0.046744 0.491878 0.065126 0.031472
4 0.048319 0.385279 0.051471 0.019289
4 0.801996 0.308629 0.113445 0.026396
4 0.570903 0.710660 0.113445 0.026396
5 0.282038 0.454822 0.040966 0.034518
5 0.074842 0.809137 0.042542 0.034518
5 0.134716 0.371574 0.024685 0.048731
5 0.557511 0.836548 0.055147 0.034518
6 0.693803 0.619289 0.010504 0.020305
6 0.128151 0.095431 0.010504 0.020305
7 0.483718 0.119797 0.260504 0.162437
7 0.233193 0.125888 0.260504 0.162437
10 0.084034 0.425381 0.019958 0.026396
10 0.772059 0.874112 0.019958 0.026396
10 0.258929 0.448731 0.192227 0.026396
12 0.019958 0.043147 0.021008 0.023350
12 0.549370 0.047716 0.014706 0.028426
12 0.215336 0.493401 0.141807 0.154315
12 0.491334 0.606599 0.232668 0.049746
12 0.623424 0.762944 0.016807 0.035533
13 0.243960 0.713706 0.039391 0.036548
14 0.292017 0.898477 0.022059 0.042640
