9 0.761395 0.327300 0.305877 0.443433
9 0.290806 0.327300 0.305877 0.443433
1 0.526786 0.714816 0.163340 0.104188
1 0.526786 0.875857 0.163340 0.104188
1 0.711134 0.875857 0.163340 0.104188
12 0.467773 0.040609 0.257878 0.048731
9 0.581506 0.875857 0.053900 0.104188
9 0.765855 0.875857 0.053900 0.104188
9 0.581506 0.714816 0.053900 0.104188
11 0.762129 0.040609 0.062533 0.040609
0 0.698714 0.040609 0.060096 0.040609
0 0.487871 0.512468 0.067227 0.032487
0 0.148372 0.327300 0.021008 0.081218
13 0.828027 0.040609 0.050355 0.032487
0 0.597952 0.327300 0.021008 0.081218
12 0.612731 0.040609 0.032038 0.048731
9 0.765855 0.992402 0.053900 0.015197
9 0.581506 0.992402 0.053900 0.015197
0 0.128365 0.042640 0.018809 0.034518
0 0.462661 0.512468 0.016807 0.032487
0 0.513081 0.512468 0.016807 0.032487
1 0.526786 0.992402 0.163340 0.015197
1 0.711134 0.992402 0.163340 0.015197
0 0.701566 0.040609 0.017627 0.014213
9 0.633666 0.833915 0.008403 0.016244
0 0.684648 0.040609 0.016208 0.014213
9 0.449317 0.993417 0.008403 0.013166
9 0.449317 0.833915 0.008403 0.016244
9 0.633666 0.993417 0.008403 0.013166
9 0.449317 0.672874 0.008403 0.016244
1 0.488610 0.620082 0.086988 0.028426
1 0.167444 0.040609 0.059349 0.036548
2 0.568803 0.490863 0.271008 0.039594
2 0.322479 0.626396 0.130252 0.020305
2 0.415966 0.652284 0.773109 0.033503
3 0.046481 0.024873 0.083508 0.043655
3 0.646796 0.562944 0.183298 0.043655
3 0.680672 0.815736 0.132353 0.035533
3 0.855567 0.613706 0.037815 0.047716
4 0.117647 0.135533 0.042017 0.019289
4 0.294118 0.132995 0.046218 0.020305
5 0.442752 0.841624 0.012605 0.024365
5 0.002889 0.023858 0.000525 0.001015
5 0.635767 0.913706 0.024685 0.048731
5 0.917805 0.102030 0.006828 0.013198
6 0.418592 0.600000 0.010504 0.020305
7 0.576155 0.771066 0.747899 0.001015
7 0.542542 0.157868 0.747899 0.001015
7 0.409664 0.201015 0.314076 0.113706
10 0.759191 0.538579 0.044643 0.049746
10 0.282300 0.566497 0.131828 0.184772
10 0.863708 0.696447 0.131828 0.184772
10 0.733718 0.565482 0.019958 0.026396
10 0.912290 0.612690 0.161765 0.025381
10 0.847426 0.569543 0.131828 0.184772
12 0.829832 0.762437 0.068277 0.036548
12 0.648109 0.070051 0.632353 0.048731
12 0.428571 0.021320 0.022059 0.024365
13 0.584559 0.828426 0.004202 0.004061
13 0.815389 0.373604 0.054097 0.048731
14 0.326681 0.573096 0.008403 0.017259
14 0.916229 0.105076 0.020483 0.039594
14 0.954044 0.923350 0.069853 0.045685
14 0.985032 0.582234 0.013130 0.027411
