18 0.500000 0.301158 0.549993 0.426904
18 0.483628 0.478062 0.494994 0.049556
0 0.740620 0.350174 0.064978 0.095019
1 0.465623 0.350174 0.064978 0.095019
1 0.534373 0.350174 0.064970 0.095019
1 0.259376 0.350174 0.064970 0.095019
1 0.328125 0.350174 0.064978 0.095019
1 0.671871 0.350174 0.064970 0.095019
1 0.603122 0.350174 0.064978 0.095019
1 0.396874 0.350174 0.064970 0.095019
18 0.500000 0.264610 0.083820 0.040197
18 0.292682 0.478062 0.113101 0.026396
18 0.507509 0.263994 0.068559 0.038961
18 0.750640 0.478062 0.026457 0.049556
17 0.965968 0.060898 0.025210 0.048731
18 0.724183 0.478062 0.026457 0.049556
18 0.466454 0.263718 0.016468 0.038409
