2 0.543461 0.279711 0.493960 0.022335
1 0.589023 0.130964 0.240546 0.030457
1 0.589023 0.169543 0.240546 0.030457
1 0.589023 0.208122 0.240546 0.030457
1 0.761210 0.692925 0.477580 0.015228
1 0.384142 0.638087 0.154313 0.030457
1 0.589023 0.069036 0.240546 0.015228
1 0.589023 0.097462 0.240546 0.015228
2 0.804359 0.280727 0.021008 0.040609
4 0.414973 0.318798 0.035452 0.015228
4 0.361792 0.318798 0.034738 0.015228
9 0.455095 0.130964 0.008403 0.016244
9 0.455095 0.208122 0.008403 0.016244
9 0.455095 0.069036 0.008403 0.016244
9 0.455095 0.169543 0.008403 0.016244
9 0.455095 0.097462 0.008403 0.016244
6 0.337218 0.320828 0.006828 0.013198
6 0.390042 0.320828 0.006828 0.013198
9 0.705193 0.566529 0.010504 0.016244
9 0.705193 0.591910 0.010504 0.016244
9 0.705193 0.617291 0.010504 0.016244
9 0.705193 0.642671 0.010504 0.016244
9 0.705193 0.668052 0.010504 0.016244
9 0.705193 0.693433 0.010504 0.016244
9 0.705193 0.718813 0.010504 0.016244
9 0.705193 0.744194 0.010504 0.016244
9 0.705193 0.769575 0.010504 0.016244
9 0.705193 0.794956 0.010504 0.016244
1 0.600611 0.616783 0.156381 0.015228
1 0.376239 0.569559 0.138508 0.017259
1 0.592289 0.591402 0.139739 0.015228
1 0.589790 0.718306 0.134741 0.015228
1 0.258288 0.673112 0.133699 0.015228
2 0.773372 0.156853 0.054097 0.021320
2 0.544643 0.407107 0.105042 0.046701
4 0.436975 0.552284 0.113445 0.022335
5 0.221113 0.097462 0.040966 0.034518
5 0.278099 0.486802 0.006828 0.013198
6 0.503151 0.935025 0.010504 0.020305
6 0.031513 0.731980 0.010504 0.020305
7 0.789391 0.147208 0.297269 0.032487
7 0.131303 0.543147 0.260504 0.162437
7 0.279937 0.151269 0.314076 0.113706
10 0.866597 0.367513 0.010504 0.020305
10 0.918067 0.191371 0.025210 0.047716
10 0.269170 0.765990 0.053046 0.049746
10 0.844013 0.603553 0.071429 0.063959
10 0.017857 0.210152 0.023109 0.044670
12 0.217962 0.471066 0.029412 0.046701
12 0.757878 0.197462 0.009454 0.045685
13 0.116597 0.692386 0.021008 0.040609
13 0.862395 0.645685 0.014706 0.028426
14 0.792542 0.710660 0.025210 0.048731
14 0.188025 0.078173 0.008403 0.016244
