1 0.711397 0.367402 0.278361 0.302538
9 0.711397 0.359787 0.272059 0.275127
1 0.448792 0.869432 0.224790 0.106599
1 0.448792 0.582630 0.224790 0.081218
1 0.448792 0.765371 0.224790 0.081218
1 0.448792 0.674001 0.224790 0.081218
1 0.448792 0.966442 0.224790 0.067116
9 0.388918 0.869432 0.105042 0.106599
12 0.456933 0.146193 0.210708 0.034518
1 0.537553 0.340189 0.047269 0.154711
1 0.664128 0.825777 0.176471 0.035533
1 0.664128 0.790244 0.176471 0.035533
1 0.664128 0.861310 0.176471 0.035533
1 0.496324 0.062944 0.111870 0.054822
9 0.357405 0.582630 0.042017 0.081218
9 0.357405 0.674001 0.042017 0.081218
9 0.357405 0.765371 0.042017 0.081218
9 0.537553 0.308518 0.033581 0.091371
9 0.357405 0.966442 0.042017 0.067116
0 0.604041 0.146193 0.073004 0.034518
1 0.722952 0.592782 0.058824 0.067005
9 0.591912 0.703950 0.026786 0.027411
9 0.680672 0.703950 0.026786 0.027411
0 0.654724 0.146193 0.017857 0.034518
9 0.247111 0.265879 0.010504 0.020305
9 0.247111 0.321320 0.010504 0.020305
9 0.247111 0.376761 0.010504 0.020305
2 0.831408 0.354315 0.101891 0.026396
2 0.243697 0.581218 0.107143 0.029442
2 0.743435 0.226396 0.076155 0.036548
3 0.070903 0.724365 0.111345 0.025381
3 0.475578 0.088325 0.027836 0.012183
3 0.382353 0.684264 0.057773 0.024365
3 0.316964 0.509137 0.106618 0.021320
3 0.025210 0.109137 0.006303 0.013198
3 0.196691 0.978173 0.115021 0.021320
3 0.834559 0.771574 0.057773 0.024365
4 0.303046 0.185279 0.051471 0.019289
4 0.726628 0.315736 0.039391 0.024365
4 0.737395 0.276142 0.030462 0.018274
5 0.450368 0.174112 0.006828 0.013198
5 0.478466 0.228426 0.039916 0.034518
6 0.789391 0.179695 0.010504 0.020305
6 0.393908 0.110660 0.010504 0.020305
6 0.827731 0.978680 0.010504 0.020305
6 0.315651 0.330964 0.010504 0.020305
6 0.588235 0.728934 0.010504 0.020305
6 0.593225 0.670558 0.006828 0.013198
6 0.076943 0.085787 0.006828 0.013198
7 0.415441 0.908122 0.747899 0.001015
7 0.287290 0.059898 0.314076 0.113706
7 0.438025 0.068528 0.747899 0.001015
7 0.447479 0.242640 0.314076 0.113706
10 0.208508 0.831472 0.173319 0.073096
10 0.528361 0.376142 0.086134 0.051777
10 0.152574 0.544670 0.044643 0.049746
10 0.866597 0.893909 0.086134 0.051777
10 0.884454 0.574619 0.092437 0.038579
12 0.534139 0.549239 0.068277 0.036548
12 0.276261 0.528426 0.289916 0.057868
13 0.745536 0.662944 0.054097 0.048731
13 0.384191 0.836548 0.170693 0.040609
14 0.108456 0.385279 0.038340 0.031472
14 0.860819 0.119797 0.025210 0.048731
14 0.392332 0.207107 0.025210 0.048731
14 0.430410 0.860406 0.026786 0.045685
14 0.211660 0.585279 0.016807 0.037563
14 0.273109 0.761421 0.008403 0.016244
