12 0.471901 0.121827 0.252101 0.058883
9 0.768120 0.180711 0.128151 0.109645
1 0.721901 0.341117 0.199580 0.056853
12 0.665179 0.121827 0.032563 0.058883
9 0.331145 0.121827 0.030462 0.058883
0 0.616334 0.182741 0.033613 0.044670
0 0.557248 0.809137 0.025735 0.056853
0 0.582983 0.809137 0.025735 0.056853
11 0.166229 0.068020 0.025210 0.048731
0 0.797532 0.068020 0.025210 0.048731
0 0.203392 0.490355 0.044914 0.026396
0 0.627889 0.121827 0.015756 0.058883
0 0.941702 0.955330 0.021008 0.040609
0 0.969013 0.955330 0.021008 0.040609
9 0.588235 0.182741 0.021008 0.040609
0 0.643120 0.121827 0.011555 0.058883
0 0.327468 0.809137 0.018908 0.036548
0 0.428309 0.809137 0.018908 0.036548
14 0.823792 0.019289 0.016807 0.038579
1 0.656775 0.194924 0.043592 0.069036
0 0.795357 0.997462 0.054770 0.005076
12 0.660714 0.122335 0.013130 0.025381
1 0.588235 0.194924 0.033613 0.069036
1 0.391544 0.194924 0.033613 0.069036
1 0.419643 0.194924 0.033613 0.069036
1 0.503939 0.194924 0.033613 0.069036
1 0.335347 0.194924 0.033613 0.069036
1 0.363445 0.194924 0.033613 0.069036
1 0.447742 0.194924 0.033613 0.069036
1 0.475840 0.194924 0.033613 0.069036
1 0.532038 0.194924 0.033613 0.069036
1 0.560137 0.194924 0.033613 0.069036
2 0.450105 0.165482 0.239496 0.052792
2 0.732931 0.917766 0.076155 0.036548
2 0.376838 0.380711 0.076155 0.036548
3 0.159139 0.264975 0.057773 0.024365
3 0.831145 0.453299 0.106618 0.021320
3 0.064076 0.619797 0.037815 0.047716
3 0.095588 0.732487 0.065126 0.031472
3 0.574055 0.346701 0.006303 0.013198
4 0.631828 0.839594 0.113445 0.022335
5 0.111607 0.895939 0.006828 0.013198
5 0.546218 0.757360 0.012605 0.024365
5 0.153099 0.060914 0.042542 0.034518
6 0.308036 0.346701 0.006828 0.013198
6 0.068540 0.920305 0.006828 0.013198
6 0.150735 0.320812 0.010504 0.020305
7 0.358193 0.823350 0.260504 0.162437
7 0.626050 0.295431 0.260504 0.162437
7 0.587710 0.128934 0.314076 0.113706
7 0.532563 0.739086 0.327731 0.030457
10 0.920956 0.678680 0.131828 0.254822
10 0.543592 0.232487 0.019958 0.038579
10 0.443277 0.818782 0.071429 0.063959
10 0.444328 0.169036 0.024160 0.047716
10 0.484244 0.103553 0.023109 0.044670
12 0.267332 0.735025 0.068277 0.036548
13 0.379202 0.537056 0.008403 0.016244
13 0.785977 0.639594 0.022584 0.034518
13 0.452206 0.596954 0.042017 0.014213
13 0.271008 0.231472 0.014706 0.028426
13 0.384979 0.261929 0.010504 0.022335
13 0.882090 0.664467 0.046744 0.043655
13 0.076155 0.753807 0.023109 0.043655
13 0.056197 0.678173 0.097689 0.054822
14 0.361870 0.571574 0.006303 0.012183
14 0.353466 0.922843 0.015756 0.030457
14 0.826943 0.889848 0.038340 0.031472
14 0.481880 0.109137 0.038340 0.031472
14 0.398372 0.668020 0.007878 0.020305
14 0.318803 0.478680 0.010504 0.021320
