9 0.496061 0.446740 0.958508 0.666069
9 0.665179 0.416244 0.228992 0.605076
13 0.496061 0.954862 0.714286 0.090276
9 0.665179 0.333011 0.228992 0.113959
9 0.665179 0.418306 0.228992 0.058883
9 0.665179 0.259914 0.228992 0.048731
9 0.665179 0.235549 0.228992 0.047303
9 0.055147 0.038476 0.068277 0.030219
1 0.929113 0.040609 0.084001 0.053807
1 0.254448 0.584296 0.084001 0.053807
1 0.846298 0.040609 0.069024 0.053807
0 0.314790 0.040609 0.047285 0.024365
1 0.055147 0.048001 0.068277 0.021320
1 0.537909 0.040609 0.049214 0.022335
1 0.431197 0.040609 0.045660 0.022335
1 0.373400 0.040609 0.027918 0.022335
1 0.483665 0.040609 0.017258 0.022335
1 0.593569 0.040609 0.020089 0.022335
2 0.557773 0.516751 0.201681 0.036548
2 0.289128 0.423350 0.023634 0.040609
3 0.304884 0.063452 0.083508 0.043655
4 0.110819 0.036548 0.113445 0.026396
4 0.698529 0.860914 0.113445 0.026396
4 0.951418 0.624365 0.094013 0.024365
4 0.600315 0.297462 0.093487 0.020305
5 0.742122 0.239594 0.012605 0.024365
5 0.293330 0.468020 0.050945 0.034518
5 0.139968 0.948731 0.024685 0.047716
5 0.107405 0.757868 0.006828 0.013198
6 0.901523 0.260406 0.006828 0.013198
6 0.482405 0.091878 0.006828 0.013198
6 0.108193 0.553299 0.010504 0.020305
7 0.221639 0.411168 0.260504 0.162437
7 0.256303 0.745178 0.314076 0.113706
7 0.536239 0.577157 0.747899 0.001015
10 0.720851 0.408629 0.053046 0.049746
10 0.782038 0.301015 0.071429 0.063959
10 0.365546 0.542132 0.022059 0.042640
12 0.268120 0.813706 0.232668 0.049746
12 0.619748 0.842640 0.006303 0.012183
12 0.498424 0.179695 0.332983 0.048731
12 0.183561 0.209645 0.328256 0.027411
13 0.713761 0.291371 0.059874 0.042640
13 0.914391 0.908629 0.097689 0.054822
14 0.725315 0.032487 0.021008 0.040609
14 0.218750 0.396954 0.290441 0.040609
14 0.225053 0.349746 0.013130 0.027411
14 0.826155 0.259391 0.012605 0.023350
14 0.307773 0.446701 0.018908 0.036548
