0 0.407826 0.537754 0.158088 0.046701
0 0.407826 0.482931 0.158088 0.046701
13 0.407826 0.584454 0.158088 0.030457
2 0.591912 0.572398 0.149160 0.021320
2 0.591912 0.485089 0.149160 0.021320
13 0.651400 0.630774 0.039637 0.038579
0 0.407826 0.584454 0.057527 0.017259
4 0.527713 0.534835 0.030216 0.018464
0 0.651400 0.630774 0.018629 0.019289
4 0.521328 0.447525 0.017447 0.018464
1 0.378344 0.425381 0.048738 0.017259
1 0.541906 0.752284 0.048951 0.017259
1 0.437951 0.425381 0.040261 0.017259
1 0.496003 0.752284 0.032399 0.017259
1 0.462903 0.752284 0.023347 0.017259
1 0.385607 0.752284 0.022494 0.017259
1 0.412610 0.752284 0.021058 0.017259
1 0.359830 0.752284 0.018604 0.017259
1 0.437184 0.752284 0.017636 0.017259
1 0.579393 0.752284 0.015568 0.017259
1 0.493168 0.700317 0.013910 0.017259
2 0.221113 0.885787 0.033613 0.033503
2 0.085872 0.144670 0.037290 0.027411
2 0.231880 0.641117 0.034139 0.021320
3 0.186450 0.928426 0.065126 0.031472
3 0.747111 0.017766 0.106618 0.021320
3 0.706408 0.332487 0.065126 0.031472
4 0.715336 0.117259 0.088235 0.043655
4 0.063288 0.392386 0.000525 0.001015
4 0.850840 0.019289 0.113445 0.022335
4 0.120536 0.557868 0.047794 0.035533
4 0.271008 0.440609 0.015756 0.018274
4 0.303309 0.518274 0.042542 0.019289
5 0.175158 0.217766 0.006828 0.013198
5 0.808561 0.590863 0.074055 0.032487
5 0.506303 0.374619 0.016807 0.032487
5 0.029149 0.559898 0.006828 0.013198
6 0.182773 0.807107 0.010504 0.020305
6 0.512080 0.429442 0.010504 0.020305
6 0.561187 0.740609 0.006828 0.013198
7 0.250525 0.748223 0.314076 0.113706
7 0.701681 0.232487 0.423319 0.097462
7 0.358193 0.950254 0.327731 0.030457
7 0.539916 0.513706 0.327731 0.030457
10 0.534664 0.364975 0.071429 0.063959
10 0.289916 0.788832 0.019958 0.026396
12 0.461134 0.601523 0.141807 0.035533
12 0.684349 0.294416 0.018908 0.036548
13 0.531513 0.161929 0.023109 0.043655
14 0.420168 0.184772 0.025210 0.048731
14 0.933824 0.605076 0.012605 0.024365
14 0.045168 0.358376 0.021008 0.040609
14 0.181723 0.665482 0.057773 0.045685
14 0.103992 0.544670 0.014706 0.027411
14 0.883141 0.816244 0.009979 0.020305
14 0.930672 0.710660 0.023109 0.030457
