1 0.572212 0.533598 0.232135 0.304569
1 0.379989 0.533598 0.152311 0.304569
1 0.496061 0.176650 0.210084 0.192893
1 0.421058 0.879489 0.162495 0.241022
1 0.577304 0.879489 0.149997 0.241022
1 0.695903 0.228426 0.116071 0.073096
1 0.695903 0.311675 0.116071 0.073096
1 0.695903 0.154315 0.116071 0.054822
1 0.358944 0.024365 0.059258 0.048731
1 0.767373 0.024873 0.056115 0.049746
1 0.695903 0.102538 0.116071 0.018274
1 0.717265 0.024365 0.044101 0.048731
2 0.212710 0.690863 0.271008 0.039594
2 0.935137 0.315736 0.076155 0.036548
3 0.977416 0.126396 0.037815 0.047716
4 0.293855 0.830457 0.098214 0.024365
4 0.877626 0.324873 0.113445 0.026396
4 0.928309 0.308122 0.055147 0.047716
5 0.721376 0.505076 0.006828 0.013198
5 0.418855 0.732487 0.006828 0.013198
6 0.961660 0.070051 0.010504 0.020305
6 0.763655 0.623350 0.010504 0.020305
6 0.279412 0.858883 0.010504 0.020305
6 0.609769 0.221320 0.010504 0.020305
6 0.751576 0.515736 0.010504 0.020305
7 0.695378 0.347208 0.423319 0.097462
10 0.038340 0.785787 0.022059 0.042640
10 0.152836 0.643147 0.029412 0.057868
10 0.881828 0.771066 0.021008 0.047716
10 0.934349 0.143147 0.019958 0.026396
10 0.586134 0.433503 0.019958 0.026396
10 0.391282 0.703046 0.161765 0.025381
12 0.695378 0.262437 0.021008 0.023350
12 0.376838 0.827411 0.320903 0.052792
12 0.035189 0.852792 0.009454 0.018274
12 0.167542 0.450254 0.009454 0.019289
13 0.725840 0.386802 0.087185 0.050761
13 0.831670 0.050761 0.051996 0.040609
13 0.625525 0.768528 0.014706 0.028426
14 0.702994 0.624365 0.017332 0.032487
14 0.418592 0.745178 0.010504 0.020305
14 0.887605 0.208122 0.013655 0.028426
14 0.133141 0.595939 0.016282 0.032487
