9 0.457868 0.551110 0.089286 0.229759
9 0.631130 0.599159 0.088235 0.133661
0 0.582860 0.763959 0.170956 0.065990
0 0.404280 0.763959 0.160993 0.065990
0 0.651728 0.061318 0.076746 0.039800
9 0.059349 0.060914 0.076681 0.040609
9 0.631130 0.520543 0.088235 0.030996
0 0.537832 0.061318 0.059349 0.039800
0 0.480600 0.061318 0.055114 0.039800
0 0.426758 0.061318 0.052570 0.039800
9 0.498547 0.614911 0.030249 0.065609
0 0.590431 0.061318 0.045849 0.039800
9 0.055040 0.060914 0.076467 0.024365
0 0.950154 0.061326 0.041918 0.039784
1 0.059636 0.020305 0.106667 0.040609
9 0.707983 0.992386 0.074055 0.015228
9 0.595268 0.093290 0.010504 0.020305
9 0.714327 0.950746 0.010504 0.020305
9 0.193753 0.915244 0.010504 0.020305
9 0.431575 0.191878 0.007353 0.014213
9 0.932593 0.238071 0.007353 0.014213
9 0.168658 0.191878 0.007353 0.014213
9 0.498547 0.664467 0.030249 0.003046
9 0.431575 0.419797 0.004202 0.008122
9 0.890814 0.281218 0.004202 0.008122
9 0.446453 0.243242 0.003151 0.006091
9 0.173623 0.086183 0.003151 0.006091
9 0.104172 0.141624 0.003151 0.006091
9 0.486139 0.095431 0.003151 0.006091
9 0.595268 0.150857 0.003151 0.006091
9 0.679597 0.076951 0.003151 0.006091
9 0.124015 0.113896 0.003151 0.006091
9 0.322438 0.095431 0.003151 0.006091
9 0.927628 0.095431 0.003151 0.006091
9 0.501018 0.863753 0.003151 0.006091
9 0.282752 0.899270 0.003151 0.006091
9 0.084329 0.899270 0.003151 0.006091
9 0.679597 0.846003 0.003151 0.006091
9 0.887942 0.149841 0.002101 0.004061
9 0.467347 0.159074 0.002101 0.004061
9 0.873063 0.094416 0.002101 0.004061
1 0.283704 0.061318 0.057363 0.039800
1 0.375070 0.061318 0.050806 0.039800
1 0.713600 0.061318 0.046998 0.039800
1 0.331026 0.061318 0.037282 0.039800
2 0.162553 0.143147 0.076155 0.036548
3 0.869748 0.537056 0.105042 0.032487
3 0.317752 0.151777 0.006303 0.013198
4 0.461397 0.164975 0.236870 0.063959
5 0.753676 0.777665 0.016807 0.032487
5 0.520221 0.684772 0.006828 0.013198
5 0.548319 0.969543 0.012605 0.024365
6 0.424370 0.216244 0.010504 0.020305
6 0.006303 0.820305 0.010504 0.020305
6 0.653361 0.073096 0.010504 0.020305
6 0.014181 0.470051 0.010504 0.020305
6 0.981092 0.095431 0.010504 0.020305
7 0.412815 0.075635 0.747899 0.001015
10 0.138130 0.259898 0.173319 0.227411
10 0.780462 0.904569 0.019958 0.026396
10 0.328256 0.171066 0.057773 0.049746
10 0.219538 0.328934 0.023109 0.044670
10 0.735819 0.314721 0.019958 0.026396
13 0.536239 0.244670 0.021008 0.040609
13 0.962710 0.718782 0.014706 0.028426
13 0.061975 0.376142 0.012605 0.027411
13 0.800945 0.697970 0.012605 0.027411
14 0.527836 0.891371 0.015756 0.018274
14 0.889706 0.730964 0.012605 0.024365
14 0.718487 0.476142 0.012605 0.024365
