10 0.500000 0.500000 1.000000 1.000000
10 0.141807 0.794226 0.114496 0.144162
10 0.155758 0.794226 0.114496 0.144162
10 0.167082 0.794226 0.114496 0.144162
10 0.027048 0.038579 0.022584 0.016244
10 0.085347 0.688642 0.013130 0.024365
10 0.952731 0.036548 0.010504 0.020305
1 0.094538 0.743464 0.030462 0.058883
1 0.131073 0.743464 0.030462 0.058883
1 0.167608 0.743464 0.030462 0.058883
1 0.511062 0.037056 0.063206 0.017259
1 0.410013 0.037056 0.049017 0.017259
1 0.604894 0.037056 0.034582 0.017259
