9 0.262342 0.835025 0.084034 0.094416
1 0.264427 0.959089 0.088202 0.053807
9 0.055147 0.038476 0.068277 0.030219
1 0.929113 0.040609 0.084001 0.053807
1 0.846298 0.040609 0.069024 0.053807
0 0.314790 0.040609 0.047285 0.024365
1 0.712283 0.973699 0.087776 0.025381
1 0.496061 0.248223 0.044397 0.049746
1 0.600385 0.973699 0.070780 0.025381
1 0.492282 0.932075 0.061376 0.025381
1 0.387978 0.973699 0.059570 0.025381
1 0.696178 0.890451 0.055566 0.025381
1 0.055147 0.048001 0.068277 0.021320
1 0.694590 0.848826 0.052390 0.025381
1 0.537909 0.040609 0.049214 0.022335
2 0.220588 0.728426 0.294118 0.027411
2 0.232931 0.259391 0.034139 0.021320
4 0.749475 0.552284 0.113445 0.022335
4 0.664653 0.206599 0.037290 0.035533
4 0.506040 0.984772 0.094013 0.024365
4 0.048845 0.540609 0.017857 0.015228
5 0.510242 0.526396 0.000525 0.001015
5 0.581408 0.936041 0.012605 0.024365
5 0.200368 0.867513 0.024685 0.047716
5 0.624212 0.087310 0.050945 0.034518
5 0.382616 0.831980 0.006828 0.013198
6 0.192227 0.508629 0.010504 0.020305
6 0.589286 0.503553 0.010504 0.020305
6 0.216387 0.019289 0.010504 0.020305
6 0.311975 0.870051 0.010504 0.020305
7 0.679097 0.239594 0.423319 0.097462
7 0.470063 0.791878 0.260504 0.162437
7 0.278887 0.373604 0.423319 0.097462
12 0.205357 0.138579 0.021008 0.023350
12 0.487920 0.737056 0.018908 0.036548
12 0.447216 0.475127 0.236870 0.101523
13 0.532563 0.909137 0.714286 0.090355
13 0.717962 0.234518 0.014706 0.028426
13 0.362132 0.777665 0.020483 0.040609
13 0.250525 0.515736 0.014706 0.028426
