12 0.496061 0.024365 0.216387 0.032487
2 0.496061 0.327919 0.163866 0.036548
0 0.496061 0.482234 0.163866 0.036548
0 0.496061 0.433503 0.163866 0.036548
0 0.496061 0.608122 0.163866 0.036548
2 0.486607 0.376650 0.144958 0.036548
1 0.675683 0.188832 0.126050 0.036548
0 0.740809 0.024365 0.033613 0.048731
1 0.675683 0.391878 0.125000 0.026396
0 0.496057 0.528934 0.041024 0.016244
1 0.675683 0.528934 0.125000 0.026396
1 0.675683 0.227411 0.125000 0.026396
1 0.675683 0.282234 0.125000 0.026396
1 0.675683 0.556345 0.125000 0.026396
1 0.675683 0.474112 0.125000 0.026396
1 0.675683 0.337056 0.125000 0.026396
1 0.675683 0.419289 0.125000 0.026396
1 0.675683 0.254822 0.125000 0.026396
1 0.675683 0.309645 0.125000 0.026396
1 0.675683 0.364467 0.125000 0.026396
0 0.568540 0.376650 0.018908 0.036548
0 0.496061 0.658883 0.016807 0.032487
0 0.525473 0.658883 0.016807 0.032487
0 0.437237 0.658883 0.016807 0.032487
0 0.466649 0.658883 0.016807 0.032487
0 0.554884 0.658883 0.016807 0.032487
0 0.331752 0.932995 0.032103 0.018274
0 0.661543 0.932995 0.029756 0.020305
12 0.593750 0.024365 0.016807 0.032487
0 0.661543 0.932995 0.023454 0.018274
0 0.666229 0.077157 0.012605 0.024365
5 0.005515 0.009645 0.006828 0.013198
12 0.593750 0.024365 0.008403 0.016244
2 0.250788 0.211675 0.118172 0.041624
2 0.272847 0.147208 0.157038 0.036548
2 0.821954 0.032487 0.334034 0.048731
2 0.422532 0.260406 0.131828 0.031472
2 0.330357 0.685279 0.197479 0.050761
2 0.747374 0.698477 0.101891 0.026396
3 0.369223 0.473096 0.105042 0.032487
3 0.123162 0.289848 0.183298 0.043655
4 0.592962 0.331980 0.113445 0.026396
4 0.525210 0.943655 0.017857 0.015228
6 0.423319 0.324873 0.010504 0.020305
6 0.587185 0.309645 0.010504 0.020305
6 0.739758 0.822843 0.006828 0.013198
10 0.359769 0.400000 0.019958 0.026396
10 0.728992 0.268020 0.173319 0.073096
10 0.655987 0.467005 0.019958 0.026396
10 0.360819 0.189848 0.019958 0.026396
10 0.115021 0.903553 0.023109 0.044670
12 0.897059 0.861929 0.022059 0.024365
13 0.256303 0.569543 0.014706 0.028426
13 0.249475 0.339086 0.014706 0.028426
13 0.032300 0.527919 0.051996 0.040609
13 0.900210 0.098477 0.014706 0.028426
13 0.150998 0.306599 0.007878 0.016244
14 0.373424 0.782234 0.030462 0.049746
14 0.386555 0.250761 0.025210 0.048731
