9 0.457868 0.551110 0.089286 0.229759
9 0.631130 0.599159 0.088235 0.133661
0 0.582860 0.763959 0.170956 0.065990
0 0.404280 0.763959 0.160993 0.065990
0 0.651728 0.061318 0.076746 0.039800
9 0.059349 0.060914 0.076681 0.040609
9 0.631130 0.520543 0.088235 0.030996
0 0.537832 0.061318 0.059349 0.039800
0 0.480600 0.061318 0.055114 0.039800
0 0.426758 0.061318 0.052570 0.039800
9 0.498547 0.614911 0.030249 0.065609
0 0.590431 0.061318 0.045849 0.039800
9 0.055040 0.060914 0.076467 0.024365
0 0.950154 0.061326 0.041918 0.039784
1 0.059636 0.020305 0.106667 0.040609
9 0.707983 0.992386 0.074055 0.015228
9 0.595268 0.093290 0.010504 0.020305
9 0.714327 0.950746 0.010504 0.020305
9 0.193753 0.915244 0.010504 0.020305
9 0.431575 0.191878 0.007353 0.014213
9 0.932593 0.238071 0.007353 0.014213
9 0.168658 0.191878 0.007353 0.014213
9 0.498547 0.664467 0.030249 0.003046
9 0.431575 0.419797 0.004202 0.008122
9 0.890814 0.281218 0.004202 0.008122
9 0.446453 0.243242 0.003151 0.006091
9 0.173623 0.086183 0.003151 0.006091
9 0.104172 0.141624 0.003151 0.006091
9 0.486139 0.095431 0.003151 0.006091
9 0.595268 0.150857 0.003151 0.006091
9 0.679597 0.076951 0.003151 0.006091
9 0.124015 0.113896 0.003151 0.006091
9 0.322438 0.095431 0.003151 0.006091
9 0.927628 0.095431 0.003151 0.006091
9 0.501018 0.863753 0.003151 0.006091
9 0.282752 0.899270 0.003151 0.006091
9 0.084329 0.899270 0.003151 0.006091
9 0.679597 0.846003 0.003151 0.006091
9 0.887942 0.149841 0.002101 0.004061
9 0.467347 0.159074 0.002101 0.004061
9 0.873063 0.094416 0.002101 0.004061
1 0.283704 0.061318 0.057363 0.039800
1 0.375070 0.061318 0.050806 0.039800
1 0.713600 0.061318 0.046998 0.039800
1 0.331026 0.061318 0.037282 0.039800
2 0.655200 0.161929 0.283088 0.043655
2 0.516807 0.837563 0.163866 0.036548
2 0.331933 0.031980 0.294118 0.027411
2 0.879202 0.546193 0.168067 0.036548
3 0.300158 0.419289 0.027836 0.012183
3 0.574055 0.142640 0.111345 0.025381
3 0.726891 0.630964 0.037815 0.047716
4 0.845588 0.183756 0.015756 0.018274
5 0.393120 0.323350 0.006828 0.013198
5 0.236082 0.902030 0.006828 0.013198
6 0.844013 0.672081 0.010504 0.020305
6 0.945903 0.341117 0.010504 0.020305
7 0.558298 0.140102 0.314076 0.113706
10 0.867384 0.632995 0.044643 0.049746
10 0.432248 0.195939 0.022059 0.042640
10 0.607143 0.177665 0.019958 0.026396
10 0.190651 0.200000 0.010504 0.020305
12 0.962710 0.393401 0.055672 0.059898
12 0.019433 0.796447 0.021008 0.023350
13 0.121849 0.569543 0.015756 0.030457
14 0.200630 0.374112 0.007353 0.015228
14 0.869485 0.846701 0.170693 0.040609
14 0.720063 0.982234 0.012605 0.023350
