0 0.643358 0.461421 0.157563 0.040609
1 0.643358 0.538579 0.157563 0.040609
1 0.643358 0.778173 0.157563 0.040609
1 0.643358 0.721320 0.157563 0.040609
1 0.641852 0.586802 0.154551 0.027411
1 0.184603 0.973604 0.052144 0.012183
1 0.666332 0.580711 0.041237 0.015228
1 0.569303 0.973604 0.042082 0.012183
1 0.304938 0.973604 0.041237 0.012183
1 0.622111 0.592893 0.029921 0.015228
1 0.693967 0.973604 0.035402 0.012183
1 0.352941 0.973604 0.034073 0.012183
1 0.397272 0.973604 0.033892 0.012183
2 0.359244 0.725888 0.239496 0.052792
2 0.315651 0.224873 0.512605 0.023350
2 0.250000 0.835533 0.074580 0.036548
3 0.493697 0.135025 0.105042 0.032487
4 0.031775 0.685787 0.037290 0.035533
4 0.871061 0.659391 0.037290 0.035533
4 0.316964 0.299492 0.077206 0.012183
5 0.778624 0.120812 0.024685 0.048731
6 0.473214 0.320812 0.010504 0.020305
6 0.152836 0.985787 0.010504 0.020305
7 0.378676 0.758376 0.327731 0.030457
7 0.270483 0.419289 0.327731 0.030457
10 0.421218 0.305584 0.092437 0.038579
10 0.905200 0.323350 0.053046 0.049746
10 0.160714 0.809645 0.071429 0.063959
10 0.297794 0.590863 0.173319 0.227411
10 0.196954 0.492386 0.010504 0.020305
10 0.571166 0.776650 0.131828 0.184772
10 0.976891 0.431980 0.029412 0.057868
13 0.564601 0.377665 0.004202 0.004061
13 0.561450 0.463959 0.097689 0.054822
13 0.969013 0.968528 0.014706 0.028426
13 0.813025 0.040609 0.008403 0.016244
13 0.518645 0.918782 0.129727 0.052792
