10 0.630786 0.386088 0.175273 0.431091
10 0.630786 0.386088 0.144234 0.362107
10 0.720145 0.461724 0.138165 0.317324
10 0.720222 0.460723 0.122626 0.288590
10 0.630786 0.386088 0.110294 0.284264
10 0.720116 0.457462 0.073529 0.191878
19 0.363261 0.475127 0.113683 0.048731
0 0.252868 0.475127 0.098698 0.048731
0 0.960806 0.040609 0.045825 0.048731
0 0.913488 0.040609 0.040408 0.048731
0 0.508403 0.189848 0.025210 0.048731
0 0.768645 0.651777 0.018908 0.036548
1 0.772957 0.040609 0.057305 0.048731
1 0.095051 0.040609 0.045143 0.048731
1 0.822294 0.040609 0.041369 0.048731
1 0.724068 0.040609 0.040474 0.048731
1 0.861829 0.040609 0.037700 0.048731
1 0.040441 0.040609 0.064076 0.021320
