0 0.499996 0.609645 0.123810 0.036548
0 0.499996 0.658376 0.123810 0.036548
12 0.077994 0.024365 0.122374 0.032487
12 0.068540 0.024365 0.103466 0.032487
0 0.933700 0.024365 0.082179 0.028426
0 0.132841 0.967513 0.092478 0.016244
0 0.499992 0.556853 0.035140 0.028426
12 0.148634 0.024365 0.018908 0.032487
1 0.253865 0.967005 0.072282 0.017259
1 0.050654 0.967005 0.050888 0.017259
1 0.637646 0.967005 0.033712 0.017259
1 0.964085 0.967005 0.021411 0.017259
1 0.599589 0.967005 0.021394 0.017259
1 0.198402 0.967005 0.017636 0.017259
1 0.499996 0.737563 0.014550 0.016244
3 0.790966 0.783249 0.085084 0.059898
3 0.268382 0.256345 0.111345 0.025381
3 0.396534 0.950254 0.105042 0.032487
3 0.505515 0.888832 0.106618 0.021320
4 0.728729 0.962944 0.047794 0.035533
4 0.233456 0.396447 0.000525 0.001015
4 0.664128 0.764467 0.041492 0.048731
4 0.866859 0.877157 0.094013 0.024365
4 0.297006 0.855838 0.162290 0.024365
4 0.036765 0.102538 0.046218 0.020305
5 0.978729 0.066497 0.006828 0.013198
5 0.073267 0.774112 0.024685 0.047716
5 0.046744 0.624365 0.012605 0.024365
5 0.059611 0.552792 0.006828 0.013198
6 0.885767 0.624873 0.006828 0.013198
7 0.789916 0.300508 0.314076 0.113706
7 0.219538 0.590863 0.297269 0.032487
10 0.486870 0.554315 0.019958 0.026396
10 0.168592 0.774619 0.092437 0.038579
10 0.013655 0.853807 0.019958 0.026396
12 0.339286 0.899492 0.012605 0.024365
13 0.941439 0.570558 0.110819 0.036548
13 0.068277 0.201015 0.040966 0.042640
13 0.586134 0.688325 0.039916 0.038579
14 0.254202 0.360406 0.012605 0.024365
14 0.756828 0.300000 0.010504 0.021320
14 0.080882 0.370558 0.023109 0.044670
14 0.588498 0.922335 0.007878 0.015228
14 0.652836 0.799492 0.014706 0.027411
14 0.201681 0.664975 0.016807 0.032487
