9 0.500000 0.546193 1.000000 0.907614
1 0.508440 0.285279 0.166492 0.312690
1 0.579081 0.285279 0.166492 0.312690
1 0.541791 0.285279 0.166492 0.312690
9 0.508440 0.219289 0.166492 0.180711
9 0.579081 0.219289 0.166492 0.180711
9 0.541791 0.219289 0.166492 0.180711
1 0.579081 0.194924 0.166492 0.131980
1 0.579081 0.335025 0.166492 0.131980
2 0.496061 0.914213 0.294118 0.027411
9 0.003939 0.546193 0.007878 0.907614
9 0.996061 0.546193 0.007878 0.907614
0 0.881803 0.546193 0.141282 0.048731
0 0.110319 0.546193 0.141282 0.048731
11 0.412204 0.047208 0.066554 0.037563
0 0.365710 0.847716 0.074383 0.032487
11 0.502076 0.047208 0.058569 0.037563
11 0.368472 0.143147 0.074580 0.028426
11 0.368472 0.183756 0.074580 0.028426
11 0.368472 0.224365 0.074580 0.028426
11 0.364533 0.179695 0.074580 0.028426
11 0.364533 0.220305 0.074580 0.028426
11 0.364533 0.260914 0.074580 0.028426
11 0.364533 0.301523 0.074580 0.028426
11 0.364533 0.342132 0.074580 0.028426
11 0.364533 0.382741 0.074580 0.028426
11 0.364533 0.423350 0.074580 0.028426
11 0.439113 0.179695 0.074580 0.028426
11 0.439113 0.220305 0.074580 0.028426
11 0.439113 0.260914 0.074580 0.028426
11 0.439113 0.301523 0.074580 0.028426
11 0.439113 0.342132 0.074580 0.028426
11 0.439113 0.382741 0.074580 0.028426
11 0.401823 0.143147 0.074580 0.028426
11 0.401823 0.183756 0.074580 0.028426
11 0.401823 0.224365 0.074580 0.028426
11 0.401823 0.264975 0.074580 0.028426
11 0.401823 0.305584 0.074580 0.028426
11 0.646021 0.047208 0.054523 0.037563
0 0.427763 0.847716 0.042009 0.032487
0 0.939839 0.853807 0.025210 0.048731
11 0.339167 0.047208 0.032776 0.037563
11 0.575060 0.047208 0.032776 0.037563
1 0.496057 0.628426 0.068277 0.050761
12 0.884355 0.046193 0.018908 0.036548
0 0.910271 0.046193 0.018908 0.036548
0 0.936187 0.046193 0.018908 0.036548
0 0.491896 0.470463 0.021008 0.024365
0 0.522884 0.470463 0.021008 0.024365
0 0.560173 0.429854 0.021008 0.024365
14 0.653624 0.914721 0.014706 0.028426
9 0.442001 0.344162 0.012605 0.024365
9 0.438062 0.344162 0.012605 0.024365
0 0.508703 0.470463 0.012605 0.024365
0 0.521308 0.470463 0.012605 0.024365
9 0.512642 0.344162 0.012605 0.024365
9 0.475352 0.344162 0.012605 0.024365
0 0.539690 0.470463 0.012605 0.024365
0 0.552295 0.470463 0.012605 0.024365
0 0.564900 0.470463 0.012605 0.024365
9 0.512642 0.163452 0.012605 0.024365
9 0.512642 0.303553 0.012605 0.024365
0 0.576980 0.429854 0.012605 0.024365
0 0.589585 0.429854 0.012605 0.024365
0 0.602190 0.429854 0.012605 0.024365
1 0.069853 0.046193 0.038866 0.024365
2 0.276523 0.491371 0.076155 0.036548
2 0.663866 0.961929 0.241597 0.039594
3 0.614496 0.288325 0.105042 0.032487
3 0.328782 0.236041 0.065126 0.031472
3 0.510504 0.076650 0.037815 0.047716
3 0.478466 0.772589 0.105042 0.032487
3 0.495011 0.107107 0.183298 0.043655
3 0.586134 0.791878 0.006303 0.020305
4 0.542017 0.889340 0.113445 0.026396
4 0.757353 0.900508 0.113445 0.022335
5 0.381040 0.919289 0.006828 0.013198
5 0.450368 0.272589 0.006828 0.013198
5 0.964023 0.430964 0.000525 0.001015
5 0.926996 0.502538 0.028361 0.034518
5 0.164653 0.713198 0.046744 0.015228
5 0.949055 0.415228 0.012605 0.024365
6 0.817227 0.252792 0.010504 0.020305
6 0.439601 0.584772 0.010504 0.020305
6 0.875525 0.946193 0.010504 0.020305
6 0.846113 0.079188 0.010504 0.020305
7 0.544118 0.700508 0.297269 0.032487
7 0.467962 0.932995 0.297269 0.032487
7 0.223739 0.620305 0.260504 0.162437
7 0.549370 0.864975 0.297269 0.032487
7 0.767857 0.824365 0.423319 0.097462
10 0.698004 0.618782 0.086134 0.051777
10 0.203519 0.741117 0.335609 0.507614
12 0.068803 0.163452 0.009454 0.018274
12 0.565389 0.561421 0.157038 0.136041
12 0.659926 0.192386 0.571954 0.039594
13 0.640756 0.897462 0.040966 0.042640
13 0.261555 0.033503 0.286765 0.044670
13 0.842962 0.551269 0.014706 0.028426
14 0.359769 0.370051 0.057773 0.045685
14 0.056197 0.749239 0.025210 0.048731
14 0.493435 0.686294 0.009979 0.022335
14 0.912290 0.885279 0.015756 0.030457
14 0.615021 0.420305 0.021008 0.040609
14 0.033088 0.316751 0.023109 0.030457
