9 0.324842 0.572383 0.582458 0.609137
13 0.821429 0.649746 0.286765 0.044670
0 0.821429 0.592893 0.286765 0.044670
0 0.821429 0.438579 0.286765 0.044670
2 0.821429 0.288325 0.271008 0.038579
2 0.821429 0.361421 0.271008 0.038579
1 0.821429 0.495431 0.286765 0.044670
4 0.821429 0.359898 0.268908 0.019289
4 0.742820 0.273198 0.111690 0.014958
3 0.451114 0.980711 0.028164 0.012183
1 0.635701 0.944670 0.090418 0.011168
1 0.501830 0.944670 0.039456 0.011168
1 0.707844 0.944670 0.037060 0.011168
1 0.460511 0.944670 0.026375 0.011168
1 0.571113 0.944670 0.021952 0.011168
1 0.540847 0.944670 0.021772 0.011168
1 0.404514 0.944670 0.019441 0.011168
1 0.297039 0.944670 0.017168 0.011168
1 0.430779 0.944670 0.016282 0.011168
1 0.272900 0.944670 0.014304 0.011168
1 0.362210 0.944670 0.013007 0.011168
2 0.376313 0.745178 0.076155 0.036548
2 0.557773 0.421320 0.239496 0.052792
3 0.045168 0.259391 0.065126 0.031472
3 0.876050 0.434518 0.006303 0.020305
4 0.144958 0.852792 0.069328 0.020305
5 0.455095 0.879695 0.006828 0.013198
5 0.155987 0.334010 0.012605 0.024365
5 0.603729 0.456853 0.042542 0.034518
5 0.038866 0.477157 0.012605 0.024365
5 0.014443 0.314213 0.006828 0.013198
6 0.487920 0.907614 0.010504 0.020305
6 0.693803 0.169543 0.010504 0.020305
6 0.819853 0.447716 0.010504 0.020305
7 0.616071 0.957868 0.747899 0.001015
7 0.593487 0.073096 0.314076 0.113706
7 0.352416 0.252792 0.423319 0.097462
10 0.547532 0.669036 0.335609 0.507614
10 0.089548 0.404569 0.044643 0.049746
10 0.607931 0.506091 0.131828 0.254822
13 0.035189 0.086802 0.012605 0.027411
13 0.409664 0.220305 0.014706 0.028426
13 0.739496 0.018274 0.014706 0.028426
13 0.092962 0.479188 0.040966 0.042640
14 0.253676 0.717766 0.012605 0.024365
14 0.783876 0.666497 0.006828 0.013198
