9 0.254202 0.481218 0.054622 0.085279
9 0.745798 0.489340 0.040966 0.101523
2 0.850578 0.641624 0.076155 0.036548
2 0.752101 0.871066 0.128151 0.048731
2 0.247899 0.871066 0.144958 0.036548
2 0.403361 0.762437 0.367647 0.040609
3 0.451943 0.117766 0.027836 0.012183
3 0.302521 0.237563 0.105042 0.032487
4 0.567752 0.760406 0.113445 0.026396
4 0.494748 0.940102 0.113445 0.022335
5 0.037027 0.370558 0.074055 0.032487
5 0.204044 0.264467 0.006828 0.013198
5 0.059086 0.287817 0.024685 0.047716
6 0.350315 0.587817 0.010504 0.020305
6 0.554622 0.107614 0.010504 0.020305
6 0.435924 0.355330 0.010504 0.020305
7 0.186975 0.960406 0.327731 0.030457
7 0.308298 0.454822 0.260504 0.162437
7 0.448004 0.795939 0.297269 0.032487
7 0.481618 0.571574 0.314076 0.113706
12 0.167805 0.292386 0.024685 0.040609
12 0.156250 0.683249 0.044643 0.085279
13 0.112395 0.460914 0.015756 0.030457
13 0.349265 0.689340 0.014706 0.028426
13 0.037815 0.914721 0.008403 0.016244
14 0.214023 0.737563 0.013130 0.027411
