9 0.645221 0.586294 0.298319 0.827411
2 0.266282 0.659391 0.168067 0.036548
2 0.266282 0.708122 0.168067 0.036548
0 0.208209 0.781218 0.051922 0.044670
0 0.295078 0.783249 0.100808 0.020305
4 0.225512 0.850254 0.057117 0.018274
9 0.192752 0.050761 0.021008 0.040609
0 0.560793 0.050761 0.039604 0.020305
5 0.187763 0.851777 0.006828 0.013198
4 0.186450 0.850254 0.008403 0.016244
1 0.632070 0.050761 0.071437 0.020305
1 0.712025 0.050761 0.056961 0.020305
1 0.779129 0.050761 0.045734 0.020305
2 0.410714 0.960406 0.105042 0.046701
2 0.835347 0.357360 0.023634 0.040609
2 0.414916 0.060406 0.773109 0.033503
3 0.586134 0.666497 0.111345 0.025381
3 0.755777 0.330964 0.006303 0.020305
3 0.851891 0.046193 0.132353 0.035533
3 0.745273 0.635533 0.057773 0.024365
3 0.162553 0.934518 0.106618 0.021320
3 0.293592 0.133503 0.085084 0.059898
4 0.146008 0.116751 0.113445 0.026396
4 0.554097 0.822335 0.113445 0.026396
5 0.549107 0.984264 0.006828 0.013198
5 0.429359 0.122335 0.024685 0.047716
5 0.649422 0.720305 0.006828 0.013198
6 0.025735 0.157360 0.010504 0.020305
6 0.358193 0.846701 0.010504 0.020305
6 0.322479 0.742132 0.010504 0.020305
6 0.483718 0.718782 0.010504 0.020305
6 0.423319 0.065990 0.010504 0.020305
6 0.743697 0.740102 0.010504 0.020305
7 0.353992 0.189848 0.327731 0.030457
7 0.236870 0.470051 0.423319 0.097462
10 0.781513 0.668528 0.021008 0.047716
10 0.441702 0.268528 0.086134 0.051777
12 0.344013 0.859898 0.010504 0.020305
12 0.298845 0.747208 0.022059 0.042640
13 0.139968 0.725888 0.101366 0.034518
14 0.194328 0.008122 0.008403 0.016244
14 0.137605 0.719797 0.097689 0.054822
14 0.147847 0.193909 0.005777 0.010152
