1 0.572212 0.533598 0.232135 0.304569
1 0.379989 0.533598 0.152311 0.304569
1 0.496061 0.176650 0.210084 0.192893
1 0.421058 0.879489 0.162495 0.241022
1 0.577304 0.879489 0.149997 0.241022
1 0.695903 0.228426 0.116071 0.073096
1 0.695903 0.311675 0.116071 0.073096
1 0.695903 0.154315 0.116071 0.054822
1 0.358944 0.024365 0.059258 0.048731
1 0.767373 0.024873 0.056115 0.049746
1 0.695903 0.102538 0.116071 0.018274
1 0.717265 0.024365 0.044101 0.048731
2 0.192489 0.041117 0.228466 0.033503
3 0.375000 0.121827 0.105042 0.032487
3 0.671744 0.305076 0.006303 0.013198
3 0.981618 0.910660 0.006303 0.020305
4 0.822479 0.353299 0.113445 0.022335
4 0.284401 0.330457 0.047794 0.035533
4 0.139706 0.649746 0.113445 0.026396
4 0.414391 0.918782 0.113445 0.026396
5 0.819590 0.137563 0.006828 0.013198
5 0.856880 0.798985 0.021534 0.014213
5 0.552258 0.797462 0.006828 0.013198
6 0.978204 0.105076 0.006828 0.013198
6 0.710609 0.282234 0.010504 0.020305
6 0.314601 0.497462 0.010504 0.020305
6 0.602941 0.435533 0.010504 0.020305
6 0.865546 0.482234 0.010504 0.020305
6 0.314601 0.771574 0.010504 0.020305
7 0.832983 0.189848 0.314076 0.113706
10 0.618435 0.062437 0.053046 0.049746
12 0.232668 0.102030 0.089286 0.027411
13 0.700105 0.550254 0.021008 0.040609
13 0.732143 0.590863 0.014706 0.028426
13 0.666492 0.251269 0.021008 0.039594
14 0.086922 0.468020 0.125525 0.136041
14 0.242384 0.796447 0.007878 0.021320
14 0.373950 0.523858 0.007353 0.014213
