10 0.709501 0.414213 0.367647 0.568528
0 0.304884 0.418274 0.210084 0.048731
0 0.304884 0.357360 0.210084 0.040609
0 0.304884 0.479188 0.210084 0.040609
0 0.541963 0.844670 0.157982 0.048731
0 0.677632 0.844670 0.104952 0.048731
0 0.552615 0.783756 0.071092 0.048731
0 0.708709 0.905584 0.069336 0.048731
0 0.564597 0.905584 0.068811 0.048731
0 0.636522 0.905584 0.066636 0.048731
0 0.494481 0.905584 0.063017 0.048731
0 0.491543 0.966497 0.057141 0.048731
0 0.762654 0.038579 0.059250 0.048731
1 0.319176 0.542132 0.157062 0.034518
0 0.619481 0.783756 0.054236 0.048731
0 0.703150 0.038579 0.051356 0.048731
0 0.487920 0.783756 0.049895 0.048731
0 0.830661 0.935533 0.062582 0.035533
20 0.962710 0.831980 0.016807 0.032487
1 0.226628 0.038579 0.053571 0.052792
20 0.963235 0.832995 0.008403 0.016244
1 0.635455 0.038579 0.050420 0.052792
1 0.416717 0.038579 0.034114 0.052792
1 0.501001 0.038579 0.033613 0.052792
1 0.458984 0.038579 0.033613 0.052792
1 0.585035 0.038579 0.033613 0.052792
1 0.543018 0.038579 0.033613 0.052792
1 0.294951 0.551269 0.038644 0.016244
1 0.348666 0.551269 0.038176 0.016244
