0 0.100840 0.926087 0.168067 0.082852
9 0.142310 0.833804 0.098214 0.037563
0 0.944496 0.963452 0.078445 0.040609
9 0.343118 0.833804 0.095063 0.033503
0 0.196166 0.574810 0.072479 0.040609
0 0.143292 0.917965 0.083164 0.034121
0 0.057158 0.917965 0.080702 0.034121
0 0.272010 0.574810 0.066603 0.040609
0 0.100840 0.959193 0.168067 0.015847
9 0.946208 0.833804 0.073529 0.032487
9 0.033726 0.833804 0.067451 0.032487
0 0.786732 0.075016 0.048910 0.040609
9 0.604460 0.833804 0.054622 0.032487
9 0.442320 0.833804 0.048845 0.035533
9 0.767866 0.833804 0.091912 0.018274
9 0.242941 0.833804 0.053046 0.029442
9 0.520633 0.833804 0.063025 0.024365
9 0.676092 0.833804 0.039391 0.026396
9 0.860698 0.833804 0.046744 0.020305
1 0.111345 0.874754 0.147059 0.019813
12 0.668970 0.075016 0.018908 0.040609
1 0.201213 0.076039 0.064076 0.050555
11 0.403004 0.075008 0.010923 0.021114
11 0.342285 0.075008 0.010923 0.021114
11 0.460556 0.075008 0.010923 0.021114
11 0.288755 0.075008 0.010923 0.021114
14 0.982668 0.018782 0.010504 0.020305
1 0.493849 0.018274 0.108661 0.018274
1 0.700339 0.075016 0.043830 0.040609
1 0.439884 0.404489 0.091558 0.019086
1 0.485590 0.075016 0.039145 0.040609
1 0.740165 0.075016 0.035821 0.040609
1 0.292166 0.248570 0.072990 0.019847
1 0.338236 0.188254 0.063355 0.019847
1 0.390995 0.188254 0.061812 0.019847
1 0.336747 0.219553 0.060378 0.019847
1 0.450997 0.246661 0.060378 0.019847
2 0.183824 0.125888 0.239496 0.052792
2 0.730042 0.280203 0.396008 0.054822
2 0.205620 0.367005 0.118172 0.041624
2 0.692227 0.030457 0.173319 0.036548
2 0.146008 0.857360 0.236345 0.055838
2 0.533876 0.242640 0.076155 0.036548
3 0.719275 0.489848 0.115021 0.021320
3 0.153624 0.207614 0.115021 0.021320
3 0.851103 0.830964 0.083508 0.043655
3 0.078519 0.702030 0.083508 0.043655
3 0.527836 0.207614 0.085084 0.059898
4 0.228992 0.107614 0.113445 0.022335
4 0.198004 0.224365 0.161765 0.024365
4 0.628414 0.856345 0.094013 0.023350
5 0.415441 0.600000 0.012605 0.024365
5 0.047532 0.779188 0.006828 0.013198
5 0.560137 0.514721 0.024685 0.048731
6 0.954569 0.084772 0.006828 0.013198
6 0.707721 0.411675 0.006828 0.013198
6 0.538340 0.157360 0.010504 0.020305
6 0.204832 0.134010 0.010504 0.020305
6 0.032038 0.845685 0.010504 0.020305
6 0.890756 0.273096 0.010504 0.020305
7 0.470063 0.818274 0.260504 0.162437
10 0.878151 0.309645 0.092437 0.038579
10 0.814076 0.452284 0.029412 0.057868
10 0.917805 0.243147 0.131828 0.254822
10 0.555410 0.139594 0.044643 0.049746
10 0.623950 0.195939 0.023109 0.044670
10 0.654149 0.163452 0.131828 0.184772
13 0.531775 0.876650 0.044643 0.019289
13 0.016807 0.492386 0.021008 0.040609
13 0.308561 0.340102 0.065651 0.044670
14 0.282300 0.438071 0.038340 0.031472
