0 0.716526 0.927411 0.173566 0.114721
0 0.742561 0.935533 0.121496 0.044670
14 0.978992 0.869036 0.015756 0.018274
14 0.975053 0.867513 0.007878 0.015228
1 0.315980 0.960406 0.078470 0.014213
2 0.199842 0.967513 0.076155 0.036548
2 0.175683 0.529949 0.076155 0.036548
2 0.534139 0.498477 0.101891 0.026396
3 0.534664 0.242132 0.065126 0.031472
3 0.271534 0.094416 0.105042 0.032487
4 0.492384 0.932487 0.094013 0.023350
4 0.674370 0.738071 0.260504 0.022335
4 0.098214 0.461421 0.123950 0.096447
4 0.470326 0.970558 0.077206 0.012183
4 0.365021 0.780203 0.088235 0.043655
4 0.570903 0.039594 0.113445 0.022335
5 0.866334 0.466497 0.006828 0.013198
5 0.009979 0.227411 0.012605 0.024365
5 0.603729 0.382234 0.006828 0.013198
5 0.068540 0.271066 0.024685 0.048731
5 0.433824 0.845685 0.053571 0.034518
6 0.042017 0.358376 0.010504 0.020305
6 0.665966 0.335025 0.010504 0.020305
6 0.187500 0.657868 0.010504 0.020305
7 0.671744 0.908629 0.260504 0.162437
7 0.455357 0.140609 0.747899 0.001015
10 0.773634 0.311675 0.192227 0.026396
10 0.117384 0.781218 0.053046 0.049746
10 0.912553 0.063452 0.053046 0.049746
13 0.690651 0.493401 0.004202 0.004061
13 0.858193 0.750254 0.014706 0.028426
13 0.339548 0.774619 0.039391 0.036548
14 0.062500 0.147208 0.010504 0.020305
