1 0.676815 0.880203 0.128151 0.077157
1 0.147403 0.880203 0.128151 0.077157
1 0.544462 0.880203 0.128151 0.077157
1 0.412109 0.880203 0.128151 0.077157
1 0.279756 0.880203 0.128151 0.077157
0 0.500000 0.951269 0.144958 0.048731
11 0.245343 0.040609 0.075113 0.042640
0 0.113790 0.503553 0.060924 0.040609
11 0.131422 0.040609 0.052480 0.042640
11 0.182724 0.040609 0.050125 0.042640
11 0.080690 0.040609 0.048984 0.042640
0 0.329056 0.399080 0.026810 0.062944
13 0.967096 0.040609 0.040597 0.032487
0 0.336065 0.600904 0.040827 0.030457
0 0.364328 0.399080 0.018522 0.062944
0 0.905643 0.880203 0.022059 0.042640
9 0.030200 0.040609 0.035189 0.016244
0 0.934193 0.040609 0.016807 0.032487
9 0.094357 0.862944 0.009454 0.018274
9 0.623769 0.862944 0.009454 0.018274
9 0.359063 0.862944 0.009454 0.018274
9 0.491416 0.862944 0.009454 0.018274
9 0.226710 0.862944 0.009454 0.018274
9 0.905643 0.880203 0.010504 0.020305
9 0.344661 0.602427 0.007878 0.015228
14 0.681197 0.399080 0.006303 0.012183
1 0.298159 0.040609 0.030520 0.042640
1 0.029149 0.040609 0.049895 0.016244
1 0.391799 0.600904 0.045431 0.016244
2 0.136292 0.266497 0.236870 0.035533
2 0.709821 0.142132 0.076155 0.036548
2 0.500525 0.071574 0.510504 0.025381
3 0.715861 0.802538 0.065126 0.031472
3 0.920693 0.194416 0.111345 0.025381
3 0.518908 0.219797 0.132353 0.035533
4 0.779937 0.949239 0.113445 0.026396
4 0.965074 0.286294 0.032038 0.024365
5 0.328256 0.296447 0.053571 0.034518
5 0.254727 0.355330 0.039916 0.034518
5 0.869748 0.630457 0.012605 0.024365
5 0.413603 0.661421 0.006828 0.013198
5 0.703519 0.197462 0.006828 0.013198
6 0.695378 0.273096 0.010504 0.020305
6 0.364496 0.552284 0.010504 0.020305
6 0.736870 0.863959 0.010504 0.020305
6 0.946429 0.513706 0.010504 0.020305
6 0.973214 0.016244 0.010504 0.020305
7 0.251050 0.200000 0.327731 0.030457
10 0.038078 0.789340 0.053046 0.049746
10 0.868435 0.398985 0.131828 0.184772
12 0.779937 0.708122 0.136555 0.049746
12 0.258666 0.327411 0.210609 0.035533
