13 0.500000 0.467005 1.000000 0.702538
1 0.496061 0.467005 0.992122 0.702538
9 0.500000 0.915228 1.000000 0.169543
12 0.496849 0.168528 0.522584 0.040609
12 0.496061 0.257868 0.523109 0.024365
12 0.496061 0.286294 0.523109 0.024365
12 0.496061 0.314721 0.523109 0.024365
12 0.496061 0.343147 0.523109 0.024365
12 0.496061 0.371574 0.523109 0.024365
3 0.592142 0.035533 0.183298 0.042640
11 0.307490 0.196954 0.149119 0.044670
11 0.301220 0.235533 0.136579 0.044670
11 0.298405 0.389848 0.130950 0.044670
11 0.295107 0.312690 0.124352 0.044670
11 0.293252 0.196954 0.120642 0.044670
11 0.288960 0.274112 0.112058 0.044670
11 0.288783 0.351269 0.111706 0.044670
11 0.283220 0.196954 0.100578 0.044670
11 0.284988 0.389848 0.104115 0.044670
11 0.283014 0.467005 0.100167 0.044670
11 0.279937 0.312690 0.094013 0.044670
11 0.278185 0.235533 0.090508 0.044670
11 0.277024 0.274112 0.088186 0.044670
11 0.277007 0.351269 0.088153 0.044670
11 0.276708 0.428426 0.087554 0.044670
11 0.274238 0.505584 0.082614 0.044670
11 0.273807 0.389848 0.081752 0.044670
11 0.273438 0.467005 0.081014 0.044670
0 0.534849 0.310660 0.073849 0.044670
0 0.454668 0.310660 0.068655 0.044670
11 0.269544 0.351269 0.073226 0.044670
11 0.268916 0.428426 0.071970 0.044670
11 0.580501 0.267005 0.104706 0.030457
11 0.268440 0.235533 0.071018 0.044670
11 0.267623 0.274112 0.069385 0.044670
11 0.494465 0.218274 0.099897 0.030457
11 0.466653 0.218274 0.099880 0.030457
11 0.266889 0.544162 0.067916 0.044670
11 0.266700 0.389848 0.067539 0.044670
11 0.266220 0.312690 0.066579 0.044670
11 0.559583 0.267005 0.091969 0.030457
11 0.457811 0.242640 0.088465 0.030457
11 0.262905 0.467005 0.059948 0.044670
11 0.571962 0.193909 0.087628 0.030457
11 0.526322 0.267005 0.084895 0.030457
11 0.261784 0.235533 0.057707 0.044670
11 0.430278 0.291371 0.084083 0.030457
11 0.525341 0.242640 0.082934 0.030457
11 0.260919 0.428426 0.055976 0.044670
11 0.260919 0.389848 0.055976 0.044670
11 0.438440 0.267005 0.080595 0.030457
11 0.273191 0.537056 0.080521 0.030457
11 0.260262 0.274112 0.054663 0.044670
11 0.484523 0.242640 0.080012 0.030457
11 0.585814 0.093401 0.048845 0.044670
11 0.456051 0.193909 0.078675 0.030457
11 0.419581 0.267005 0.078084 0.030457
11 0.479082 0.193909 0.076713 0.030457
11 0.551700 0.193909 0.076205 0.030457
11 0.478655 0.267005 0.075860 0.030457
11 0.477453 0.315736 0.075097 0.030457
11 0.442219 0.218274 0.075007 0.030457
11 0.258301 0.312690 0.050740 0.044670
11 0.258301 0.196954 0.050740 0.044670
11 0.269827 0.459898 0.073792 0.030457
11 0.422675 0.218274 0.073784 0.030457
11 0.424641 0.242640 0.072807 0.030457
11 0.415942 0.218274 0.070805 0.030457
11 0.448862 0.218274 0.070567 0.030457
11 0.642086 0.093401 0.043592 0.044670
11 0.530060 0.093401 0.042542 0.044670
11 0.473662 0.340102 0.067514 0.030457
11 0.517562 0.218274 0.067375 0.030457
11 0.447204 0.193909 0.067252 0.030457
11 0.255769 0.428426 0.045677 0.044670
11 0.421506 0.193909 0.066538 0.030457
11 0.503237 0.267005 0.066119 0.030457
11 0.516581 0.193909 0.065413 0.030457
11 0.437422 0.193909 0.065413 0.030457
11 0.265215 0.358376 0.064568 0.030457
11 0.420065 0.267005 0.063657 0.030457
11 0.471598 0.388832 0.063386 0.030457
11 0.397399 0.218274 0.063165 0.030457
11 0.501584 0.388832 0.062812 0.030457
11 0.396985 0.242640 0.062730 0.030457
11 0.263725 0.435533 0.061589 0.030457
11 0.501887 0.193909 0.061532 0.030457
11 0.263208 0.512690 0.060555 0.030457
11 0.499893 0.340102 0.059431 0.030457
0 0.714138 0.035533 0.047039 0.036548
11 0.417448 0.218274 0.058421 0.030457
11 0.252335 0.351269 0.038808 0.044670
11 0.400440 0.291371 0.057461 0.030457
11 0.394351 0.315736 0.057461 0.030457
11 0.394548 0.291371 0.057461 0.030457
11 0.409270 0.315736 0.057461 0.030457
11 0.442309 0.315736 0.057461 0.030457
11 0.445444 0.291371 0.057461 0.030457
11 0.499639 0.242640 0.057035 0.030457
11 0.542000 0.315736 0.056805 0.030457
11 0.499524 0.291371 0.056805 0.030457
11 0.498371 0.315736 0.056386 0.030457
11 0.472431 0.193909 0.055828 0.030457
11 0.467663 0.291371 0.055516 0.030457
11 0.541356 0.291371 0.055516 0.030457
11 0.393304 0.267005 0.055369 0.030457
11 0.408224 0.242640 0.055369 0.030457
11 0.441263 0.267005 0.055369 0.030457
11 0.250940 0.312690 0.036018 0.044670
11 0.259901 0.474112 0.053941 0.030457
11 0.466501 0.242640 0.053194 0.030457
11 0.250940 0.274112 0.036018 0.044670
11 0.412072 0.193909 0.052578 0.030457
11 0.250837 0.235533 0.035813 0.044670
11 0.510004 0.291371 0.052258 0.030457
11 0.442428 0.242640 0.051430 0.030457
11 0.465989 0.193909 0.050904 0.030457
11 0.396903 0.218274 0.050387 0.030457
11 0.689699 0.093401 0.031513 0.044670
11 0.469501 0.267005 0.049969 0.030457
11 0.405339 0.193909 0.049600 0.030457
11 0.483234 0.093401 0.030987 0.044670
11 0.495528 0.267005 0.048812 0.030457
11 0.508280 0.364467 0.048812 0.030457
11 0.537868 0.242640 0.048541 0.030457
11 0.552135 0.242640 0.047975 0.030457
11 0.395610 0.193909 0.047802 0.030457
11 0.256097 0.242640 0.046333 0.030457
11 0.370331 0.093401 0.028361 0.044670
11 0.393965 0.242640 0.044512 0.030457
11 0.461623 0.218274 0.043437 0.030457
11 0.491896 0.218274 0.043437 0.030457
11 0.535316 0.218274 0.043437 0.030457
11 0.549866 0.218274 0.043437 0.030457
11 0.462197 0.242640 0.043322 0.030457
11 0.505117 0.340102 0.042485 0.030457
11 0.407965 0.093401 0.026786 0.044670
11 0.386793 0.193909 0.041951 0.030457
11 0.444549 0.093401 0.026261 0.044670
11 0.460847 0.413198 0.041886 0.030457
11 0.461479 0.364467 0.041886 0.030457
11 0.392180 0.267005 0.040942 0.030457
11 0.386091 0.291371 0.040942 0.030457
11 0.386288 0.267005 0.040942 0.030457
11 0.401010 0.291371 0.040942 0.030457
11 0.434049 0.291371 0.040942 0.030457
11 0.437184 0.267005 0.040942 0.030457
11 0.246734 0.467005 0.027606 0.044670
11 0.503484 0.315736 0.039218 0.030457
11 0.272403 0.093401 0.024160 0.044670
11 0.457433 0.364467 0.035058 0.030457
11 0.458065 0.340102 0.035058 0.030457
11 0.487707 0.364467 0.035058 0.030457
11 0.335593 0.093401 0.021008 0.044670
11 0.500386 0.413198 0.033023 0.030457
11 0.304786 0.093401 0.020483 0.044670
11 0.486090 0.242640 0.031824 0.030457
11 0.387228 0.267005 0.031037 0.030457
11 0.413562 0.242640 0.030840 0.030457
11 0.412536 0.218274 0.028788 0.030457
12 0.723657 0.093401 0.016282 0.044670
0 0.749737 0.093401 0.015756 0.044670
12 0.749737 0.168528 0.015756 0.036548
12 0.243435 0.168528 0.015756 0.035533
11 0.608136 0.093401 0.011555 0.044670
11 0.480941 0.413198 0.021525 0.030457
11 0.494637 0.388832 0.021525 0.030457
11 0.549230 0.093401 0.011555 0.044670
11 0.661781 0.093401 0.011555 0.044670
11 0.496627 0.093401 0.011555 0.044670
11 0.703355 0.093401 0.011555 0.044670
11 0.382410 0.093401 0.011555 0.044670
11 0.455579 0.093401 0.011555 0.044670
11 0.282382 0.093401 0.011555 0.044670
11 0.419257 0.093401 0.011555 0.044670
11 0.343996 0.093401 0.011555 0.044670
11 0.312927 0.093401 0.011555 0.044670
14 0.749737 0.035533 0.009454 0.018274
12 0.241071 0.257868 0.004727 0.016244
12 0.241071 0.286294 0.004727 0.016244
12 0.241071 0.314721 0.004727 0.016244
12 0.241071 0.343147 0.004727 0.016244
12 0.241071 0.371574 0.004727 0.016244
11 0.282382 0.094416 0.005252 0.010152
11 0.312927 0.094416 0.005252 0.010152
11 0.343996 0.094416 0.005252 0.010152
11 0.382410 0.094416 0.005252 0.010152
11 0.419257 0.094416 0.005252 0.010152
11 0.455579 0.094416 0.005252 0.010152
11 0.496627 0.094416 0.005252 0.010152
11 0.549230 0.094416 0.005252 0.010152
11 0.608136 0.094416 0.005252 0.010152
11 0.661781 0.094416 0.005252 0.010152
11 0.703355 0.094416 0.005252 0.010152
1 0.242384 0.093401 0.015756 0.044670
2 0.380515 0.346193 0.054097 0.050761
2 0.280725 0.055838 0.157038 0.048731
2 0.649685 0.723858 0.197479 0.050761
3 0.831933 0.832487 0.105042 0.032487
3 0.674370 0.678173 0.105042 0.032487
3 0.392332 0.204569 0.065126 0.031472
3 0.303046 0.145178 0.105042 0.032487
4 0.163340 0.055838 0.015756 0.018274
4 0.176471 0.137056 0.012605 0.024365
4 0.686975 0.084264 0.113445 0.026396
5 0.381565 0.881726 0.006828 0.013198
5 0.025473 0.805584 0.000525 0.001015
5 0.401786 0.521827 0.053571 0.034518
5 0.871586 0.399492 0.006828 0.013198
5 0.295956 0.300000 0.006828 0.013198
5 0.611870 0.677157 0.012605 0.024365
6 0.495798 0.840609 0.010504 0.020305
6 0.310399 0.508629 0.010504 0.020305
6 0.012605 0.749239 0.010504 0.020305
6 0.058824 0.011168 0.010504 0.020305
6 0.155987 0.446701 0.010504 0.020305
7 0.767332 0.497462 0.327731 0.030457
7 0.574055 0.334010 0.297269 0.032487
7 0.544118 0.614213 0.423319 0.097462
7 0.845588 0.873096 0.260504 0.162437
7 0.631828 0.530964 0.327731 0.030457
7 0.561450 0.389848 0.260504 0.162437
7 0.772584 0.521827 0.314076 0.113706
7 0.533088 0.467513 0.747899 0.001015
10 0.354779 0.944670 0.044643 0.049746
10 0.106092 0.459391 0.021008 0.047716
12 0.888130 0.220812 0.021008 0.023350
12 0.424895 0.936548 0.021008 0.023350
12 0.489758 0.467513 0.232668 0.049746
13 0.750525 0.049746 0.015756 0.030457
13 0.282563 0.905076 0.012605 0.027411
14 0.361870 0.045685 0.012605 0.024365
