0 0.119046 0.904505 0.187672 0.093528
1 0.473091 0.748842 0.297548 0.042862
12 0.608095 0.029442 0.283630 0.033090
0 0.119046 0.931948 0.187672 0.038642
0 0.119046 0.885184 0.187672 0.038642
0 0.504752 0.162135 0.191997 0.036072
1 0.473058 0.886421 0.297482 0.020305
2 0.578502 0.307567 0.107488 0.029442
0 0.496057 0.611931 0.130250 0.024841
0 0.496057 0.644082 0.130250 0.024841
2 0.496057 0.774066 0.130250 0.019854
0 0.496057 0.811337 0.130250 0.023014
0 0.425670 0.029442 0.072815 0.038357
1 0.214286 0.029442 0.100315 0.052792
0 0.494796 0.773512 0.115124 0.023014
2 0.496057 0.730084 0.130250 0.019854
3 0.494796 0.736726 0.115124 0.021320
0 0.207195 0.726063 0.077731 0.029124
4 0.337489 0.271724 0.116679 0.019908
0 0.207195 0.755790 0.077731 0.028299
0 0.619297 0.100397 0.051848 0.038357
12 0.498735 0.736726 0.100885 0.015228
4 0.496057 0.711748 0.130250 0.011945
4 0.496057 0.755730 0.130250 0.011945
0 0.290999 0.469051 0.041557 0.035565
4 0.457667 0.355814 0.072208 0.019908
0 0.541746 0.162135 0.047056 0.027951
1 0.735093 0.267005 0.113404 0.032487
4 0.313899 0.299754 0.069500 0.019908
0 0.495285 0.162135 0.045866 0.027951
0 0.627187 0.162135 0.036067 0.036390
4 0.553362 0.271724 0.067711 0.019908
0 0.209296 0.468211 0.081933 0.014594
1 0.733805 0.143147 0.110828 0.032487
0 0.319631 0.029442 0.040966 0.029442
0 0.804248 0.029442 0.034885 0.033503
4 0.550104 0.243694 0.061195 0.019908
2 0.287027 0.362405 0.033613 0.033090
1 0.408540 0.611263 0.168445 0.020305
0 0.769408 0.029442 0.030593 0.033503
14 0.199752 0.654918 0.023109 0.044670
0 0.623621 0.469051 0.029543 0.035565
4 0.447635 0.271724 0.052144 0.019908
4 0.447381 0.327784 0.051635 0.019908
4 0.446289 0.299754 0.049452 0.019908
0 0.581961 0.162135 0.033375 0.027951
0 0.427119 0.162135 0.032530 0.027951
4 0.444742 0.411873 0.046358 0.019908
0 0.457868 0.162135 0.028969 0.027951
4 0.300387 0.243694 0.042476 0.019908
4 0.300075 0.327784 0.041853 0.019908
0 0.795377 0.380219 0.022166 0.035565
0 0.795377 0.492084 0.022166 0.035565
0 0.795377 0.603950 0.022166 0.035565
0 0.519155 0.657471 0.043551 0.018274
4 0.437816 0.383844 0.032506 0.019908
4 0.321991 0.362397 0.032112 0.019908
0 0.541746 0.162135 0.036551 0.014055
0 0.477002 0.657471 0.030671 0.018274
4 0.435535 0.243694 0.027943 0.019908
9 0.435974 0.538977 0.015126 0.029239
0 0.450738 0.629451 0.027007 0.018274
0 0.475687 0.573411 0.026485 0.018274
0 0.491145 0.162135 0.027081 0.014055
14 0.561812 0.519180 0.013866 0.028629
14 0.552989 0.519188 0.013865 0.028629
0 0.448106 0.601431 0.021744 0.018274
0 0.526784 0.629451 0.021488 0.018274
0 0.534389 0.601431 0.020961 0.018274
0 0.447318 0.573411 0.020168 0.018274
13 0.531406 0.422287 0.008403 0.016244
0 0.522857 0.685492 0.019917 0.018274
0 0.518512 0.573411 0.019656 0.018274
0 0.427119 0.162135 0.022026 0.014055
0 0.446929 0.657471 0.019390 0.018274
13 0.540696 0.289293 0.008403 0.016244
13 0.537446 0.956742 0.008403 0.016244
0 0.492357 0.601431 0.017805 0.018274
13 0.537364 0.830441 0.008403 0.016244
13 0.543789 0.681583 0.008403 0.016244
0 0.457868 0.162135 0.018464 0.014055
13 0.330620 0.421352 0.012605 0.024365
13 0.330620 0.680647 0.012605 0.024365
13 0.330620 0.829505 0.012605 0.024365
0 0.499476 0.685492 0.016761 0.018274
0 0.461644 0.685492 0.016244 0.018274
13 0.551627 0.548588 0.008403 0.016244
1 0.207195 0.131472 0.086134 0.033503
1 0.207195 0.411675 0.086134 0.033503
5 0.273634 0.271716 0.006828 0.013198
5 0.273634 0.299746 0.006828 0.013198
6 0.416048 0.355806 0.006828 0.013198
0 0.471216 0.601431 0.014392 0.018274
1 0.207195 0.353807 0.086134 0.033503
6 0.416048 0.271716 0.006828 0.013198
0 0.578416 0.162135 0.015781 0.014055
1 0.207195 0.097970 0.086134 0.033503
1 0.207195 0.197462 0.086134 0.033503
1 0.207195 0.287817 0.086134 0.033503
0 0.540189 0.573411 0.013614 0.018274
6 0.416048 0.327776 0.006828 0.013198
6 0.513992 0.271716 0.006828 0.013198
0 0.504459 0.629451 0.013078 0.018274
5 0.273634 0.243687 0.006828 0.013198
0 0.512584 0.601431 0.012566 0.018274
6 0.513992 0.243687 0.006828 0.013198
0 0.475433 0.629451 0.012300 0.018274
6 0.416048 0.299746 0.006828 0.013198
6 0.416048 0.411865 0.006828 0.013198
5 0.273634 0.327776 0.006828 0.013198
0 0.480431 0.685492 0.011246 0.018274
0 0.442857 0.685492 0.011246 0.018274
6 0.416048 0.243687 0.006828 0.013198
0 0.498807 0.573411 0.009670 0.018274
12 0.475783 0.029442 0.009454 0.018274
6 0.416048 0.383836 0.006828 0.013198
0 0.509692 0.161199 0.006549 0.016244
0 0.489752 0.629451 0.006253 0.018274
0 0.555825 0.774494 0.005672 0.010964
14 0.552989 0.518274 0.005672 0.010964
12 0.443251 0.736726 0.005672 0.010964
14 0.561812 0.518266 0.005672 0.010964
0 0.509692 0.161199 0.003397 0.014213
2 0.732143 0.050761 0.197479 0.050761
2 0.823792 0.090355 0.023634 0.040609
2 0.197479 0.070051 0.144958 0.036548
2 0.537290 0.633503 0.113445 0.044670
2 0.720063 0.719797 0.396008 0.054822
3 0.555147 0.145178 0.105042 0.032487
3 0.312763 0.060406 0.083508 0.043655
3 0.073529 0.793909 0.105042 0.032487
4 0.728992 0.282234 0.049370 0.020305
5 0.633141 0.251269 0.006828 0.013198
5 0.612132 0.815228 0.055147 0.034518
5 0.609244 0.090355 0.031513 0.040609
5 0.885767 0.749746 0.006828 0.013198
6 0.610294 0.796954 0.010504 0.020305
6 0.756040 0.897970 0.006828 0.013198
6 0.765756 0.665990 0.010504 0.020305
6 0.754202 0.290355 0.010504 0.020305
7 0.214811 0.375635 0.423319 0.097462
7 0.431723 0.708629 0.327731 0.030457
7 0.234244 0.344162 0.327731 0.030457
7 0.348739 0.058883 0.327731 0.030457
10 0.279937 0.644670 0.010504 0.020305
12 0.664653 0.532487 0.020483 0.023350
12 0.044380 0.847208 0.007878 0.015228
13 0.644433 0.328934 0.021008 0.040609
13 0.702731 0.877157 0.014706 0.028426
13 0.647059 0.861929 0.008403 0.016244
13 0.536239 0.967513 0.004202 0.004061
14 0.438288 0.833503 0.027836 0.038579
14 0.688550 0.575635 0.073529 0.052792
