11 0.691439 0.435517 0.365546 0.493369
0 0.291849 0.609692 0.107758 0.056440
0 0.167435 0.609692 0.099051 0.056440
9 0.160579 0.095431 0.085338 0.048731
11 0.361148 0.183130 0.100840 0.038975
11 0.361148 0.222105 0.100840 0.038975
11 0.361148 0.261080 0.100840 0.038975
11 0.361148 0.300056 0.100840 0.038975
11 0.361148 0.339031 0.100840 0.038975
11 0.425527 0.183130 0.100840 0.038975
11 0.425527 0.222105 0.100840 0.038975
11 0.425527 0.261080 0.100840 0.038975
11 0.425527 0.300056 0.100840 0.038975
11 0.425527 0.339031 0.100840 0.038975
11 0.425527 0.378006 0.100840 0.038975
11 0.425527 0.416981 0.100840 0.038975
11 0.425527 0.455957 0.100840 0.038975
11 0.425527 0.494932 0.100840 0.038975
11 0.541639 0.183130 0.100840 0.038975
11 0.541639 0.222105 0.100840 0.038975
11 0.541639 0.261080 0.100840 0.038975
11 0.541639 0.300056 0.100840 0.038975
11 0.541639 0.339031 0.100840 0.038975
11 0.672827 0.183130 0.100840 0.038975
11 0.672827 0.222105 0.100840 0.038975
0 0.839918 0.095431 0.068589 0.042227
0 0.677242 0.025373 0.077895 0.036945
0 0.763167 0.095431 0.051298 0.042227
1 0.541639 0.339031 0.100840 0.038975
1 0.361148 0.300056 0.100840 0.038975
1 0.541639 0.261080 0.100840 0.038975
1 0.361148 0.183130 0.100840 0.038975
1 0.361148 0.222105 0.100840 0.038975
1 0.361148 0.261080 0.100840 0.038975
1 0.361148 0.339031 0.100840 0.038975
1 0.425527 0.222105 0.100840 0.038975
1 0.425527 0.261080 0.100840 0.038975
1 0.425527 0.300056 0.100840 0.038975
1 0.425527 0.339031 0.100840 0.038975
1 0.425527 0.378006 0.100840 0.038975
11 0.572668 0.095424 0.040655 0.022732
11 0.446921 0.095424 0.029773 0.022732
0 0.341493 0.095416 0.008403 0.016244
0 0.411026 0.095416 0.008403 0.016244
0 0.531332 0.095416 0.008403 0.016244
0 0.655241 0.095416 0.008403 0.016244
2 0.532563 0.634518 0.074580 0.036548
2 0.474790 0.216244 0.101891 0.026396
2 0.225315 0.377157 0.149160 0.021320
2 0.925945 0.864975 0.074580 0.036548
2 0.695641 0.323858 0.076155 0.036548
3 0.213498 0.669036 0.027836 0.012183
3 0.268382 0.669036 0.006303 0.020305
3 0.146008 0.719797 0.006303 0.020305
3 0.591387 0.792386 0.037815 0.047716
4 0.643908 0.890355 0.049370 0.020305
4 0.294905 0.829442 0.011029 0.018274
5 0.424107 0.869543 0.006828 0.013198
5 0.935137 0.237056 0.006828 0.013198
5 0.935137 0.984264 0.006828 0.013198
5 0.209296 0.568020 0.000525 0.001015
6 0.974790 0.969543 0.010504 0.020305
6 0.620798 0.980711 0.010504 0.020305
7 0.274685 0.368528 0.327731 0.030457
7 0.592437 0.227411 0.314076 0.113706
10 0.345851 0.209645 0.131828 0.254822
12 0.741334 0.717259 0.011029 0.021320
12 0.361870 0.212183 0.018908 0.036548
12 0.589286 0.820305 0.032563 0.058883
13 0.366859 0.758376 0.007878 0.016244
13 0.542279 0.205076 0.045693 0.040609
13 0.990021 0.370558 0.014706 0.028426
13 0.426996 0.189848 0.017857 0.032487
13 0.629202 0.197970 0.021008 0.040609
14 0.446429 0.636548 0.025210 0.048731
14 0.244223 0.914721 0.012605 0.024365
14 0.756565 0.248731 0.019433 0.036548
14 0.381828 0.574619 0.025210 0.048731
14 0.666492 0.836548 0.025210 0.048731
