0 0.824424 0.138579 0.065963 0.032487
1 0.194012 0.590355 0.118591 0.038579
9 0.161071 0.028426 0.052710 0.024365
11 0.463133 0.027665 0.042025 0.022843
11 0.529773 0.027665 0.040835 0.022843
0 0.824424 0.138579 0.056509 0.014213
0 0.830201 0.138848 0.044955 0.009137
2 0.554097 0.255838 0.173319 0.036548
2 0.325630 0.289848 0.294118 0.027411
2 0.804097 0.563452 0.073529 0.046701
2 0.845851 0.601015 0.157038 0.048731
2 0.786239 0.564975 0.116597 0.027411
2 0.674107 0.952284 0.076155 0.036548
2 0.667805 0.360406 0.076155 0.036548
3 0.539391 0.179695 0.105042 0.032487
3 0.920168 0.629442 0.057773 0.024365
3 0.625525 0.702538 0.105042 0.032487
4 0.666492 0.234518 0.113445 0.022335
5 0.506040 0.449239 0.046744 0.015228
5 0.188288 0.641117 0.006828 0.013198
5 0.903099 0.831980 0.006828 0.013198
6 0.481880 0.295939 0.006828 0.013198
7 0.469538 0.351269 0.260504 0.162437
7 0.800420 0.238579 0.297269 0.032487
7 0.233193 0.251777 0.423319 0.097462
7 0.648109 0.355330 0.423319 0.097462
7 0.534139 0.884264 0.260504 0.162437
10 0.588235 0.507107 0.025210 0.047716
10 0.124212 0.933503 0.053046 0.049746
10 0.647321 0.144670 0.044643 0.049746
10 0.883141 0.746701 0.053046 0.049746
10 0.146008 0.955330 0.019958 0.038579
14 0.069328 0.260914 0.023109 0.044670
14 0.831933 0.747208 0.078782 0.038579
14 0.586134 0.914721 0.025210 0.048731
