9 0.496061 0.442798 0.992122 0.599302
0 0.145832 0.512024 0.089458 0.040609
0 0.748872 0.114467 0.059784 0.054315
0 0.873195 0.038071 0.085018 0.034518
13 0.889144 0.113706 0.054170 0.048731
11 0.176512 0.111168 0.055229 0.049746
0 0.792870 0.038071 0.063025 0.034518
11 0.296932 0.111168 0.041410 0.049746
12 0.800236 0.112183 0.040843 0.045685
11 0.406882 0.111168 0.037864 0.049746
9 0.088498 0.038071 0.025210 0.048731
11 0.337439 0.111168 0.035862 0.049746
11 0.256594 0.111168 0.035526 0.049746
0 0.495798 0.142640 0.991597 0.001015
11 0.221479 0.111168 0.030963 0.049746
11 0.371660 0.111168 0.028837 0.049746
1 0.111870 0.114721 0.071954 0.054822
10 0.847985 0.112183 0.023946 0.047716
9 0.109506 0.112183 0.056723 0.023350
0 0.474002 0.776650 0.023109 0.044670
0 0.541229 0.776650 0.023109 0.044670
0 0.450893 0.776650 0.023109 0.044670
9 0.362896 0.892386 0.021008 0.040609
9 0.460207 0.892386 0.021008 0.040609
9 0.536043 0.892386 0.021008 0.040609
9 0.635988 0.892386 0.021008 0.040609
1 0.362896 0.932995 0.102990 0.024365
1 0.176512 0.111675 0.051027 0.048731
1 0.635988 0.932995 0.089450 0.024365
1 0.296932 0.111675 0.037208 0.048731
1 0.406882 0.111675 0.033663 0.048731
1 0.536043 0.932995 0.060022 0.024365
1 0.337439 0.111675 0.031660 0.048731
1 0.256594 0.111675 0.031324 0.048731
1 0.221479 0.111675 0.026761 0.048731
1 0.371660 0.111675 0.024636 0.048731
1 0.460211 0.932995 0.041221 0.024365
2 0.387605 0.757868 0.130252 0.019289
2 0.636555 0.042640 0.074580 0.036548
2 0.802521 0.149746 0.149160 0.021320
2 0.342962 0.381726 0.105042 0.046701
3 0.918592 0.730964 0.057773 0.024365
3 0.389181 0.613706 0.006303 0.013198
3 0.599790 0.388325 0.037815 0.047716
3 0.172794 0.413198 0.105042 0.032487
4 0.096113 0.149239 0.113445 0.026396
4 0.184611 0.119797 0.142332 0.020305
4 0.627101 0.702538 0.017857 0.018274
4 0.199842 0.344162 0.162290 0.024365
4 0.601103 0.621827 0.047794 0.035533
5 0.943803 0.110660 0.077731 0.032487
5 0.186712 0.843147 0.006828 0.013198
5 0.470588 0.577665 0.016807 0.032487
5 0.950368 0.426904 0.006828 0.013198
6 0.819853 0.740102 0.010504 0.020305
7 0.463761 0.818274 0.314076 0.113706
7 0.816176 0.848731 0.327731 0.030457
7 0.517857 0.920305 0.747899 0.001015
7 0.656513 0.313706 0.423319 0.097462
10 0.524685 0.590863 0.019958 0.026396
13 0.479779 0.840609 0.039391 0.036548
13 0.971901 0.968528 0.054097 0.048731
14 0.556197 0.707614 0.007353 0.014213
14 0.475840 0.153807 0.046218 0.045685
