10 0.650678 0.783836 0.089795 0.173572
10 0.496061 0.118782 0.100036 0.101523
10 0.718528 0.587627 0.065848 0.127284
10 0.678522 0.298985 0.065651 0.126904
10 0.635718 0.543433 0.064059 0.123826
10 0.649681 0.878006 0.052086 0.100682
0 0.556288 0.210152 0.085018 0.040609
0 0.235233 0.679013 0.077083 0.043496
10 0.716534 0.795241 0.041902 0.080996
10 0.751461 0.747192 0.036125 0.069829
0 0.404633 0.210152 0.057576 0.040609
0 0.256598 0.210152 0.055787 0.040609
0 0.706211 0.208122 0.051011 0.036548
0 0.330168 0.210152 0.043084 0.040609
0 0.639751 0.210152 0.033638 0.040609
0 0.473600 0.210152 0.032087 0.040609
10 0.725258 0.331282 0.023634 0.045685
0 0.759634 0.210152 0.007566 0.040609
1 0.263655 0.989713 0.133929 0.020574
1 0.418592 0.989713 0.133929 0.020574
1 0.573529 0.989713 0.133929 0.020574
18 0.759634 0.209343 0.010215 0.019745
1 0.728466 0.989713 0.133929 0.020574
1 0.453740 0.477364 0.026736 0.089340
1 0.496061 0.116561 0.100036 0.024365
1 0.569960 0.899239 0.017381 0.057868
1 0.556883 0.023858 0.038086 0.019289
