9 0.636555 0.247208 0.256303 0.279188
1 0.312693 0.625777 0.128537 0.044670
1 0.367216 0.031980 0.122152 0.043655
1 0.114471 0.031980 0.114447 0.043655
1 0.238917 0.031980 0.113437 0.043655
1 0.563604 0.719242 0.084140 0.021320
1 0.562414 0.620590 0.081760 0.021320
1 0.560908 0.686358 0.078749 0.021320
1 0.560834 0.653474 0.078601 0.021320
1 0.282641 0.707900 0.068433 0.021320
1 0.370277 0.917092 0.059160 0.015911
1 0.208078 0.917100 0.046407 0.024365
1 0.024685 0.029442 0.033613 0.032487
2 0.535714 0.945685 0.130252 0.019289
2 0.521008 0.835533 0.367647 0.040609
3 0.896008 0.964975 0.085084 0.059898
3 0.699842 0.392386 0.183298 0.043655
4 0.963498 0.071066 0.051996 0.020305
4 0.034926 0.181218 0.047794 0.035533
4 0.579307 0.800000 0.260504 0.022335
4 0.930147 0.740102 0.113445 0.026396
4 0.118172 0.105584 0.128151 0.048731
4 0.400210 0.127919 0.113445 0.026396
5 0.374737 0.246701 0.024685 0.048731
5 0.936450 0.763452 0.016807 0.032487
6 0.201681 0.952284 0.010504 0.020305
6 0.950105 0.370558 0.010504 0.020305
6 0.863445 0.690355 0.010504 0.020305
7 0.780987 0.285279 0.297269 0.032487
7 0.637080 0.673096 0.327731 0.030457
7 0.576681 0.081218 0.423319 0.097462
7 0.634979 0.308629 0.327731 0.030457
10 0.056723 0.880203 0.019958 0.026396
12 0.533613 0.121320 0.008403 0.035533
13 0.842174 0.478173 0.039391 0.036548
13 0.782563 0.213706 0.050420 0.031472
13 0.918592 0.154315 0.021008 0.040609
13 0.508929 0.638579 0.021008 0.040609
14 0.598214 0.062944 0.012605 0.024365
14 0.388130 0.751269 0.015756 0.030457
14 0.807248 0.631980 0.016807 0.037563
14 0.737395 0.404061 0.025210 0.048731
