0 0.239758 0.617259 0.277311 0.071066
0 0.916229 0.909645 0.117122 0.113706
9 0.154937 0.944670 0.089811 0.110660
9 0.352416 0.944670 0.089811 0.110660
14 0.549895 0.944670 0.089811 0.110660
13 0.747374 0.944670 0.089811 0.110660
1 0.168330 0.617259 0.134454 0.071066
1 0.311187 0.617259 0.134454 0.071066
0 0.916229 0.942132 0.117122 0.048731
0 0.916229 0.877157 0.117122 0.048731
0 0.960609 0.939086 0.029412 0.056853
0 0.873162 0.024365 0.027311 0.048731
0 0.482167 0.880203 0.062877 0.018274
0 0.806985 0.567259 0.014706 0.023858
0 0.823792 0.567259 0.014706 0.023858
0 0.840599 0.567259 0.014706 0.023858
0 0.857405 0.567259 0.014706 0.023858
14 0.639181 0.067513 0.006828 0.013198
14 0.984244 0.834518 0.006303 0.012183
1 0.405204 0.916751 0.060654 0.018274
1 0.730087 0.898477 0.015108 0.018274
2 0.265494 0.411675 0.236870 0.047716
3 0.157563 0.913198 0.065126 0.031472
3 0.616334 0.313198 0.115021 0.021320
3 0.808036 0.691878 0.115021 0.021320
4 0.099790 0.497970 0.088235 0.043655
4 0.113708 0.223350 0.175945 0.024365
4 0.304097 0.688325 0.113445 0.026396
4 0.713761 0.563452 0.113445 0.026396
4 0.190914 0.108122 0.094013 0.023350
5 0.326943 0.493909 0.024685 0.047716
5 0.600578 0.713198 0.006828 0.013198
5 0.907826 0.990355 0.006828 0.013198
5 0.174370 0.821320 0.039916 0.034518
6 0.264443 0.206599 0.006828 0.013198
10 0.521008 0.695939 0.086134 0.051777
10 0.808561 0.939594 0.044643 0.049746
10 0.233456 0.813198 0.131828 0.184772
12 0.315914 0.609645 0.571954 0.039594
13 0.758403 0.745178 0.014706 0.028426
13 0.313288 0.350761 0.046744 0.043655
14 0.075105 0.757360 0.012605 0.024365
14 0.432773 0.522843 0.016807 0.032487
14 0.442752 0.820305 0.025210 0.048731
14 0.788603 0.469543 0.007878 0.015228
14 0.017595 0.421320 0.009979 0.022335
14 0.222164 0.442640 0.021008 0.040609
14 0.690126 0.251777 0.025210 0.048731
14 0.733193 0.165482 0.023109 0.040609
