12 0.446088 0.160406 0.530306 0.052792
0 0.859244 0.853807 0.248950 0.081218
9 0.711742 0.958368 0.198874 0.083265
9 0.496057 0.958368 0.198882 0.083265
9 0.280372 0.958368 0.198874 0.083265
2 0.454491 0.160406 0.512449 0.024365
0 0.232746 0.600000 0.103622 0.044670
0 0.810883 0.087310 0.084641 0.044670
0 0.765678 0.156345 0.075261 0.044670
0 0.211442 0.087310 0.062065 0.036548
14 0.970063 0.853807 0.027311 0.081218
9 0.966912 0.943147 0.033613 0.064975
0 0.965861 0.941117 0.031513 0.060914
0 0.650058 0.087310 0.051758 0.036548
0 0.799058 0.028426 0.056821 0.032487
0 0.401306 0.087310 0.049821 0.036548
0 0.312676 0.087310 0.048049 0.036548
0 0.570768 0.028426 0.053596 0.032487
0 0.265563 0.087310 0.046177 0.036548
0 0.743406 0.028426 0.046079 0.032487
0 0.356548 0.087310 0.039694 0.036548
14 0.854779 0.131980 0.023109 0.044670
0 0.980567 0.500000 0.018908 0.036548
13 0.846376 0.024365 0.016807 0.032487
1 0.722250 0.087310 0.075819 0.036548
13 0.846376 0.024365 0.010504 0.022335
1 0.682945 0.028426 0.066439 0.032487
1 0.623646 0.028426 0.043757 0.032487
1 0.153361 0.098620 0.028887 0.016244
2 0.238708 0.616244 0.076155 0.036548
3 0.845326 0.010660 0.106618 0.021320
3 0.503151 0.642640 0.105042 0.032487
3 0.465336 0.598985 0.006303 0.020305
3 0.717962 0.066497 0.065126 0.031472
5 0.745011 0.316244 0.006828 0.013198
5 0.386292 0.929442 0.000525 0.001015
6 0.169643 0.550254 0.010504 0.020305
6 0.658613 0.842640 0.010504 0.020305
6 0.589286 0.455838 0.010504 0.020305
7 0.179622 0.407107 0.327731 0.030457
7 0.201681 0.837563 0.260504 0.162437
7 0.263655 0.451777 0.423319 0.097462
7 0.568277 0.485279 0.423319 0.097462
10 0.504202 0.262944 0.019958 0.026396
10 0.262080 0.491371 0.022059 0.042640
10 0.823004 0.302538 0.019958 0.038579
10 0.413866 0.489848 0.029412 0.057868
10 0.081933 0.117259 0.071429 0.063959
10 0.439601 0.353807 0.021008 0.047716
13 0.160452 0.472081 0.012080 0.022335
13 0.465599 0.112183 0.040441 0.031472
13 0.243697 0.442640 0.008403 0.016244
14 0.720063 0.593401 0.012605 0.023350
