9 0.496061 0.392893 0.992122 0.507614
2 0.809086 0.094416 0.113445 0.044670
1 0.190963 0.405076 0.129300 0.046701
11 0.825519 0.019036 0.080579 0.038071
0 0.825519 0.019036 0.080579 0.038071
0 0.496935 0.018782 0.077345 0.037563
0 0.479258 0.094416 0.073406 0.039086
0 0.266638 0.094416 0.070764 0.039086
0 0.636235 0.018782 0.072643 0.037563
0 0.338527 0.094416 0.068811 0.039086
0 0.407744 0.094416 0.065421 0.039086
0 0.550420 0.094416 0.064716 0.039086
0 0.567760 0.018782 0.063255 0.037563
0 0.754021 0.018782 0.057166 0.037563
11 0.698997 0.018782 0.051832 0.033503
0 0.698997 0.018782 0.051832 0.033503
12 0.768120 0.094416 0.010504 0.020305
1 0.196642 0.094416 0.065028 0.028426
1 0.263553 0.673096 0.053169 0.024365
1 0.150210 0.216244 0.047794 0.024365
1 0.389632 0.673096 0.045119 0.024365
1 0.328605 0.673096 0.043322 0.024365
1 0.146542 0.673096 0.040458 0.024365
1 0.201869 0.673096 0.036584 0.024365
1 0.136817 0.094416 0.021008 0.040609
2 0.837973 0.056853 0.076155 0.036548
3 0.655462 0.676142 0.057773 0.024365
3 0.523897 0.923350 0.106618 0.021320
3 0.536765 0.657868 0.105042 0.032487
4 0.600840 0.571574 0.241597 0.026396
5 0.065651 0.923858 0.016807 0.032487
5 0.957458 0.163452 0.016807 0.032487
5 0.261817 0.687817 0.024685 0.047716
6 0.330357 0.845685 0.010504 0.020305
6 0.841912 0.661929 0.010504 0.020305
6 0.292017 0.380711 0.010504 0.020305
7 0.488445 0.532487 0.747899 0.001015
7 0.477416 0.288325 0.327731 0.030457
10 0.448004 0.501523 0.010504 0.020305
10 0.704307 0.878173 0.173319 0.073096
12 0.326681 0.047716 0.023109 0.044670
12 0.367647 0.874112 0.237395 0.044670
13 0.598214 0.776650 0.286765 0.044670
13 0.943540 0.463959 0.045693 0.040609
13 0.352416 0.855838 0.064076 0.020305
14 0.050420 0.090863 0.054622 0.045685
