1 0.496061 0.461104 0.992122 0.719162
1 0.114196 0.154227 0.144343 0.308455
1 0.266942 0.154227 0.144343 0.308455
1 0.419688 0.154227 0.144343 0.308455
1 0.572434 0.154227 0.144343 0.308455
1 0.725180 0.154227 0.144343 0.308455
1 0.877926 0.154227 0.144343 0.308455
1 0.114196 0.495170 0.144343 0.308455
1 0.266942 0.495170 0.144343 0.308455
1 0.419688 0.495170 0.144343 0.308455
1 0.572434 0.495170 0.144343 0.308455
1 0.725180 0.495170 0.144343 0.308455
9 0.725180 0.139507 0.144343 0.279013
9 0.877926 0.480449 0.144343 0.279013
9 0.877926 0.139507 0.144343 0.279013
9 0.266942 0.480449 0.144343 0.279013
9 0.572434 0.139507 0.144343 0.279013
9 0.419688 0.139507 0.144343 0.279013
9 0.725180 0.480449 0.144343 0.279013
9 0.266942 0.139507 0.144343 0.279013
9 0.114196 0.480449 0.144343 0.279013
9 0.114196 0.139507 0.144343 0.279013
9 0.419688 0.480449 0.144343 0.279013
9 0.572434 0.480449 0.144343 0.279013
0 0.286670 0.555346 0.276597 0.052792
0 0.731092 0.935533 0.213761 0.063959
9 0.296186 0.912199 0.093635 0.101808
9 0.196244 0.912199 0.093643 0.101808
9 0.695944 0.912199 0.093635 0.101808
9 0.795882 0.912199 0.093635 0.101808
9 0.596007 0.912199 0.093635 0.101808
9 0.396127 0.912199 0.093643 0.101808
9 0.496069 0.912199 0.093635 0.101808
0 0.196244 0.912199 0.093643 0.101808
0 0.396127 0.912199 0.093643 0.101808
0 0.296186 0.912199 0.093635 0.101808
0 0.496069 0.912199 0.093635 0.101808
0 0.596007 0.912199 0.093635 0.101808
0 0.695944 0.912199 0.093635 0.101808
0 0.795882 0.912199 0.093635 0.101808
0 0.284557 0.069036 0.059529 0.064975
0 0.182166 0.555346 0.067588 0.052792
0 0.657038 0.935533 0.065651 0.042640
0 0.456305 0.069036 0.044881 0.064975
12 0.945206 0.069036 0.072824 0.038579
0 0.731092 0.935533 0.065651 0.042640
0 0.805147 0.935533 0.065651 0.042640
0 0.217072 0.069036 0.041828 0.064975
0 0.069738 0.069036 0.040737 0.064975
9 0.170956 0.930457 0.033613 0.064975
0 0.348674 0.069036 0.035091 0.064975
0 0.400042 0.069036 0.034032 0.064975
0 0.165367 0.069036 0.027967 0.064975
0 0.120745 0.069036 0.027664 0.064975
0 0.879382 0.069036 0.042017 0.024365
0 0.050995 0.001015 0.091485 0.002030
2 0.613708 0.893401 0.023634 0.040609
2 0.624737 0.813198 0.023634 0.040609
3 0.389181 0.647716 0.057773 0.024365
3 0.425945 0.372589 0.006303 0.020305
3 0.394170 0.451269 0.183298 0.043655
3 0.710084 0.461929 0.006303 0.020305
4 0.323004 0.322843 0.113445 0.026396
4 0.411765 0.795939 0.113445 0.026396
4 0.331670 0.916751 0.100315 0.016244
5 0.975315 0.971574 0.012605 0.024365
5 0.317489 0.781218 0.006828 0.013198
7 0.433298 0.319289 0.747899 0.001015
10 0.772584 0.280203 0.019958 0.026396
10 0.246061 0.664975 0.335609 0.507614
10 0.350578 0.660406 0.044643 0.049746
10 0.140231 0.424365 0.019958 0.026396
10 0.634716 0.651269 0.044643 0.049746
12 0.578256 0.265990 0.523109 0.024365
12 0.902836 0.645178 0.185924 0.027411
13 0.273634 0.891371 0.026261 0.050761
13 0.766807 0.906599 0.015756 0.030457
13 0.298057 0.302030 0.040441 0.031472
13 0.700893 0.483249 0.158088 0.030457
14 0.313288 0.248731 0.014181 0.028426
14 0.628676 0.936041 0.021008 0.040609
14 0.296218 0.923858 0.012605 0.024365
14 0.457195 0.293401 0.033088 0.038579
14 0.037553 0.561929 0.038340 0.031472
