14 0.498030 0.500000 0.996061 1.000000
0 0.496061 0.499492 0.992122 0.998985
11 0.317489 0.228339 0.063025 0.186628
11 0.388918 0.228339 0.063025 0.186628
11 0.460347 0.228339 0.063025 0.186628
11 0.531775 0.228339 0.063025 0.186628
11 0.603204 0.228339 0.063025 0.186628
11 0.674632 0.228339 0.063025 0.186628
11 0.166229 0.219289 0.063025 0.168528
11 0.237658 0.219289 0.063025 0.168528
11 0.309086 0.219289 0.063025 0.168528
11 0.380515 0.219289 0.063025 0.168528
11 0.451943 0.219289 0.063025 0.168528
11 0.523372 0.219289 0.063025 0.168528
11 0.594800 0.219289 0.063025 0.168528
11 0.166229 0.404061 0.063025 0.168528
11 0.237658 0.404061 0.063025 0.168528
11 0.309086 0.404061 0.063025 0.168528
11 0.380515 0.404061 0.063025 0.168528
11 0.451943 0.404061 0.063025 0.168528
11 0.523372 0.404061 0.063025 0.168528
11 0.594800 0.404061 0.063025 0.168528
11 0.317489 0.422161 0.063025 0.168528
11 0.388918 0.422161 0.063025 0.168528
11 0.460347 0.422161 0.063025 0.168528
11 0.531775 0.422161 0.063025 0.168528
11 0.683036 0.218893 0.063025 0.167735
11 0.754464 0.218893 0.063025 0.167735
11 0.825893 0.218893 0.063025 0.167735
11 0.683036 0.393425 0.063025 0.148842
11 0.754464 0.393425 0.063025 0.148842
11 0.791754 0.190070 0.113445 0.060121
11 0.773634 0.180203 0.167542 0.035533
11 0.773634 0.215736 0.167542 0.035533
11 0.773634 0.251269 0.167542 0.035533
11 0.773634 0.286802 0.167542 0.035533
11 0.773634 0.322335 0.167542 0.035533
11 0.773634 0.357868 0.167542 0.035533
11 0.773634 0.393401 0.167542 0.035533
11 0.773634 0.428934 0.167542 0.035533
11 0.773634 0.464467 0.167542 0.035533
11 0.773634 0.500000 0.167542 0.035533
11 0.791754 0.373564 0.113445 0.041228
11 0.791754 0.291109 0.113445 0.041228
11 0.791754 0.332337 0.113445 0.041228
11 0.791754 0.249881 0.113445 0.041228
11 0.791754 0.139396 0.113445 0.041228
11 0.428026 0.072081 0.096105 0.046701
11 0.201943 0.408701 0.134454 0.031076
11 0.365809 0.533003 0.134454 0.031076
11 0.365809 0.501927 0.134454 0.031076
11 0.201943 0.377625 0.134454 0.031076
11 0.201943 0.470852 0.134454 0.031076
11 0.201943 0.177578 0.134454 0.031076
11 0.201943 0.208653 0.134454 0.031076
11 0.201943 0.239729 0.134454 0.031076
11 0.201943 0.270804 0.134454 0.031076
11 0.201943 0.439776 0.134454 0.031076
11 0.365809 0.177578 0.134454 0.031076
11 0.365809 0.208653 0.134454 0.031076
11 0.365809 0.239729 0.134454 0.031076
11 0.365809 0.270804 0.134454 0.031076
11 0.365809 0.301880 0.134454 0.031076
11 0.365809 0.332955 0.134454 0.031076
11 0.365809 0.364031 0.134454 0.031076
11 0.365809 0.470852 0.134454 0.031076
11 0.365809 0.564078 0.134454 0.031076
11 0.556021 0.072081 0.056386 0.046701
11 0.352982 0.072081 0.053982 0.046701
11 0.501953 0.072081 0.051750 0.046701
11 0.837041 0.025381 0.059636 0.030457
11 0.305619 0.072081 0.040745 0.046701
11 0.266126 0.072081 0.038242 0.046701
11 0.231302 0.072081 0.031406 0.046701
11 0.335498 0.144472 0.073833 0.018893
11 0.335470 0.437746 0.073776 0.018893
0 0.962710 0.951269 0.025210 0.048731
11 0.787754 0.025381 0.036839 0.030457
13 0.854779 0.070051 0.022059 0.042640
12 0.808561 0.070051 0.022059 0.042640
10 0.831670 0.070051 0.022059 0.042640
11 0.159931 0.144472 0.050428 0.018893
14 0.159664 0.819829 0.016807 0.032487
11 0.150071 0.344519 0.030708 0.018893
1 0.162553 0.070051 0.072479 0.043655
11 0.243853 0.072081 0.006303 0.046701
11 0.282095 0.072081 0.006303 0.046701
11 0.322840 0.072081 0.006303 0.046701
11 0.376822 0.072081 0.006303 0.046701
11 0.472927 0.072081 0.006303 0.046701
11 0.524677 0.072081 0.006303 0.046701
11 0.581063 0.072081 0.006303 0.046701
1 0.137946 0.929949 0.051840 0.042640
1 0.167985 0.645067 0.037126 0.040609
1 0.218553 0.645067 0.037749 0.040609
1 0.103827 0.883296 0.052603 0.016244
2 0.493172 0.118274 0.107143 0.029442
2 0.603729 0.464975 0.076155 0.036548
3 0.668330 0.356853 0.106618 0.021320
3 0.519433 0.168528 0.006303 0.020305
4 0.871324 0.807107 0.113445 0.026396
4 0.753676 0.969036 0.106092 0.035533
4 0.844538 0.680203 0.113445 0.026396
5 0.856092 0.318782 0.053571 0.034518
5 0.952206 0.895431 0.077731 0.032487
5 0.007090 0.322335 0.000525 0.001015
6 0.269695 0.832995 0.006828 0.013198
6 0.333771 0.516244 0.006828 0.013198
6 0.280200 0.131472 0.006828 0.013198
10 0.790704 0.194416 0.053046 0.049746
12 0.352941 0.254822 0.022059 0.042640
12 0.127363 0.709645 0.099265 0.054822
13 0.210609 0.502538 0.004202 0.004061
13 0.719013 0.659898 0.017857 0.034518
14 0.368172 0.906091 0.057773 0.045685
14 0.439601 0.109645 0.009454 0.018274
14 0.019958 0.065990 0.012605 0.024365
14 0.541492 0.523858 0.015756 0.030457
14 0.568540 0.223350 0.070903 0.038579
