12 0.479254 0.422335 0.478992 0.064975
1 0.578519 0.709835 0.152311 0.077157
1 0.413603 0.709835 0.152311 0.077157
1 0.743435 0.709835 0.152311 0.077157
1 0.248687 0.709835 0.152311 0.077157
11 0.753627 0.040609 0.072052 0.081218
1 0.551023 0.959581 0.097336 0.080838
1 0.441082 0.959581 0.097336 0.080838
1 0.331141 0.959581 0.097336 0.080838
1 0.660965 0.959581 0.097336 0.080838
1 0.770906 0.959581 0.097336 0.080838
1 0.221200 0.959581 0.097336 0.080838
9 0.441082 0.970241 0.075277 0.059518
9 0.551023 0.970241 0.075277 0.059518
9 0.331141 0.970241 0.075277 0.059518
9 0.660965 0.970241 0.075277 0.059518
9 0.770906 0.970241 0.075277 0.059518
9 0.221200 0.970241 0.075277 0.059518
11 0.640403 0.040609 0.054884 0.081218
11 0.692723 0.040609 0.049755 0.081218
11 0.589146 0.040609 0.047630 0.081218
13 0.811187 0.040609 0.042017 0.081218
11 0.180935 0.040609 0.042017 0.081218
1 0.243172 0.040609 0.074055 0.081218
0 0.735557 0.422335 0.033613 0.064975
0 0.197487 0.870431 0.049911 0.046701
0 0.244420 0.870431 0.043954 0.046701
0 0.318269 0.870431 0.040540 0.046701
0 0.282198 0.870431 0.031603 0.046701
2 0.254464 0.878173 0.157038 0.048731
3 0.299370 0.248223 0.111345 0.025381
3 0.240546 0.327919 0.105042 0.032487
3 0.100315 0.396447 0.006303 0.013198
3 0.951681 0.781218 0.065126 0.031472
3 0.458246 0.081726 0.115021 0.021320
3 0.643908 0.376650 0.105042 0.032487
3 0.676996 0.777665 0.006303 0.020305
4 0.297006 0.576142 0.047794 0.035533
4 0.289391 0.623858 0.047269 0.035533
4 0.512342 0.840609 0.094013 0.024365
5 0.433824 0.044670 0.031513 0.040609
5 0.507878 0.958376 0.012605 0.024365
5 0.222952 0.312183 0.000525 0.001015
6 0.318803 0.835533 0.010504 0.020305
6 0.418592 0.889340 0.010504 0.020305
7 0.636555 0.818274 0.260504 0.162437
7 0.422269 0.420305 0.297269 0.032487
10 0.225315 0.787310 0.071429 0.063959
10 0.143382 0.382234 0.024160 0.047716
10 0.808824 0.670051 0.019958 0.026396
12 0.638918 0.390863 0.046744 0.040609
12 0.596113 0.306091 0.021008 0.023350
12 0.711397 0.105584 0.024685 0.040609
13 0.684874 0.525888 0.021008 0.040609
13 0.295168 0.783756 0.014706 0.028426
13 0.663340 0.134010 0.015756 0.030457
13 0.482405 0.086294 0.051996 0.040609
13 0.495011 0.021320 0.039391 0.036548
13 0.394695 0.037563 0.065651 0.048731
13 0.181197 0.948223 0.015756 0.030457
14 0.201155 0.102030 0.046218 0.045685
14 0.571166 0.706091 0.038340 0.031472
14 0.107143 0.432487 0.012605 0.024365
14 0.611870 0.582234 0.009454 0.017259
