11 0.691439 0.435517 0.365546 0.493369
0 0.291849 0.609692 0.107758 0.056440
0 0.167435 0.609692 0.099051 0.056440
9 0.160579 0.095431 0.085338 0.048731
11 0.361148 0.183130 0.100840 0.038975
11 0.361148 0.222105 0.100840 0.038975
11 0.361148 0.261080 0.100840 0.038975
11 0.361148 0.300056 0.100840 0.038975
11 0.361148 0.339031 0.100840 0.038975
11 0.425527 0.183130 0.100840 0.038975
11 0.425527 0.222105 0.100840 0.038975
11 0.425527 0.261080 0.100840 0.038975
11 0.425527 0.300056 0.100840 0.038975
11 0.425527 0.339031 0.100840 0.038975
11 0.425527 0.378006 0.100840 0.038975
11 0.425527 0.416981 0.100840 0.038975
11 0.425527 0.455957 0.100840 0.038975
11 0.425527 0.494932 0.100840 0.038975
11 0.541639 0.183130 0.100840 0.038975
11 0.541639 0.222105 0.100840 0.038975
11 0.541639 0.261080 0.100840 0.038975
11 0.541639 0.300056 0.100840 0.038975
11 0.541639 0.339031 0.100840 0.038975
11 0.672827 0.183130 0.100840 0.038975
11 0.672827 0.222105 0.100840 0.038975
0 0.839918 0.095431 0.068589 0.042227
0 0.677242 0.025373 0.077895 0.036945
0 0.763167 0.095431 0.051298 0.042227
1 0.541639 0.339031 0.100840 0.038975
1 0.361148 0.300056 0.100840 0.038975
1 0.541639 0.261080 0.100840 0.038975
1 0.361148 0.183130 0.100840 0.038975
1 0.361148 0.222105 0.100840 0.038975
1 0.361148 0.261080 0.100840 0.038975
1 0.361148 0.339031 0.100840 0.038975
1 0.425527 0.222105 0.100840 0.038975
1 0.425527 0.261080 0.100840 0.038975
1 0.425527 0.300056 0.100840 0.038975
1 0.425527 0.339031 0.100840 0.038975
1 0.425527 0.378006 0.100840 0.038975
11 0.572668 0.095424 0.040655 0.022732
11 0.446921 0.095424 0.029773 0.022732
0 0.341493 0.095416 0.008403 0.016244
0 0.411026 0.095416 0.008403 0.016244
0 0.531332 0.095416 0.008403 0.016244
0 0.655241 0.095416 0.008403 0.016244
2 0.764443 0.930457 0.054097 0.021320
2 0.565651 0.549239 0.130252 0.020305
2 0.640231 0.551269 0.197479 0.050761
2 0.664391 0.478173 0.105042 0.046701
2 0.459559 0.728934 0.168067 0.036548
3 0.229517 0.726396 0.006303 0.013198
3 0.824580 0.762437 0.057773 0.024365
3 0.771796 0.918782 0.027836 0.012183
4 0.400473 0.693909 0.000525 0.001015
4 0.581670 0.379695 0.057248 0.018274
4 0.231618 0.257360 0.066176 0.023350
4 0.705095 0.567513 0.039391 0.024365
5 0.430147 0.972589 0.012605 0.024365
5 0.068540 0.836041 0.006828 0.013198
6 0.905987 0.968528 0.010504 0.020305
6 0.812500 0.831472 0.010504 0.020305
6 0.880252 0.809137 0.010504 0.020305
7 0.191702 0.225381 0.297269 0.032487
7 0.167017 0.304569 0.297269 0.032487
7 0.488445 0.259898 0.327731 0.030457
7 0.628676 0.718782 0.423319 0.097462
7 0.244748 0.903553 0.314076 0.113706
7 0.779412 0.903553 0.327731 0.030457
10 0.900210 0.615228 0.092437 0.038579
10 0.354517 0.126904 0.019958 0.026396
12 0.587710 0.082741 0.185924 0.027411
13 0.393382 0.889340 0.040966 0.042640
13 0.944853 0.182741 0.014706 0.028426
13 0.245798 0.924873 0.039916 0.038579
13 0.867910 0.613198 0.170693 0.040609
13 0.185662 0.043655 0.170693 0.040609
13 0.845063 0.168528 0.014706 0.028426
14 0.705095 0.619289 0.027836 0.038579
