1 0.496061 0.215054 0.992122 0.147145
9 0.496061 0.917632 0.855978 0.164737
9 0.807195 0.914102 0.233710 0.171796
1 0.225734 0.151356 0.214105 0.076380
1 0.225734 0.369202 0.214105 0.076380
0 0.496061 0.722121 0.163193 0.082027
0 0.841555 0.901904 0.234235 0.055552
0 0.852876 0.073564 0.158105 0.079235
11 0.374421 0.073556 0.156242 0.079220
1 0.225734 0.224913 0.214105 0.070733
1 0.225734 0.295646 0.214105 0.070733
1 0.225734 0.442759 0.214105 0.070733
1 0.225734 0.513491 0.214105 0.070733
1 0.225734 0.584224 0.214105 0.070733
1 0.225734 0.654957 0.214105 0.070733
0 0.863577 0.215046 0.140001 0.069940
1 0.374421 0.073556 0.156242 0.079220
11 0.225738 0.073556 0.111862 0.079220
1 0.515699 0.219266 0.155610 0.070733
1 0.515699 0.148533 0.155610 0.070733
11 0.515703 0.073556 0.097057 0.079220
11 0.624504 0.073556 0.091280 0.079220
2 0.123950 0.096447 0.144958 0.036548
3 0.821166 0.257360 0.115021 0.021320
3 0.129989 0.370051 0.083508 0.043655
4 0.290966 0.357360 0.113445 0.026396
4 0.111870 0.439594 0.113445 0.026396
4 0.681723 0.713706 0.079832 0.048731
4 0.522584 0.700508 0.113445 0.026396
5 0.202468 0.409645 0.006828 0.013198
5 0.071691 0.422843 0.000525 0.001015
5 0.595588 0.275127 0.012605 0.024365
5 0.878939 0.363959 0.006828 0.013198
5 0.374737 0.197462 0.024685 0.047716
6 0.352416 0.191878 0.010504 0.020305
6 0.818015 0.687817 0.006828 0.013198
6 0.539391 0.778680 0.010504 0.020305
6 0.340336 0.938071 0.010504 0.020305
7 0.210609 0.083249 0.260504 0.162437
10 0.159139 0.671066 0.019958 0.026396
10 0.413078 0.318274 0.044643 0.049746
10 0.545431 0.773096 0.044643 0.049746
12 0.295168 0.755330 0.450630 0.040609
12 0.513655 0.626396 0.024160 0.040609
12 0.607405 0.637563 0.047794 0.034518
13 0.764181 0.649746 0.012605 0.024365
13 0.307773 0.562437 0.022059 0.042640
13 0.592174 0.974619 0.054097 0.048731
13 0.988971 0.392893 0.021008 0.040609
14 0.603204 0.425381 0.290441 0.040609
14 0.659926 0.311675 0.019433 0.036548
