1 0.435141 0.143052 0.407571 0.040006
1 0.459255 0.517544 0.356175 0.040006
1 0.459255 0.456821 0.356175 0.040006
1 0.459259 0.388579 0.356183 0.040006
1 0.459255 0.343084 0.356175 0.040006
9 0.718750 0.087373 0.088235 0.067544
9 0.256565 0.857820 0.026261 0.050761
9 0.256565 0.970336 0.026261 0.050761
9 0.256565 0.745305 0.026261 0.050761
1 0.718528 0.447827 0.087792 0.017259
1 0.532858 0.154426 0.082671 0.017259
1 0.597599 0.399952 0.079487 0.017259
1 0.589474 0.014515 0.078486 0.017259
1 0.706625 0.561564 0.063985 0.017259
1 0.347492 0.193417 0.064207 0.017259
1 0.607163 0.354457 0.060358 0.017259
2 0.372899 0.173604 0.396008 0.054822
2 0.699580 0.508629 0.101891 0.026396
2 0.388130 0.540609 0.057773 0.017259
2 0.658876 0.102538 0.054097 0.050761
2 0.601628 0.072589 0.236870 0.035533
2 0.839023 0.934010 0.157038 0.036548
3 0.325893 0.771066 0.083508 0.043655
3 0.789391 0.390863 0.006303 0.020305
4 0.341912 0.959898 0.111345 0.015228
4 0.163078 0.118274 0.042542 0.019289
4 0.942227 0.585787 0.113445 0.022335
4 0.429097 0.720812 0.113445 0.026396
4 0.336660 0.396447 0.042017 0.019289
4 0.579307 0.879188 0.113445 0.026396
5 0.901523 0.053299 0.006828 0.013198
5 0.379989 0.468020 0.074055 0.032487
6 0.843487 0.535025 0.010504 0.020305
6 0.140756 0.012183 0.010504 0.020305
10 0.930935 0.624873 0.044643 0.049746
10 0.247899 0.144162 0.192227 0.026396
10 0.918067 0.916751 0.019958 0.026396
10 0.440651 0.535025 0.092437 0.038579
12 0.707983 0.011675 0.523109 0.023350
13 0.771008 0.611168 0.014706 0.028426
13 0.026261 0.776650 0.014706 0.028426
13 0.061975 0.081218 0.017857 0.032487
14 0.684611 0.424365 0.009979 0.020305
14 0.249212 0.754822 0.026786 0.045685
14 0.396534 0.448223 0.057773 0.045685
