1 0.496324 0.384264 0.493697 0.358376
1 0.496324 0.831980 0.160714 0.336041
1 0.329832 0.831980 0.160714 0.336041
9 0.662815 0.819289 0.160714 0.310660
9 0.329832 0.819289 0.160714 0.310660
9 0.329832 0.795939 0.160714 0.263959
9 0.496324 0.795939 0.160714 0.263959
1 0.662815 0.758637 0.160714 0.189356
1 0.329832 0.758637 0.160714 0.189356
1 0.496324 0.758637 0.160714 0.189356
9 0.662815 0.736556 0.160714 0.145194
9 0.329832 0.934272 0.160714 0.131456
9 0.662815 0.934272 0.160714 0.131456
1 0.496324 0.934272 0.160714 0.131456
2 0.678046 0.128934 0.234244 0.034518
1 0.654892 0.179188 0.305763 0.031472
11 0.350332 0.036802 0.059677 0.073604
9 0.227416 0.052792 0.092437 0.044670
0 0.260455 0.128934 0.079816 0.046701
0 0.452263 0.128934 0.072184 0.046701
11 0.439404 0.034518 0.045529 0.069036
0 0.385525 0.128934 0.061294 0.046701
9 0.496324 0.876666 0.160714 0.016244
9 0.496324 0.672081 0.160714 0.016244
9 0.662815 0.876666 0.160714 0.016244
9 0.329832 0.672081 0.160714 0.016244
9 0.329832 0.876666 0.160714 0.016244
9 0.662815 0.672081 0.160714 0.016244
0 0.327620 0.128934 0.054515 0.046701
11 0.303366 0.036802 0.034254 0.073604
11 0.398405 0.034518 0.036469 0.069036
0 0.198772 0.128934 0.043551 0.046701
0 0.710946 0.642640 0.064453 0.024365
0 0.709998 0.018274 0.057748 0.024365
1 0.536547 0.830980 0.080267 0.044670
1 0.373338 0.830980 0.073702 0.044670
1 0.706358 0.830980 0.073628 0.044670
0 0.804097 0.128934 0.017857 0.034518
9 0.416229 0.674619 0.000525 0.001015
9 0.249737 0.674619 0.000525 0.001015
1 0.227416 0.069543 0.092437 0.017259
2 0.485819 0.557360 0.136555 0.040609
2 0.515231 0.068020 0.168067 0.036548
3 0.408088 0.980711 0.105042 0.032487
3 0.926471 0.070051 0.105042 0.032487
3 0.425945 0.252284 0.006303 0.013198
4 0.068540 0.428934 0.047794 0.035533
4 0.482143 0.260914 0.113445 0.026396
4 0.487395 0.871574 0.042017 0.019289
4 0.139181 0.395939 0.260504 0.022335
4 0.080357 0.145685 0.066176 0.023350
5 0.799895 0.568528 0.028361 0.034518
5 0.960084 0.678173 0.012605 0.024365
5 0.100315 0.684264 0.012605 0.024365
6 0.685924 0.455838 0.010504 0.020305
6 0.290966 0.880203 0.010504 0.020305
6 0.013655 0.657868 0.010504 0.020305
7 0.743172 0.667005 0.314076 0.113706
7 0.278361 0.027411 0.297269 0.032487
7 0.381303 0.625381 0.297269 0.032487
7 0.195378 0.631472 0.297269 0.032487
10 0.170168 0.196447 0.086134 0.051777
10 0.075105 0.860406 0.024160 0.047716
12 0.810399 0.261929 0.027311 0.032487
12 0.693277 0.041624 0.012605 0.024365
12 0.164916 0.390863 0.022059 0.024365
13 0.155987 0.043655 0.021008 0.040609
13 0.664391 0.292386 0.021008 0.040609
13 0.377626 0.188832 0.026261 0.050761
14 0.754464 0.247208 0.027836 0.080203
14 0.834821 0.496447 0.019433 0.036548
