9 0.496061 0.500000 0.569886 1.000000
9 0.496057 0.525119 0.379978 0.734496
9 0.496057 0.525119 0.327485 0.633026
9 0.496057 0.184246 0.380070 0.050737
9 0.496057 0.865992 0.380070 0.050737
1 0.496057 0.823899 0.113966 0.057983
0 0.305816 0.050254 0.059669 0.050254
0 0.245134 0.050254 0.052242 0.050254
0 0.136686 0.050254 0.050896 0.050254
0 0.364709 0.050254 0.048664 0.050254
0 0.417792 0.050254 0.048049 0.050254
0 0.190573 0.050254 0.047425 0.050254
0 0.867401 0.050254 0.025998 0.050254
0 0.836676 0.050254 0.025998 0.050254
12 0.927550 0.050254 0.040203 0.023985
1 0.496053 0.267616 0.075525 0.049972
12 0.893924 0.050254 0.017595 0.023096
0 0.052447 0.562817 0.008863 0.017132
13 0.836676 0.050254 0.011817 0.022843
0 0.867401 0.050254 0.011817 0.022843
0 0.052447 0.442322 0.005909 0.027411
0 0.052447 0.477728 0.005909 0.011421
0 0.052447 0.505140 0.005909 0.011421
0 0.052447 0.532551 0.005909 0.011421
12 0.897469 0.048858 0.010504 0.020305
4 0.884864 0.050254 0.000525 0.001015
1 0.063083 0.050254 0.044315 0.050254
2 0.761029 0.795939 0.367647 0.040609
2 0.714548 0.809137 0.076155 0.036548
2 0.324842 0.061421 0.131828 0.031472
2 0.548845 0.734010 0.074580 0.036548
3 0.340336 0.592386 0.085084 0.059898
3 0.182773 0.693401 0.006303 0.020305
3 0.870273 0.735533 0.111345 0.025381
4 0.830620 0.017766 0.094013 0.023350
4 0.921481 0.518274 0.032038 0.019289
4 0.320641 0.838579 0.175945 0.024365
5 0.446166 0.928426 0.006828 0.013198
5 0.378939 0.111168 0.046744 0.015228
5 0.098477 0.529442 0.006828 0.013198
6 0.631828 0.247716 0.010504 0.020305
6 0.623950 0.298477 0.010504 0.020305
6 0.005252 0.453807 0.010504 0.020305
7 0.560924 0.362944 0.747899 0.001015
10 0.479517 0.795939 0.192227 0.026396
10 0.532563 0.596954 0.092437 0.038579
10 0.814338 0.297970 0.131828 0.254822
10 0.038866 0.780711 0.019958 0.026396
12 0.113971 0.670051 0.018908 0.036548
12 0.568540 0.041624 0.522584 0.040609
12 0.841912 0.301523 0.248950 0.032487
13 0.213235 0.190863 0.012605 0.024365
13 0.900473 0.169543 0.032038 0.014213
14 0.264181 0.790863 0.025210 0.048731
14 0.053571 0.771574 0.010504 0.020305
