9 0.496061 0.763959 0.992122 0.472081
0 0.473456 0.044670 0.050658 0.089340
0 0.522539 0.044670 0.047507 0.089340
0 0.194041 0.167513 0.076631 0.048731
0 0.427619 0.044670 0.041016 0.089340
0 0.565647 0.044670 0.038710 0.089340
0 0.798455 0.044670 0.075885 0.044670
0 0.532321 0.446701 0.069582 0.040609
0 0.459165 0.446701 0.068327 0.040609
12 0.756836 0.044670 0.025210 0.048731
12 0.735302 0.044670 0.016807 0.044670
1 0.174895 0.044670 0.038340 0.018274
2 0.255515 0.862944 0.023634 0.040609
2 0.357143 0.839086 0.411765 0.021320
2 0.648372 0.560406 0.076155 0.036548
2 0.571954 0.449746 0.136555 0.040609
2 0.674895 0.594924 0.074580 0.036548
2 0.724527 0.241624 0.216912 0.040609
3 0.485032 0.379188 0.083508 0.043655
3 0.207458 0.636041 0.132353 0.035533
3 0.279412 0.295939 0.006303 0.013198
3 0.574055 0.813706 0.132353 0.035533
4 0.170956 0.441117 0.094013 0.023350
4 0.937763 0.767513 0.077206 0.012183
5 0.100840 0.660914 0.012605 0.024365
5 0.859244 0.761421 0.012605 0.024365
5 0.556985 0.968020 0.006828 0.013198
5 0.172269 0.509645 0.040966 0.034518
6 0.222689 0.846701 0.010504 0.020305
6 0.339286 0.852792 0.010504 0.020305
6 0.584034 0.095431 0.010504 0.020305
7 0.386029 0.857868 0.314076 0.113706
10 0.792017 0.827919 0.024160 0.047716
10 0.111345 0.068528 0.071429 0.063959
10 0.288340 0.366497 0.022059 0.042640
10 0.134979 0.195939 0.173319 0.073096
12 0.388655 0.816751 0.021008 0.023350
12 0.611870 0.709645 0.016807 0.040609
13 0.663866 0.432487 0.014706 0.028426
13 0.247374 0.728934 0.017857 0.034518
13 0.212973 0.078173 0.032038 0.014213
13 0.510504 0.941117 0.013655 0.028426
13 0.363708 0.277157 0.089811 0.111675
13 0.955357 0.828426 0.014706 0.028426
14 0.862920 0.780711 0.025210 0.048731
14 0.398634 0.477157 0.023109 0.044670
14 0.283351 0.560406 0.016282 0.032487
