9 0.500000 0.055330 0.080882 0.019289
2 0.860557 0.931980 0.054097 0.050761
2 0.532563 0.328934 0.127101 0.042640
2 0.297794 0.141624 0.130252 0.019289
2 0.421744 0.791371 0.773109 0.033503
2 0.283351 0.624873 0.088761 0.023350
3 0.290179 0.934010 0.027836 0.012183
3 0.451418 0.126396 0.083508 0.043655
3 0.197742 0.115228 0.115021 0.021320
4 0.225315 0.759391 0.113445 0.026396
4 0.636292 0.620305 0.094013 0.024365
4 0.757090 0.971066 0.000525 0.001015
4 0.703782 0.847716 0.260504 0.022335
4 0.755777 0.084772 0.111345 0.015228
4 0.766807 0.913706 0.113445 0.026396
4 0.132878 0.359898 0.042017 0.035533
4 0.662553 0.300000 0.000525 0.001015
5 0.607931 0.976142 0.006828 0.013198
5 0.368435 0.243147 0.006828 0.013198
6 0.275735 0.026396 0.010504 0.020305
6 0.009454 0.737056 0.010504 0.020305
7 0.393382 0.189340 0.747899 0.001015
7 0.695903 0.502538 0.423319 0.097462
7 0.339286 0.157360 0.327731 0.030457
7 0.419118 0.897462 0.423319 0.097462
10 0.803834 0.528934 0.335609 0.507614
10 0.792017 0.347716 0.071429 0.063959
10 0.557511 0.336548 0.044643 0.049746
12 0.196429 0.880203 0.022059 0.042640
12 0.966912 0.680711 0.021008 0.037563
12 0.177521 0.374619 0.008403 0.040609
12 0.520483 0.756853 0.185924 0.027411
13 0.515756 0.794924 0.039916 0.038579
13 0.549370 0.737056 0.014706 0.028426
13 0.532300 0.074112 0.007878 0.016244
13 0.919643 0.549239 0.016807 0.032487
14 0.844013 0.543147 0.023109 0.044670
