1 0.366859 0.334010 0.331933 0.361421
9 0.309086 0.082844 0.361345 0.092592
1 0.212025 0.698207 0.133609 0.198065
1 0.496057 0.698207 0.133609 0.198065
1 0.638073 0.698207 0.133617 0.198065
1 0.354041 0.698207 0.133617 0.198065
1 0.780089 0.698207 0.133609 0.198065
1 0.763918 0.477157 0.165966 0.075127
1 0.496057 0.969273 0.133609 0.061453
1 0.638073 0.969273 0.133617 0.061453
1 0.354041 0.969273 0.133617 0.061453
1 0.780089 0.969273 0.133609 0.061453
1 0.212025 0.969273 0.133609 0.061453
9 0.465599 0.083249 0.048319 0.093401
12 0.380515 0.074112 0.090336 0.032487
12 0.431460 0.074112 0.016807 0.032487
0 0.212447 0.492386 0.014706 0.028426
2 0.290179 0.871574 0.228466 0.033503
2 0.503414 0.806091 0.023634 0.040609
2 0.471639 0.273096 0.005252 0.040609
2 0.318803 0.194416 0.149160 0.021320
3 0.653361 0.936548 0.111345 0.025381
3 0.251050 0.928934 0.057773 0.024365
4 0.586397 0.645178 0.094013 0.023350
4 0.471113 0.712690 0.113445 0.026396
5 0.852679 0.923350 0.006828 0.013198
5 0.219275 0.222843 0.000525 0.001015
5 0.882353 0.514721 0.012605 0.024365
5 0.441439 0.941624 0.006828 0.013198
5 0.826418 0.093909 0.046744 0.015228
5 0.569065 0.366497 0.050945 0.034518
5 0.693540 0.124873 0.021534 0.014213
6 0.954832 0.665990 0.010504 0.020305
7 0.740021 0.899492 0.314076 0.113706
7 0.596639 0.198985 0.327731 0.030457
7 0.639181 0.520812 0.423319 0.097462
10 0.193277 0.269543 0.161765 0.025381
10 0.471639 0.583756 0.010504 0.020305
10 0.350053 0.831980 0.044643 0.049746
12 0.209559 0.013706 0.185924 0.027411
13 0.087710 0.212183 0.015756 0.030457
14 0.177521 0.710660 0.022059 0.042640
14 0.550158 0.836041 0.013130 0.027411
