9 0.559086 0.219289 0.393908 0.304569
9 0.447348 0.219289 0.334821 0.258883
9 0.670825 0.219289 0.334821 0.258883
9 0.335609 0.219289 0.275735 0.213198
9 0.782563 0.219289 0.275735 0.213198
9 0.389858 0.551880 0.163972 0.178284
9 0.559082 0.551880 0.163972 0.178284
9 0.220637 0.551872 0.163964 0.178268
9 0.728306 0.551880 0.163972 0.178284
9 0.897531 0.551880 0.163972 0.178284
9 0.432170 0.918774 0.079364 0.162452
9 0.686006 0.918774 0.079356 0.162452
9 0.939839 0.918774 0.079356 0.162452
9 0.347558 0.918774 0.079356 0.162452
9 0.178333 0.918774 0.079356 0.162452
9 0.855231 0.918774 0.079356 0.162452
9 0.601394 0.918774 0.079364 0.162452
9 0.516782 0.918774 0.079356 0.162452
9 0.262946 0.918774 0.079364 0.162452
9 0.770619 0.918774 0.079364 0.162452
12 0.490546 0.025381 0.186975 0.036548
1 0.063025 0.218837 0.121849 0.064959
1 0.402463 0.670558 0.138762 0.042830
1 0.571687 0.670558 0.138762 0.042830
1 0.740911 0.670558 0.138762 0.042830
1 0.910136 0.670558 0.138762 0.042830
1 0.233243 0.670543 0.138754 0.042830
0 0.402463 0.659089 0.138762 0.019892
1 0.063025 0.502498 0.121849 0.045669
0 0.571687 0.659089 0.138762 0.019892
1 0.063025 0.274151 0.121849 0.045669
1 0.063025 0.117854 0.121849 0.045669
1 0.063025 0.548168 0.121849 0.045669
1 0.063025 0.456829 0.121849 0.045669
1 0.063025 0.163523 0.121849 0.045669
0 0.233243 0.659074 0.138754 0.019892
0 0.740911 0.659089 0.138762 0.019892
0 0.910136 0.659089 0.138762 0.019892
0 0.559086 0.768718 0.067112 0.032487
13 0.657826 0.100508 0.026261 0.050761
0 0.953642 0.025381 0.042296 0.032487
0 0.953642 0.971574 0.042296 0.032487
0 0.910156 0.025381 0.036272 0.032487
13 0.697409 0.085073 0.044503 0.019892
13 0.656824 0.669448 0.021008 0.040609
2 0.428834 0.347208 0.057773 0.016244
13 0.149160 0.669432 0.021008 0.040609
13 0.487600 0.669448 0.021008 0.040609
13 0.826049 0.669448 0.021008 0.040609
9 0.018908 0.971574 0.021008 0.040609
13 0.318376 0.669448 0.021008 0.040609
0 0.148109 0.219289 0.018908 0.036548
12 0.593487 0.025381 0.018908 0.036548
0 0.970063 0.219289 0.018908 0.036548
0 0.112920 0.075127 0.016807 0.032487
0 0.374737 0.347208 0.016807 0.032487
0 0.627889 0.347208 0.016807 0.032487
0 0.086044 0.025381 0.016807 0.032487
0 0.391544 0.347208 0.016807 0.032487
11 0.987395 0.025381 0.016807 0.032487
0 0.611082 0.347208 0.016807 0.032487
13 0.014181 0.117846 0.015756 0.030457
13 0.014181 0.163515 0.015756 0.030457
13 0.014181 0.218829 0.015756 0.030457
13 0.014181 0.274143 0.015756 0.030457
13 0.014181 0.319813 0.015756 0.030457
13 0.014181 0.365482 0.015756 0.030457
13 0.014181 0.411152 0.015756 0.030457
13 0.014181 0.456821 0.015756 0.030457
13 0.014181 0.502490 0.015756 0.030457
13 0.014181 0.548160 0.015756 0.030457
0 0.594013 0.025381 0.012605 0.024365
4 0.399685 0.347208 0.000525 0.001015
2 0.337710 0.487817 0.294118 0.027411
2 0.423582 0.659898 0.023634 0.040609
3 0.611345 0.155838 0.085084 0.059898
4 0.769433 0.631980 0.042017 0.035533
4 0.619748 0.504569 0.113445 0.026396
5 0.609769 0.074112 0.012605 0.024365
5 0.654149 0.768020 0.006828 0.013198
5 0.903887 0.148223 0.012605 0.024365
5 0.818015 0.503046 0.006828 0.013198
6 0.012080 0.292386 0.010504 0.020305
7 0.599790 0.182741 0.423319 0.097462
10 0.263655 0.898477 0.022059 0.042640
10 0.563025 0.560406 0.019958 0.026396
10 0.605042 0.900508 0.010504 0.020305
12 0.829832 0.371066 0.010504 0.019289
13 0.481092 0.195939 0.097689 0.054822
13 0.959559 0.144162 0.004202 0.004061
13 0.362920 0.592893 0.014706 0.028426
