0 0.222468 0.494416 0.067309 0.048731
0 0.957286 0.035025 0.048664 0.040609
0 0.023044 0.964467 0.026261 0.050761
12 0.722197 0.034518 0.016807 0.040609
9 0.496061 0.673556 0.013655 0.015228
0 0.496061 0.671574 0.013655 0.021320
14 0.500263 0.991878 0.008403 0.016244
1 0.048319 0.034518 0.063025 0.028426
1 0.799493 0.034518 0.025046 0.040609
1 0.842609 0.034518 0.024209 0.040609
1 0.903550 0.034010 0.022239 0.040609
1 0.757944 0.034518 0.021074 0.040609
2 0.284926 0.355330 0.076155 0.036548
2 0.837185 0.590863 0.128151 0.048731
2 0.625000 0.880203 0.168067 0.036548
2 0.221376 0.292893 0.131828 0.031472
2 0.724790 0.943655 0.107143 0.029442
3 0.249475 0.349746 0.006303 0.013198
3 0.914916 0.248731 0.006303 0.020305
4 0.409139 0.024365 0.161765 0.024365
4 0.095063 0.904569 0.113445 0.026396
4 0.796744 0.840102 0.088235 0.043655
4 0.738971 0.782741 0.113445 0.026396
4 0.158351 0.547208 0.094013 0.024365
4 0.130777 0.756345 0.113445 0.026396
4 0.580620 0.477665 0.309349 0.039594
5 0.513393 0.531472 0.006828 0.013198
5 0.321954 0.551269 0.028361 0.034518
5 0.976628 0.075635 0.006828 0.013198
5 0.914391 0.457868 0.016807 0.032487
5 0.374737 0.185279 0.006828 0.013198
6 0.305147 0.274112 0.010504 0.020305
6 0.278361 0.962437 0.010504 0.020305
7 0.850840 0.454822 0.260504 0.162437
7 0.429622 0.288325 0.297269 0.032487
7 0.589811 0.136041 0.260504 0.162437
10 0.931197 0.578173 0.086134 0.051777
10 0.254727 0.876650 0.057773 0.049746
10 0.585084 0.932995 0.019958 0.038579
10 0.400210 0.737056 0.023109 0.044670
12 0.162815 0.511168 0.183824 0.035533
12 0.653624 0.654315 0.011029 0.021320
12 0.244223 0.479695 0.021008 0.023350
13 0.763655 0.827411 0.012605 0.024365
13 0.613708 0.128934 0.039391 0.036548
13 0.022584 0.679188 0.012605 0.024365
14 0.616071 0.821320 0.494748 0.290355
