11 0.500000 0.026904 0.869748 0.053807
0 0.418067 0.960652 0.466387 0.078696
9 0.418067 0.960652 0.466387 0.078696
0 0.500000 0.622437 0.188025 0.113706
0 0.741859 0.960652 0.146534 0.078696
9 0.741859 0.960652 0.146534 0.078696
0 0.500000 0.650863 0.188025 0.044670
0 0.500000 0.598071 0.188025 0.044670
12 0.245798 0.026904 0.168067 0.038579
1 0.372948 0.662532 0.055475 0.157995
1 0.473748 0.662532 0.055475 0.157995
1 0.594538 0.662532 0.055475 0.157995
1 0.216387 0.662532 0.055475 0.157995
1 0.657563 0.662532 0.055475 0.157995
1 0.720588 0.662532 0.055475 0.157995
1 0.783613 0.662532 0.055475 0.157995
9 0.909664 0.637151 0.055475 0.107234
9 0.720588 0.637151 0.055475 0.107234
9 0.594538 0.637151 0.055475 0.107234
9 0.657563 0.637151 0.055475 0.107234
9 0.972476 0.637151 0.055049 0.107234
9 0.403657 0.637151 0.055475 0.107234
9 0.226792 0.637151 0.055475 0.107234
1 0.846639 0.662532 0.055475 0.157995
1 0.909664 0.662532 0.055475 0.157995
9 0.508485 0.637151 0.055475 0.107234
1 0.972476 0.662532 0.055049 0.157995
9 0.846639 0.637151 0.055475 0.107234
9 0.783613 0.650555 0.055475 0.080425
11 0.401663 0.081218 0.076582 0.052792
11 0.275780 0.081218 0.070042 0.052792
11 0.474683 0.081218 0.061056 0.052792
11 0.595990 0.081218 0.059825 0.052792
11 0.657571 0.081218 0.054934 0.052792
11 0.535645 0.081218 0.052464 0.052792
11 0.337086 0.081218 0.044167 0.052792
0 0.866650 0.026904 0.039645 0.053807
11 0.903846 0.026904 0.034746 0.053807
11 0.705993 0.081218 0.033507 0.052792
11 0.743090 0.081218 0.032284 0.052792
11 0.117647 0.026896 0.063025 0.019147
0 0.802628 0.562024 0.022896 0.024365
0 0.802628 0.561516 0.022896 0.017259
4 0.162027 0.008122 0.000525 0.001015
0 0.000525 0.016244 0.001050 0.032487
0 0.329307 0.045178 0.001050 0.002030
1 0.774258 0.884756 0.081736 0.024365
1 0.552180 0.422944 0.052299 0.017259
2 0.411502 0.712183 0.037290 0.027411
2 0.540179 0.349746 0.236870 0.047716
2 0.810399 0.421320 0.005252 0.040609
3 0.662815 0.497462 0.006303 0.020305
3 0.497374 0.282741 0.111345 0.025381
3 0.571954 0.468020 0.006303 0.020305
3 0.553046 0.314721 0.006303 0.020305
3 0.699055 0.460406 0.132353 0.035533
3 0.174895 0.177157 0.006303 0.013198
3 0.302521 0.855838 0.006303 0.020305
4 0.906513 0.621827 0.088235 0.043655
4 0.373424 0.760406 0.128151 0.048731
4 0.451681 0.876142 0.113445 0.026396
4 0.154412 0.040102 0.050420 0.035533
5 0.333246 0.428934 0.006828 0.013198
5 0.675683 0.149746 0.006828 0.013198
5 0.341649 0.011675 0.006828 0.013198
6 0.449580 0.611168 0.010504 0.020305
6 0.144433 0.600000 0.010504 0.020305
6 0.453519 0.345685 0.006828 0.013198
7 0.575630 0.569543 0.327731 0.030457
7 0.507353 0.908629 0.297269 0.032487
7 0.274685 0.205076 0.314076 0.113706
10 0.803571 0.068528 0.161765 0.025381
12 0.525210 0.818274 0.143908 0.044670
13 0.142857 0.793909 0.014706 0.028426
13 0.491597 0.929949 0.021008 0.040609
14 0.465599 0.758376 0.033088 0.038579
14 0.533351 0.195939 0.007878 0.020305
14 0.727679 0.259898 0.170693 0.040609
14 0.798319 0.338579 0.006303 0.013198
