9 0.496061 0.498239 0.992122 0.996478
2 0.437960 0.641656 0.192621 0.056853
0 0.594472 0.641656 0.112001 0.056853
4 0.437960 0.641656 0.175814 0.024365
3 0.833558 0.044670 0.065126 0.032487
4 0.801257 0.028934 0.000525 0.001015
1 0.892619 0.044670 0.040392 0.032487
2 0.236082 0.183249 0.037290 0.027411
2 0.141282 0.736548 0.149160 0.021320
2 0.333508 0.126396 0.234244 0.035533
2 0.717700 0.488325 0.157038 0.048731
3 0.634454 0.889848 0.085084 0.059898
3 0.639706 0.653299 0.006303 0.013198
3 0.678571 0.960406 0.057773 0.024365
4 0.057248 0.095431 0.008403 0.024365
4 0.102416 0.850761 0.012605 0.024365
4 0.340861 0.055838 0.088235 0.044670
4 0.070903 0.228426 0.113445 0.022335
5 0.335609 0.975635 0.031513 0.040609
5 0.531775 0.861929 0.042542 0.034518
5 0.128939 0.256345 0.006828 0.013198
5 0.118435 0.786294 0.006828 0.013198
5 0.753939 0.539594 0.024685 0.047716
6 0.808824 0.112690 0.010504 0.020305
6 0.639181 0.864975 0.010504 0.020305
6 0.506828 0.802030 0.010504 0.020305
7 0.548845 0.577157 0.747899 0.001015
7 0.602941 0.103553 0.314076 0.113706
7 0.261029 0.935025 0.297269 0.032487
7 0.628676 0.210152 0.423319 0.097462
10 0.823004 0.986802 0.010504 0.020305
10 0.462185 0.723350 0.161765 0.025381
10 0.774160 0.650761 0.010504 0.020305
10 0.813025 0.062944 0.010504 0.020305
10 0.786765 0.550761 0.021008 0.047716
12 0.308824 0.123858 0.061975 0.044670
13 0.633403 0.688325 0.015756 0.030457
13 0.313550 0.892386 0.014706 0.028426
14 0.696429 0.508629 0.025210 0.048731
14 0.897321 0.584264 0.027836 0.080203
14 0.388393 0.924365 0.069853 0.045685
