9 0.496061 0.949239 0.992122 0.101523
11 0.351891 0.589356 0.157563 0.337278
11 0.351891 0.915546 0.157563 0.168909
0 0.773897 0.722843 0.150210 0.089340
11 0.068277 0.051983 0.136555 0.056853
11 0.068277 0.108836 0.136555 0.056853
11 0.204832 0.051983 0.136555 0.056853
11 0.204832 0.108836 0.136555 0.056853
11 0.204832 0.165688 0.136555 0.056853
11 0.341387 0.051983 0.136555 0.056853
11 0.341387 0.108836 0.136555 0.056853
11 0.341387 0.165688 0.136555 0.056853
11 0.341387 0.222541 0.136555 0.056853
11 0.477941 0.051983 0.136555 0.056853
11 0.477941 0.108836 0.136555 0.056853
11 0.477941 0.165688 0.136555 0.056853
11 0.477941 0.222541 0.136555 0.056853
11 0.068277 0.335438 0.136555 0.056853
11 0.068277 0.392291 0.136555 0.056853
11 0.204832 0.335438 0.136555 0.056853
11 0.204832 0.392291 0.136555 0.056853
11 0.341387 0.335438 0.136555 0.056853
11 0.341387 0.392291 0.136555 0.056853
11 0.068277 0.472700 0.136555 0.056853
11 0.068277 0.529553 0.136555 0.056853
11 0.068277 0.586405 0.136555 0.056853
11 0.068277 0.643258 0.136555 0.056853
11 0.068277 0.700111 0.136555 0.056853
11 0.204832 0.472700 0.136555 0.056853
11 0.204832 0.529553 0.136555 0.056853
11 0.204832 0.586405 0.136555 0.056853
11 0.204832 0.643258 0.136555 0.056853
11 0.204832 0.700111 0.136555 0.056853
11 0.068277 0.883074 0.136555 0.056853
11 0.068277 0.939927 0.136555 0.056853
11 0.204832 0.883074 0.136555 0.056853
11 0.204832 0.939927 0.136555 0.056853
0 0.372210 0.042640 0.060629 0.085279
0 0.305221 0.042640 0.060744 0.085279
0 0.241022 0.042640 0.055049 0.085279
0 0.719275 0.949239 0.090861 0.048731
0 0.810137 0.949239 0.090861 0.048731
11 0.068277 0.984177 0.136555 0.031647
11 0.204832 0.984177 0.136555 0.031647
0 0.430467 0.042640 0.043281 0.085279
0 0.496061 0.564768 0.067325 0.048731
0 0.563386 0.564768 0.067325 0.048731
0 0.797006 0.722843 0.078782 0.035723
11 0.485454 0.047517 0.092757 0.031678
11 0.209920 0.387825 0.087907 0.031678
11 0.209920 0.935462 0.087907 0.031678
11 0.209452 0.104370 0.086972 0.031678
11 0.344805 0.387825 0.084567 0.031678
11 0.343963 0.047517 0.082885 0.031678
11 0.480231 0.161223 0.082310 0.031678
11 0.480063 0.104370 0.081974 0.031678
11 0.069837 0.104370 0.080850 0.031678
0 0.834296 0.042640 0.063025 0.040609
9 0.725613 0.978672 0.055607 0.040593
0 0.769269 0.042640 0.050223 0.048731
0 0.819492 0.042640 0.050223 0.048731
11 0.340853 0.161223 0.076664 0.031678
11 0.067174 0.387825 0.075524 0.031678
11 0.476702 0.218076 0.075253 0.031678
11 0.203388 0.047517 0.074842 0.031678
11 0.066476 0.330972 0.074128 0.031678
11 0.066312 0.935462 0.073800 0.031678
11 0.202682 0.878609 0.073431 0.031678
9 0.453766 0.978680 0.098214 0.021320
11 0.339101 0.218076 0.073160 0.031678
11 0.065114 0.047517 0.071404 0.031678
11 0.201176 0.330972 0.070419 0.031678
11 0.336385 0.104370 0.067727 0.031678
11 0.198981 0.161223 0.066029 0.031678
11 0.335367 0.330972 0.065692 0.031678
1 0.527290 0.042632 0.053859 0.084470
9 0.968491 0.978680 0.063018 0.029442
0 0.708586 0.042941 0.071141 0.024365
9 0.268355 0.978680 0.061450 0.028426
9 0.879425 0.978672 0.045086 0.040593
0 0.779728 0.042941 0.071141 0.024365
0 0.730305 0.722843 0.037815 0.040609
11 0.063288 0.988238 0.067752 0.023525
0 0.768120 0.722843 0.037815 0.040609
9 0.026591 0.978680 0.053183 0.026396
9 0.175655 0.978680 0.045168 0.027411
11 0.069713 0.586398 0.080603 0.017053
9 0.352086 0.978672 0.026359 0.040593
11 0.194754 0.988238 0.057576 0.023525
9 0.564496 0.978680 0.046218 0.021320
1 0.384745 0.810787 0.091854 0.040609
0 0.376342 0.810787 0.066644 0.017862
9 0.102906 0.978672 0.019794 0.040593
11 0.062853 0.700103 0.066882 0.017053
0 0.710872 0.949239 0.057248 0.017862
9 0.804932 0.978672 0.025120 0.040593
0 0.495043 0.400412 0.060334 0.017862
0 0.708586 0.042941 0.054335 0.017862
11 0.196498 0.700103 0.061064 0.017053
11 0.195239 0.472692 0.058545 0.017053
11 0.058044 0.529545 0.057264 0.017053
1 0.503447 0.400412 0.085544 0.040609
0 0.813288 0.042640 0.021008 0.040609
0 0.855305 0.042640 0.021008 0.040609
0 0.834296 0.042640 0.021008 0.040609
14 0.920693 0.949239 0.021008 0.040609
11 0.014706 0.051983 0.021008 0.040609
11 0.014706 0.108836 0.021008 0.040609
11 0.151261 0.051983 0.021008 0.040609
11 0.151261 0.108836 0.021008 0.040609
11 0.151261 0.165688 0.021008 0.040609
11 0.287815 0.051983 0.021008 0.040609
11 0.287815 0.108836 0.021008 0.040609
11 0.287815 0.165688 0.021008 0.040609
11 0.287815 0.222541 0.021008 0.040609
11 0.424370 0.051983 0.021008 0.040609
11 0.424370 0.108836 0.021008 0.040609
11 0.424370 0.165688 0.021008 0.040609
11 0.424370 0.222541 0.021008 0.040609
11 0.014706 0.335438 0.021008 0.040609
11 0.014706 0.392291 0.021008 0.040609
11 0.151261 0.335438 0.021008 0.040609
11 0.151261 0.392291 0.021008 0.040609
11 0.287815 0.335438 0.021008 0.040609
11 0.287815 0.392291 0.021008 0.040609
11 0.014706 0.472700 0.021008 0.040609
11 0.014706 0.529553 0.021008 0.040609
11 0.014706 0.586405 0.021008 0.040609
11 0.014706 0.643258 0.021008 0.040609
11 0.014706 0.700111 0.021008 0.040609
11 0.151261 0.472700 0.021008 0.040609
11 0.151261 0.529553 0.021008 0.040609
11 0.151261 0.586405 0.021008 0.040609
11 0.151261 0.643258 0.021008 0.040609
11 0.151261 0.700111 0.021008 0.040609
11 0.014706 0.883074 0.021008 0.040609
11 0.014706 0.939927 0.021008 0.040609
11 0.151261 0.883074 0.021008 0.040609
11 0.151261 0.939927 0.021008 0.040609
9 0.642489 0.978680 0.030987 0.021320
11 0.050371 0.643250 0.041918 0.017053
11 0.186507 0.643250 0.041081 0.017053
0 0.487658 0.564768 0.033712 0.017862
11 0.047831 0.472692 0.036839 0.017053
11 0.183512 0.529545 0.035091 0.017053
11 0.045406 0.883066 0.031989 0.017053
11 0.014706 0.988238 0.021008 0.023525
11 0.151261 0.988238 0.021008 0.023525
1 0.476234 0.042632 0.035649 0.084470
11 0.175814 0.586398 0.019695 0.017053
0 0.760865 0.042640 0.016610 0.017862
1 0.152048 0.042640 0.051471 0.052792
2 0.465336 0.067005 0.074580 0.036548
2 0.726891 0.880203 0.396008 0.054822
3 0.600053 0.023858 0.183298 0.043655
3 0.109769 0.308122 0.111345 0.025381
3 0.053834 0.631980 0.083508 0.043655
3 0.305935 0.948731 0.083508 0.043655
4 0.143382 0.756345 0.260504 0.022335
4 0.391282 0.344162 0.113445 0.026396
5 0.966387 0.336041 0.012605 0.024365
5 0.129464 0.567005 0.006828 0.013198
6 0.301996 0.028426 0.010504 0.020305
6 0.823529 0.268020 0.010504 0.020305
6 0.654937 0.969543 0.010504 0.020305
6 0.852941 0.749239 0.010504 0.020305
6 0.590599 0.161929 0.006828 0.013198
6 0.196429 0.094416 0.010504 0.020305
7 0.237395 0.756345 0.423319 0.097462
7 0.436450 0.659898 0.423319 0.097462
10 0.497899 0.445685 0.173319 0.073096
10 0.836660 0.179695 0.019958 0.026396
10 0.871324 0.786802 0.092437 0.038579
10 0.867122 0.053299 0.161765 0.025381
14 0.262605 0.546193 0.012605 0.024365
14 0.414916 0.877665 0.030462 0.049746
14 0.597689 0.600000 0.025210 0.048731
