1 0.724839 0.230155 0.101366 0.268591
1 0.671744 0.218322 0.101366 0.244924
1 0.656972 0.218322 0.101366 0.244924
9 0.670956 0.146621 0.099790 0.101523
9 0.724051 0.146621 0.099790 0.101523
9 0.656184 0.146621 0.099790 0.101523
0 0.544938 0.339927 0.157120 0.057868
1 0.545779 0.223382 0.116950 0.070590
0 0.415400 0.339927 0.093553 0.057868
1 0.420427 0.261929 0.116950 0.067862
1 0.420427 0.466672 0.116950 0.067862
1 0.545779 0.137912 0.116950 0.067862
1 0.545779 0.308852 0.116950 0.067862
1 0.545779 0.392957 0.116950 0.067862
1 0.545779 0.655663 0.116950 0.067862
1 0.295078 0.499159 0.116941 0.067862
12 0.696757 0.040609 0.086922 0.042640
0 0.784894 0.040609 0.068343 0.042640
1 0.473522 0.127649 0.116950 0.047335
9 0.529658 0.210834 0.033613 0.064975
9 0.199580 0.044670 0.053046 0.038579
9 0.543412 0.419210 0.027311 0.031662
0 0.428982 0.041466 0.046645 0.019289
0 0.320083 0.041466 0.043954 0.019289
0 0.265256 0.041466 0.040490 0.019289
9 0.589630 0.419210 0.027311 0.022938
9 0.635849 0.419202 0.027311 0.020796
9 0.502446 0.419210 0.016807 0.031631
9 0.420513 0.419210 0.016807 0.031599
9 0.461479 0.419202 0.027311 0.014864
9 0.495183 0.201285 0.015756 0.026396
12 0.601390 0.042640 0.010504 0.024365
9 0.493607 0.115815 0.012605 0.020305
9 0.360376 0.733915 0.012080 0.016244
9 0.413472 0.529204 0.012080 0.016244
9 0.420184 0.428411 0.012080 0.016244
2 0.617384 0.344162 0.023634 0.040609
2 0.483456 0.664975 0.076155 0.036548
2 0.541492 0.627411 0.493697 0.022335
3 0.902311 0.033503 0.006303 0.020305
3 0.507353 0.977157 0.111345 0.025381
3 0.219538 0.257360 0.111345 0.025381
3 0.195903 0.494416 0.105042 0.032487
3 0.782563 0.159391 0.006303 0.020305
3 0.239496 0.685787 0.006303 0.013198
4 0.566176 0.136041 0.113445 0.026396
4 0.540966 0.661929 0.113445 0.026396
4 0.597164 0.615228 0.113445 0.026396
5 0.035189 0.169543 0.012605 0.024365
6 0.954044 0.184264 0.006828 0.013198
6 0.250000 0.499492 0.010504 0.020305
6 0.735819 0.870051 0.010504 0.020305
6 0.621324 0.068020 0.010504 0.020305
6 0.043592 0.746193 0.010504 0.020305
7 0.617647 0.384772 0.314076 0.113706
7 0.595063 0.283756 0.747899 0.001015
7 0.746849 0.667005 0.327731 0.030457
7 0.545168 0.465482 0.747899 0.001015
10 0.069328 0.710660 0.019958 0.026396
12 0.717962 0.307614 0.248950 0.032487
12 0.927258 0.497462 0.112920 0.026396
13 0.484244 0.611168 0.008403 0.016244
13 0.355567 0.747208 0.016807 0.032487
13 0.286239 0.087310 0.014706 0.028426
14 0.685924 0.844670 0.023109 0.044670
14 0.486870 0.455330 0.016807 0.037563
