1 0.137126 0.032587 0.074569 0.028513
10 0.107218 0.032579 0.014752 0.026397
2 0.288215 0.032587 0.202318 0.036660
1 0.449099 0.032587 0.045261 0.028513
1 0.501037 0.032587 0.050184 0.028513
1 0.552704 0.032587 0.044718 0.028513
1 0.612433 0.032587 0.066312 0.028513
1 0.668380 0.032587 0.037153 0.028513
1 0.719326 0.032587 0.056309 0.028513
1 0.768185 0.032587 0.032979 0.028513
0 0.798373 0.032587 0.018967 0.020367
1 0.832221 0.032587 0.029760 0.028513
1 0.871785 0.032587 0.040939 0.030550
1 0.223130 0.188391 0.221286 0.032587
0 0.311117 0.188391 0.012645 0.032587
0 0.323762 0.188391 0.012645 0.032587
10 0.163066 0.338595 0.042150 0.075452
1 0.185545 0.692512 0.087106 0.045825
1 0.290771 0.692512 0.078841 0.028513
10 0.667158 0.493890 0.450194 0.773931
10 0.501572 0.977414 0.016860 0.030184
