20 0.984375 0.924294 0.012645 0.024440
1 0.258660 0.961049 0.050086 0.017821
17 0.018967 0.036660 0.012645 0.024440
1 0.090095 0.036660 0.087460 0.024440
18 0.425678 0.036660 0.421496 0.040733
18 0.620620 0.036660 0.016860 0.032587
18 0.620620 0.036660 0.012645 0.024440
0 0.735737 0.036660 0.036412 0.040733
0 0.789808 0.036660 0.046439 0.036660
19 0.881261 0.036660 0.111178 0.036660
0 0.965790 0.036660 0.032592 0.036660
0 0.114232 0.482100 0.068296 0.032587
0 0.191447 0.482100 0.077705 0.032587
0 0.282300 0.482100 0.095569 0.032587
0 0.368603 0.482100 0.068608 0.032587
1 0.734811 0.814370 0.359671 0.371261
10 0.734984 0.814370 0.359671 0.371261
10 0.957410 0.814370 0.085180 0.371261
0 0.554976 0.824243 0.018967 0.036660
0 0.554976 0.824243 0.008430 0.016293
0 0.554976 0.824243 0.008430 0.016293
0 0.914647 0.824243 0.018967 0.036660
0 0.914647 0.824243 0.008430 0.016293
0 0.914647 0.824243 0.008430 0.016293
