0 0.069984 0.045685 0.100282 0.089340
11 0.684964 0.045685 0.057067 0.089340
0 0.684964 0.045685 0.057067 0.089340
11 0.747017 0.045685 0.067038 0.089340
0 0.747017 0.045685 0.067038 0.089340
11 0.809505 0.045685 0.057937 0.089340
0 0.809505 0.045685 0.057937 0.089340
11 0.872091 0.045685 0.067235 0.089340
0 0.872091 0.045685 0.067235 0.089340
11 0.938994 0.045685 0.066570 0.089340
0 0.938994 0.045685 0.066570 0.089340
0 0.060198 0.113198 0.067875 0.019289
0 0.171350 0.268464 0.057921 0.017259
1 0.164067 0.262357 0.275612 0.001015
1 0.164067 0.296470 0.275612 0.067211
1 0.164067 0.296470 0.275612 0.067211
1 0.107553 0.295860 0.011046 0.025381
1 0.164067 0.296470 0.275612 0.067211
1 0.496049 0.262357 0.275612 0.001015
1 0.496049 0.296470 0.275612 0.067211
1 0.496049 0.296470 0.275612 0.067211
1 0.436171 0.295860 0.008830 0.025381
1 0.496049 0.296470 0.275612 0.067211
1 0.828031 0.262357 0.275612 0.001015
1 0.828031 0.296470 0.275612 0.067211
1 0.828031 0.296470 0.275612 0.067211
1 0.772239 0.295860 0.009487 0.025381
1 0.828031 0.296470 0.275612 0.067211
0 0.122567 0.724873 0.192613 0.361421
0 0.122567 0.921827 0.028255 0.018274
0 0.371549 0.724873 0.192613 0.361421
0 0.371549 0.921827 0.031193 0.018274
0 0.620532 0.724873 0.192613 0.361421
0 0.620528 0.921827 0.049813 0.018274
0 0.869514 0.724873 0.192613 0.361421
0 0.869514 0.921827 0.036133 0.018274
0 0.122567 0.987088 0.192613 0.025825
0 0.371549 0.987088 0.192613 0.025825
0 0.620532 0.987088 0.192613 0.025825
0 0.869514 0.987088 0.192613 0.025825
