1 0.018440 0.035642 0.036881 0.071283
1 0.052000 0.035132 0.030237 0.070265
1 0.090194 0.035132 0.046151 0.070265
1 0.132018 0.035132 0.037498 0.070265
17 0.173682 0.035132 0.045829 0.070265
1 0.170014 0.092668 0.038494 0.044807
1 0.168607 0.137475 0.035679 0.044807
1 0.170727 0.182281 0.039919 0.044807
1 0.167504 0.227088 0.033473 0.044807
1 0.179465 0.271894 0.057396 0.044807
17 0.217231 0.035132 0.041269 0.070265
1 0.231502 0.092668 0.069810 0.044807
1 0.228427 0.137475 0.063661 0.044807
1 0.214733 0.182281 0.036272 0.044807
1 0.221504 0.227088 0.049814 0.044807
1 0.229604 0.271894 0.066015 0.044807
17 0.268535 0.035132 0.061339 0.070265
1 0.272367 0.092668 0.069004 0.044807
1 0.260488 0.137475 0.045245 0.044807
1 0.270466 0.182281 0.065200 0.044807
1 0.275068 0.227088 0.074404 0.044807
1 0.254861 0.271894 0.033991 0.044807
1 0.265502 0.316701 0.055272 0.044807
17 0.320473 0.035132 0.042537 0.070265
1 0.334744 0.092668 0.071078 0.044807
1 0.322251 0.137475 0.046093 0.044807
1 0.327541 0.182281 0.056671 0.044807
1 0.329080 0.227088 0.059750 0.044807
18 0.882105 0.035642 0.029505 0.071283
1 0.944477 0.035689 0.074165 0.036755
1 0.355798 0.118635 0.039474 0.017312
1 0.784354 0.119145 0.027397 0.051362
10 0.784354 0.119145 0.027397 0.051362
10 0.655427 0.323638 0.292413 0.152368
10 0.285300 0.679863 0.189673 0.234216
1 0.273726 0.911867 0.025965 0.020367
1 0.282518 0.938343 0.025290 0.020367
10 0.496048 0.679863 0.189673 0.234216
10 0.706797 0.679863 0.189673 0.234216
1 0.664137 0.964820 0.028517 0.020367
