1 0.000263 0.000509 0.000527 0.001018
1 0.039112 0.032587 0.061364 0.032587
0 0.947630 0.032587 0.088934 0.065173
1 0.964358 0.033557 0.042833 0.040638
1 0.945522 0.000880 0.084719 0.001760
1 0.496044 0.402694 0.084093 0.050487
10 0.059524 0.472561 0.119048 0.434906
10 0.054564 0.652694 0.109128 0.414635
10 0.079368 0.825460 0.158736 0.349080
10 0.173608 0.576168 0.049600 0.127673
10 0.916680 0.533279 0.166639 0.333455
10 0.808565 0.584633 0.089288 0.250764
10 0.921640 0.835778 0.156719 0.328443
10 0.510920 0.740740 0.545648 0.518521
1 0.941517 0.951120 0.033720 0.065173
