0 0.216477 0.035787 0.059004 0.021320
0 0.609473 0.038071 0.030429 0.018274
0 0.658605 0.038071 0.041574 0.018274
0 0.701279 0.038071 0.017512 0.018274
0 0.734194 0.038071 0.022059 0.018274
0 0.785690 0.037563 0.054671 0.021320
1 0.785690 0.038071 0.054671 0.038579
1 0.238445 0.705584 0.102941 0.046701
0 0.328630 0.965482 0.014402 0.020305
0 0.353942 0.965482 0.019416 0.020305
0 0.381458 0.965482 0.018809 0.020305
0 0.411116 0.965482 0.023700 0.020305
0 0.439851 0.965482 0.016963 0.020305
0 0.463687 0.965482 0.013902 0.020305
0 0.490214 0.965482 0.022346 0.020305
0 0.518251 0.965482 0.016922 0.020305
0 0.544585 0.965482 0.018940 0.020305
0 0.584460 0.965482 0.044003 0.020305
