0 0.343894 0.613357 0.037873 0.018274
0 0.319196 0.689499 0.096901 0.018274
0 0.286506 0.694575 0.031521 0.018274
1 0.376736 0.745844 0.057880 0.045685
0 0.611447 0.514372 0.204922 0.033503
0 0.704196 0.887468 0.049362 0.018274
0 0.524746 0.694575 0.031521 0.018274
1 0.619120 0.745844 0.046276 0.045685
0 0.562045 0.796098 0.070485 0.018274
0 0.206330 0.037286 0.119592 0.074572
2 0.565832 0.037278 0.183824 0.035533
1 0.647453 0.037278 0.020582 0.035533
8 0.678805 0.037278 0.023774 0.042640
1 0.731761 0.037278 0.063788 0.038166
1 0.813148 0.037278 0.080636 0.038166
0 0.197971 0.118227 0.111689 0.028426
0 0.197971 0.156805 0.111689 0.028426
0 0.197971 0.195384 0.111689 0.028426
0 0.197971 0.233963 0.111689 0.028426
0 0.197971 0.272541 0.111689 0.028426
0 0.197971 0.311120 0.111689 0.028426
0 0.197971 0.349699 0.111689 0.028426
0 0.197971 0.388277 0.111689 0.028426
0 0.197971 0.426856 0.111689 0.028426
0 0.197971 0.465435 0.111689 0.028426
0 0.197971 0.504013 0.111689 0.028426
0 0.197971 0.542592 0.111689 0.028426
0 0.197971 0.623810 0.111689 0.028426
0 0.197971 0.662389 0.111689 0.028426
0 0.197971 0.700968 0.111689 0.028426
0 0.197971 0.739546 0.111689 0.028426
0 0.197971 0.778125 0.111689 0.028426
0 0.197971 0.816704 0.111689 0.028426
0 0.197971 0.855282 0.111689 0.028426
0 0.197971 0.893861 0.111689 0.028426
0 0.197971 0.932440 0.111689 0.028426
0 0.572553 0.280052 0.175240 0.059692
0 0.511046 0.336802 0.015461 0.020305
1 0.272929 0.675888 0.014706 0.028426
1 0.667534 0.675888 0.014706 0.028426
0 0.043240 0.717457 0.086479 0.065657
0 0.027450 0.771526 0.019548 0.020305
0 0.137950 0.717457 0.087185 0.065657
0 0.124356 0.771526 0.023232 0.020305
0 0.233013 0.717457 0.087185 0.065657
0 0.254481 0.771526 0.093356 0.020305
0 0.328076 0.717457 0.087185 0.065657
0 0.339778 0.771526 0.073825 0.020305
0 0.423139 0.706520 0.087185 0.043782
0 0.427825 0.771526 0.059792 0.020305
0 0.518202 0.717457 0.087185 0.065657
0 0.566681 0.771526 0.147379 0.020305
0 0.613265 0.706520 0.087185 0.043782
0 0.595539 0.771526 0.014968 0.020305
0 0.730559 0.380647 0.074580 0.030457
0 0.805139 0.380647 0.074580 0.030457
0 0.785575 0.451301 0.091649 0.039784
0 0.785575 0.560121 0.091649 0.039784
0 0.785575 0.668940 0.091649 0.039784
0 0.785575 0.767814 0.091649 0.019892
