1 0.984424 0.924524 0.012605 0.024365
0 0.259421 0.961168 0.049928 0.017766
1 0.018908 0.036548 0.012605 0.024365
0 0.089811 0.036548 0.087185 0.024365
2 0.425913 0.036548 0.420168 0.040609
1 0.620240 0.036548 0.016807 0.032487
1 0.736570 0.036548 0.036297 0.040609
1 0.790470 0.036548 0.046292 0.036548
1 0.881635 0.036548 0.110828 0.036548
1 0.965898 0.036548 0.032489 0.036548
1 0.115448 0.481012 0.068080 0.032487
1 0.192420 0.481012 0.077460 0.032487
1 0.282986 0.481012 0.095268 0.032487
1 0.369018 0.481012 0.068392 0.032487
0 0.734071 0.813602 0.358538 0.372795
1 0.554802 0.822113 0.018908 0.036548
1 0.913340 0.822113 0.018908 0.036548
