19 0.500000 0.483198 1.000000 0.966395
1 0.057956 0.032364 0.094837 0.064728
10 0.057956 0.030836 0.094837 0.020939
2 0.747102 0.026477 0.131718 0.032587
2 0.884089 0.026477 0.131718 0.032587
1 0.885406 0.051935 0.129083 0.012220
0 0.974974 0.025458 0.039515 0.030550
2 0.500000 0.282077 0.158061 0.048880
2 0.500000 0.330957 0.158061 0.048880
2 0.500000 0.380346 0.158061 0.049898
2 0.500000 0.434318 0.158061 0.037678
1 0.499996 0.469450 0.047031 0.012220
1 0.513320 0.497963 0.108799 0.024440
1 0.526743 0.504073 0.028673 0.012220
1 0.462353 0.609470 0.079031 0.045825
1 0.543170 0.634420 0.067966 0.016293
10 0.543170 0.609470 0.067966 0.045825
1 0.088802 0.772912 0.019280 0.016293
1 0.106625 0.794297 0.054926 0.016293
1 0.294998 0.772912 0.026245 0.016293
1 0.293360 0.794297 0.022968 0.016293
1 0.302580 0.815682 0.041409 0.016293
1 0.303749 0.837067 0.043747 0.016293
1 0.295406 0.858452 0.027060 0.016293
1 0.288025 0.879837 0.012299 0.016293
1 0.303399 0.901222 0.043047 0.016293
1 0.316044 0.922607 0.068337 0.016293
1 0.518498 0.772912 0.040997 0.016293
1 0.519116 0.794297 0.042232 0.016293
1 0.515633 0.815682 0.035267 0.016293
1 0.706887 0.772912 0.037737 0.016293
1 0.708118 0.794297 0.040199 0.016293
1 0.892201 0.772912 0.032394 0.016293
1 0.886867 0.794297 0.021725 0.016293
1 0.892403 0.815682 0.032798 0.016293
1 0.890559 0.837067 0.029110 0.016293
1 0.886525 0.858452 0.021042 0.016293
1 0.898421 0.879837 0.044833 0.016293
