0 0.354008 0.641720 0.042345 0.018274
0 0.325585 0.717862 0.109679 0.018274
0 0.292152 0.707709 0.042813 0.018274
1 0.375960 0.758978 0.070116 0.045685
0 0.614783 0.542735 0.214680 0.033503
0 0.534996 0.961516 0.055106 0.018274
0 0.528850 0.707709 0.042813 0.018274
1 0.618345 0.758978 0.054326 0.045685
0 0.570899 0.809232 0.077953 0.018274
0 0.210884 0.037286 0.128701 0.074572
2 0.598781 0.037278 0.183824 0.035533
1 0.680401 0.037278 0.020582 0.035533
1 0.731761 0.037278 0.063788 0.038166
1 0.813148 0.037278 0.080636 0.038166
0 0.197971 0.118227 0.111689 0.028426
0 0.197971 0.156805 0.111689 0.028426
0 0.197971 0.195384 0.111689 0.028426
0 0.197971 0.233963 0.111689 0.028426
0 0.197971 0.272541 0.111689 0.028426
0 0.197971 0.311120 0.111689 0.028426
0 0.197971 0.349699 0.111689 0.028426
0 0.197971 0.388277 0.111689 0.028426
0 0.197971 0.426856 0.111689 0.028426
0 0.197971 0.465435 0.111689 0.028426
0 0.197971 0.504013 0.111689 0.028426
0 0.197971 0.542592 0.111689 0.028426
0 0.197971 0.623810 0.111689 0.028426
0 0.197971 0.662389 0.111689 0.028426
0 0.197971 0.700968 0.111689 0.028426
0 0.197971 0.739546 0.111689 0.028426
0 0.197971 0.778125 0.111689 0.028426
0 0.572553 0.280052 0.175240 0.059692
0 0.517512 0.336802 0.028394 0.020305
1 0.272929 0.675888 0.014706 0.028426
1 0.667534 0.675888 0.014706 0.028426
0 0.043240 0.706520 0.086479 0.043782
0 0.045513 0.771526 0.055672 0.020305
0 0.137950 0.706520 0.087185 0.043782
0 0.129066 0.771526 0.032653 0.020305
0 0.233013 0.706520 0.087185 0.043782
0 0.218352 0.771526 0.021099 0.020305
0 0.328076 0.695574 0.087185 0.021891
0 0.316722 0.771526 0.027713 0.020305
0 0.423139 0.717457 0.087185 0.065657
0 0.421091 0.771526 0.046325 0.020305
0 0.518202 0.695574 0.087185 0.021891
0 0.507895 0.771526 0.029806 0.020305
0 0.613265 0.695574 0.087185 0.021891
0 0.602876 0.771526 0.029642 0.020305
0 0.730559 0.252728 0.074580 0.030457
0 0.805139 0.252728 0.074580 0.030457
0 0.785575 0.313436 0.091649 0.019892
0 0.785575 0.421352 0.091649 0.039784
0 0.785575 0.530171 0.091649 0.039784
0 0.785575 0.638991 0.091649 0.039784
