1 0.001317 0.002546 0.002634 0.005092
1 0.092729 0.033605 0.153846 0.036660
18 0.868019 0.014766 0.000527 0.001018
18 0.926238 0.031059 0.115911 0.031568
18 0.976027 0.031059 0.016333 0.031568
17 0.072181 0.014766 0.144362 0.029532
1 0.072181 0.014766 0.144362 0.029532
17 0.132771 0.014766 0.023182 0.029532
17 0.072181 0.051935 0.144362 0.044807
1 0.072181 0.051935 0.144362 0.044807
17 0.072181 0.096741 0.144362 0.044807
1 0.072181 0.096741 0.144362 0.044807
17 0.132771 0.096741 0.023182 0.044807
17 0.072181 0.451120 0.144362 0.663951
1 0.072181 0.141548 0.144362 0.044807
17 0.132771 0.141548 0.023182 0.044807
17 0.072181 0.186354 0.144362 0.044807
1 0.072181 0.186354 0.144362 0.044807
17 0.132771 0.186354 0.023182 0.044807
17 0.072181 0.473523 0.144362 0.529532
1 0.072181 0.231161 0.144362 0.044807
17 0.132771 0.231161 0.023182 0.044807
17 0.076133 0.288187 0.136459 0.069246
1 0.076133 0.288187 0.136459 0.069246
17 0.076133 0.345214 0.136459 0.044807
1 0.076133 0.345214 0.136459 0.044807
17 0.076133 0.402240 0.136459 0.069246
1 0.076133 0.402240 0.136459 0.069246
17 0.076133 0.459267 0.136459 0.044807
1 0.076133 0.459267 0.136459 0.044807
17 0.076133 0.516293 0.136459 0.069246
1 0.076133 0.516293 0.136459 0.069246
17 0.076133 0.597760 0.136459 0.093686
1 0.076133 0.597760 0.136459 0.093686
17 0.076133 0.691446 0.136459 0.093686
1 0.076133 0.691446 0.136459 0.093686
17 0.072181 0.760692 0.144362 0.044807
1 0.072181 0.760692 0.144362 0.044807
17 0.072181 0.805499 0.144362 0.044807
1 0.072181 0.805499 0.144362 0.044807
17 0.132771 0.805499 0.023182 0.044807
17 0.072181 0.850305 0.144362 0.044807
1 0.072181 0.850305 0.144362 0.044807
17 0.132771 0.850305 0.023182 0.044807
17 0.072181 0.895112 0.144362 0.044807
1 0.072181 0.895112 0.144362 0.044807
17 0.132771 0.895112 0.023182 0.044807
0 0.328784 0.207835 0.060623 0.032777
0 0.310590 0.207835 0.008430 0.016293
0 0.334579 0.207835 0.033226 0.018521
1 0.522606 0.314346 0.076380 0.022403
1 0.455442 0.340313 0.074643 0.022403
1 0.351904 0.490008 0.062344 0.022403
1 0.340803 0.541942 0.040141 0.022403
1 0.346183 0.645812 0.050901 0.022403
1 0.471463 0.671780 0.074643 0.022403
1 0.367764 0.723714 0.094063 0.022403
1 0.369583 0.801617 0.097702 0.022403
1 0.410317 0.905486 0.179169 0.022403
18 0.484461 0.079430 0.870876 0.061100
18 0.064830 0.079430 0.031612 0.061100
18 0.064830 0.079430 0.012645 0.024440
18 0.500268 0.079430 0.839263 0.052953
0 0.048760 0.048371 0.000527 0.001018
18 0.935697 0.079939 0.030542 0.062118
18 0.851171 0.135883 0.036000 0.015275
18 0.884364 0.135883 0.024952 0.015275
18 0.910510 0.135883 0.021906 0.015275
0 0.945699 0.835031 0.006322 0.142566
18 0.499992 0.931263 0.087460 0.039715
