0 0.896552 0.781091 0.071062 0.025649
0 0.868809 0.851547 0.195996 0.050089
0 0.868809 0.851547 0.070551 0.025649
0 0.826948 0.851547 0.011064 0.021385
0 0.868809 0.850942 0.070551 0.020367
0 0.868809 0.926076 0.195996 0.050089
0 0.868805 0.926076 0.087568 0.025649
0 0.818436 0.926076 0.011064 0.021385
0 0.868805 0.925471 0.087568 0.020367
20 0.964700 0.644094 0.018967 0.036660
1 0.155163 0.041338 0.013699 0.040733
0 0.203487 0.041338 0.057659 0.041942
0 0.261966 0.041338 0.059298 0.041942
0 0.325388 0.041338 0.067546 0.041942
0 0.390946 0.041338 0.063570 0.041942
1 0.441414 0.041338 0.037367 0.041942
1 0.630968 0.041338 0.032979 0.041942
1 0.694259 0.041338 0.080957 0.050089
0 0.694259 0.041338 0.058828 0.025649
0 0.658259 0.041338 0.011064 0.021385
0 0.694259 0.040733 0.058828 0.020367
1 0.791368 0.041338 0.104831 0.050089
0 0.791368 0.041338 0.082702 0.025649
0 0.743431 0.041338 0.011064 0.021385
0 0.791368 0.040733 0.082702 0.020367
1 0.655950 0.539110 0.070082 0.050089
0 0.655950 0.539110 0.049007 0.025649
0 0.655950 0.538506 0.049007 0.020367
0 0.783720 0.711813 0.018967 0.036660
0 0.809009 0.711813 0.018967 0.036660
0 0.834299 0.711813 0.018967 0.036660
10 0.054148 0.942751 0.074289 0.028513
10 0.123147 0.942751 0.041623 0.020367
10 0.179880 0.942751 0.040042 0.048880
10 0.234854 0.942751 0.042677 0.018330
10 0.282513 0.942751 0.037408 0.022403
10 0.348436 0.942751 0.076923 0.018330
10 0.425607 0.942751 0.048472 0.018330
10 0.500909 0.942751 0.073762 0.036660
10 0.571912 0.942751 0.035300 0.018330
10 0.625833 0.942751 0.045311 0.018330
10 0.684446 0.942751 0.052687 0.048880
10 0.762997 0.942751 0.080611 0.020367
10 0.856633 0.942751 0.074289 0.028513
10 0.930775 0.942751 0.041623 0.020367
10 0.983601 0.942751 0.032799 0.048880
