0 0.071954 0.036548 0.110294 0.073096
1 0.167091 0.036548 0.046366 0.040609
1 0.221918 0.036548 0.059086 0.040609
1 0.268005 0.036548 0.028887 0.040609
1 0.305853 0.036548 0.042608 0.040609
1 0.349942 0.036548 0.041369 0.040609
1 0.909155 0.036548 0.037914 0.040609
1 0.953814 0.036548 0.043002 0.040609
1 0.634712 0.531472 0.122005 0.056853
1 0.656993 0.634518 0.012334 0.017259
1 0.632616 0.769036 0.029412 0.056853
1 0.632616 0.769036 0.029412 0.056853
1 0.632616 0.769036 0.028361 0.054822
1 0.666229 0.769036 0.029412 0.056853
1 0.666229 0.769036 0.029412 0.056853
1 0.666229 0.769036 0.028361 0.054822
1 0.699842 0.769036 0.029412 0.056853
1 0.699842 0.769036 0.029412 0.056853
1 0.699842 0.769036 0.028361 0.054822
1 0.733456 0.769036 0.029412 0.056853
1 0.733456 0.769036 0.029412 0.056853
1 0.733456 0.769036 0.028361 0.054822
0 0.675145 0.821320 0.046046 0.015228
0 0.709657 0.837563 0.038422 0.015228
0 0.873014 0.871066 0.053555 0.022335
1 0.832458 0.929442 0.268908 0.043655
1 0.943766 0.929442 0.046292 0.043655
