1 0.072181 0.036660 0.110643 0.073320
0 0.167619 0.036660 0.046513 0.040733
0 0.222619 0.036660 0.059273 0.040733
0 0.268852 0.036660 0.028978 0.040733
0 0.306820 0.036660 0.042742 0.040733
0 0.351048 0.036660 0.041499 0.040733
0 0.908868 0.036660 0.038033 0.040733
0 0.953668 0.036660 0.043138 0.040733
0 0.635138 0.531568 0.122390 0.057026
0 0.657489 0.634929 0.012373 0.017312
0 0.633035 0.769857 0.029505 0.057026
0 0.633035 0.769857 0.029505 0.057026
0 0.633035 0.769857 0.028451 0.054990
10 0.633319 0.770406 0.029019 0.056088
0 0.666754 0.769857 0.029505 0.057026
0 0.666754 0.769857 0.029505 0.057026
0 0.666754 0.769857 0.028451 0.054990
10 0.667038 0.770406 0.029019 0.056088
0 0.700474 0.769857 0.029505 0.057026
0 0.700474 0.769857 0.029505 0.057026
0 0.700474 0.769857 0.028451 0.054990
10 0.700758 0.770406 0.029019 0.056088
0 0.734194 0.769857 0.029505 0.057026
0 0.734194 0.769857 0.029505 0.057026
0 0.734194 0.769857 0.028451 0.054990
10 0.734478 0.770406 0.029019 0.056088
1 0.675699 0.822301 0.046192 0.015275
1 0.710320 0.838595 0.038544 0.015275
1 0.872613 0.870672 0.053724 0.022403
0 0.831928 0.929226 0.269758 0.043788
0 0.943588 0.929226 0.046439 0.043788
