1 0.496048 0.036373 0.992097 0.072747
10 0.072572 0.036373 0.012546 0.024249
10 0.822359 0.036373 0.012546 0.024249
18 0.491381 0.072747 0.234112 0.048498
18 0.629408 0.072747 0.041944 0.048498
1 0.069012 0.112104 0.125477 0.053796
10 0.069012 0.112104 0.125477 0.053796
1 0.193263 0.112096 0.074042 0.044616
1 0.290750 0.112096 0.080792 0.044616
1 0.386155 0.112096 0.069876 0.044616
0 0.489319 0.112104 0.096310 0.054465
3 0.529258 0.112096 0.011163 0.021576
0 0.598825 0.112104 0.082562 0.054465
3 0.631890 0.112096 0.011163 0.021576
0 0.888229 0.112096 0.195189 0.050439
18 0.800357 0.112096 0.019445 0.029977
18 0.797221 0.112096 0.013172 0.029977
1 0.838757 0.112096 0.049616 0.050439
17 0.904307 0.112096 0.075211 0.040733
10 0.951874 0.095818 0.007376 0.014257
0 0.966058 0.099605 0.013172 0.025458
0 0.052185 0.648326 0.066731 0.054703
10 0.872390 0.367561 0.239413 0.432202
10 0.846109 0.738401 0.291977 0.309477
0 0.930906 0.815682 0.122382 0.195519
0 0.930906 0.775967 0.090770 0.034623
0 0.930906 0.820774 0.090770 0.034623
0 0.930906 0.865580 0.090770 0.034623
1 0.026302 0.949076 0.031530 0.059270
1 0.968589 0.928717 0.025940 0.033605
10 0.968589 0.925153 0.025940 0.026477
20 0.960876 0.964358 0.041368 0.040733
1 0.960876 0.964358 0.025561 0.020367
10 0.953364 0.964358 0.010537 0.016293
1 0.965606 0.997454 0.025732 0.005092
10 0.958938 0.998473 0.012024 0.003055
