0 0.038866 0.043147 0.048319 0.046954
11 0.082405 0.058376 0.038759 0.051364
0 0.076890 0.043353 0.027729 0.017259
1 0.961922 0.111977 0.007878 0.015228
0 0.342404 0.195749 0.069705 0.017259
0 0.343126 0.229854 0.071150 0.017259
0 0.416808 0.195749 0.042599 0.017259
0 0.412019 0.229854 0.033023 0.017259
0 0.405302 0.263959 0.019589 0.017259
0 0.408581 0.298065 0.026146 0.017259
0 0.407629 0.332170 0.024242 0.017259
0 0.506549 0.195749 0.033433 0.017259
0 0.517147 0.229854 0.054630 0.017259
0 0.512252 0.263959 0.044840 0.017259
0 0.514345 0.298065 0.049025 0.017259
0 0.515395 0.332170 0.051126 0.017259
0 0.524037 0.366275 0.068409 0.017259
1 0.529576 0.398905 0.079487 0.016339
0 0.619469 0.195749 0.066685 0.017259
0 0.633662 0.229854 0.095071 0.017259
0 0.635344 0.263959 0.098436 0.017259
0 0.605986 0.298065 0.039719 0.017259
1 0.167226 0.182868 0.021082 0.015863
0 0.292279 0.158677 0.033433 0.017259
0 0.303141 0.196843 0.055155 0.017259
0 0.319188 0.235010 0.087251 0.017259
0 0.297983 0.273176 0.044840 0.017259
0 0.310604 0.311342 0.070083 0.017259
0 0.316431 0.349508 0.081736 0.017259
0 0.309767 0.387674 0.068409 0.017259
0 0.310986 0.425841 0.070846 0.017259
0 0.314289 0.464007 0.077452 0.017259
0 0.452251 0.158677 0.069763 0.017259
0 0.460806 0.196843 0.086873 0.017259
0 0.449801 0.235010 0.064863 0.017259
0 0.458082 0.273176 0.081424 0.017259
0 0.451796 0.311342 0.068852 0.017259
0 0.454024 0.349508 0.073308 0.017259
0 0.454122 0.387674 0.073505 0.017259
0 0.453150 0.425841 0.071560 0.017259
0 0.449317 0.464007 0.063895 0.017259
0 0.595088 0.158677 0.071822 0.017259
0 0.601427 0.196843 0.084501 0.017259
0 0.584739 0.235010 0.051126 0.017259
0 0.586491 0.273176 0.054630 0.017259
0 0.583689 0.311342 0.049025 0.017259
0 0.583755 0.349508 0.049156 0.017259
0 0.595839 0.387674 0.073324 0.017259
0 0.598067 0.425841 0.077780 0.017259
0 0.593672 0.464007 0.068991 0.017259
0 0.735663 0.158677 0.069361 0.017259
0 0.744198 0.196843 0.086430 0.017259
0 0.732959 0.235010 0.063953 0.017259
0 0.749955 0.273176 0.097943 0.017259
0 0.734880 0.311342 0.067793 0.017259
0 0.739602 0.349508 0.077239 0.017259
11 0.123572 0.058376 0.043576 0.051364
0 0.118057 0.043353 0.032547 0.017259
1 0.961922 0.111977 0.007878 0.015228
0 0.319102 0.195749 0.045258 0.017259
0 0.331325 0.229854 0.069705 0.017259
0 0.332048 0.263959 0.071150 0.017259
0 0.344238 0.298065 0.095531 0.017259
0 0.442543 0.195749 0.067465 0.017259
0 0.420172 0.229854 0.022724 0.017259
0 0.433992 0.263959 0.050363 0.017259
0 0.433512 0.298065 0.049403 0.017259
0 0.423459 0.332170 0.029297 0.017259
0 0.419274 0.366275 0.020926 0.017259
0 0.538390 0.195749 0.070509 0.017259
0 0.532079 0.229854 0.057888 0.017259
0 0.543449 0.263959 0.080628 0.017259
0 0.536568 0.298065 0.066866 0.017259
0 0.532194 0.332170 0.058118 0.017259
0 0.526125 0.366275 0.045981 0.017259
1 0.543449 0.398905 0.080628 0.016339
0 0.633912 0.195749 0.066685 0.017259
0 0.648105 0.229854 0.095071 0.017259
0 0.641384 0.263959 0.081629 0.017259
0 0.620429 0.298065 0.039719 0.017259
1 0.167226 0.182868 0.021082 0.015863
0 0.300822 0.158677 0.050519 0.017259
0 0.310596 0.196843 0.070066 0.017259
0 0.310104 0.235010 0.069082 0.017259
0 0.304507 0.273176 0.057888 0.017259
0 0.304622 0.311342 0.058118 0.017259
0 0.301138 0.349508 0.051151 0.017259
0 0.451024 0.158677 0.067309 0.017259
0 0.452723 0.196843 0.070706 0.017259
0 0.440065 0.235010 0.045390 0.017259
0 0.448300 0.273176 0.061860 0.017259
0 0.452624 0.311342 0.070509 0.017259
0 0.454852 0.349508 0.074966 0.017259
0 0.585174 0.158677 0.051996 0.017259
0 0.591953 0.196843 0.065553 0.017259
0 0.599490 0.235010 0.080628 0.017259
0 0.587320 0.273176 0.056288 0.017259
0 0.586102 0.311342 0.053850 0.017259
0 0.584522 0.349508 0.050691 0.017259
0 0.745638 0.158677 0.089310 0.017259
0 0.727863 0.196843 0.053760 0.017259
0 0.723973 0.235010 0.045981 0.017259
0 0.734416 0.273176 0.066866 0.017259
0 0.740173 0.311342 0.078379 0.017259
11 0.175375 0.058376 0.060030 0.051364
0 0.169860 0.043353 0.049000 0.017259
1 0.961922 0.111977 0.007878 0.015228
0 0.325331 0.195749 0.045258 0.017259
0 0.337554 0.229854 0.069705 0.017259
0 0.338276 0.263959 0.071150 0.017259
0 0.413418 0.195749 0.045521 0.017259
0 0.522904 0.195749 0.075844 0.017259
0 0.513779 0.229854 0.057593 0.017259
0 0.527684 0.263959 0.085404 0.017259
0 0.519539 0.298065 0.069114 0.017259
0 0.525637 0.332170 0.081309 0.017259
0 0.518403 0.366275 0.066841 0.017259
1 0.527684 0.398905 0.085404 0.016339
0 0.620536 0.195749 0.066685 0.017259
0 0.634729 0.229854 0.095071 0.017259
0 0.638307 0.263959 0.102227 0.017259
0 0.607053 0.298065 0.039719 0.017259
1 0.167226 0.182868 0.021082 0.015863
0 0.308984 0.158677 0.066841 0.017259
0 0.318265 0.196843 0.085404 0.017259
0 0.309591 0.235010 0.068056 0.017259
0 0.308824 0.273176 0.066521 0.017259
0 0.311158 0.311342 0.071191 0.017259
0 0.314654 0.349508 0.078182 0.017259
0 0.308368 0.387674 0.065610 0.017259
0 0.310596 0.425841 0.070066 0.017259
0 0.451529 0.158677 0.068318 0.017259
0 0.446367 0.196843 0.057995 0.017259
0 0.447696 0.235010 0.060654 0.017259
0 0.472414 0.273176 0.110089 0.017259
0 0.458000 0.311342 0.081260 0.017259
0 0.451927 0.349508 0.069114 0.017259
0 0.446166 0.387674 0.057593 0.017259
0 0.459805 0.425841 0.084871 0.017259
0 0.602449 0.158677 0.086545 0.017259
0 0.599831 0.196843 0.081309 0.017259
0 0.595482 0.235010 0.072610 0.017259
0 0.611632 0.273176 0.104911 0.017259
0 0.611993 0.311342 0.105633 0.017259
0 0.600418 0.349508 0.082483 0.017259
0 0.609650 0.387674 0.100947 0.017259
0 0.590328 0.425841 0.062303 0.017259
0 0.733907 0.158677 0.065848 0.017259
0 0.742577 0.196843 0.083188 0.017259
0 0.738905 0.235010 0.075844 0.017259
0 0.761259 0.273176 0.120552 0.017259
0 0.748334 0.311342 0.094702 0.017259
0 0.743037 0.349508 0.084107 0.017259
11 0.228163 0.058376 0.045546 0.051364
0 0.222648 0.043353 0.034516 0.017259
1 0.961922 0.111977 0.007878 0.015228
0 0.331863 0.195749 0.045258 0.017259
0 0.344086 0.229854 0.069705 0.017259
0 0.344809 0.263959 0.071150 0.017259
0 0.408552 0.195749 0.022724 0.017259
0 0.422371 0.229854 0.050363 0.017259
0 0.430923 0.263959 0.067465 0.017259
0 0.411839 0.298065 0.029297 0.017259
0 0.407653 0.332170 0.020926 0.017259
0 0.411720 0.366275 0.029059 0.017259
0 0.515485 0.195749 0.047942 0.017259
0 0.512847 0.229854 0.042665 0.017259
0 0.516048 0.263959 0.049066 0.017259
0 0.517422 0.298065 0.051815 0.017259
0 0.515801 0.332170 0.048574 0.017259
0 0.516815 0.366275 0.050601 0.017259
1 0.531258 0.398905 0.079487 0.016339
0 0.635344 0.195749 0.095071 0.017259
0 0.628032 0.229854 0.080447 0.017259
0 0.607668 0.263959 0.039719 0.017259
1 0.167226 0.182868 0.021082 0.015863
0 0.300096 0.158677 0.049066 0.017259
0 0.310892 0.196843 0.070657 0.017259
0 0.305295 0.235010 0.059464 0.017259
0 0.299850 0.273176 0.048574 0.017259
0 0.303321 0.311342 0.055516 0.017259
0 0.443277 0.158677 0.051815 0.017259
0 0.449863 0.196843 0.064987 0.017259
0 0.442723 0.235010 0.050707 0.017259
0 0.441341 0.273176 0.047942 0.017259
0 0.442670 0.311342 0.050601 0.017259
0 0.580599 0.158677 0.042846 0.017259
0 0.593171 0.196843 0.067990 0.017259
0 0.582142 0.235010 0.045931 0.017259
0 0.580956 0.273176 0.043560 0.017259
0 0.586894 0.311342 0.055434 0.017259
0 0.728204 0.158677 0.054441 0.017259
0 0.722316 0.196843 0.042665 0.017259
0 0.728142 0.235010 0.054318 0.017259
0 0.728380 0.273176 0.054794 0.017259
0 0.725582 0.311342 0.049197 0.017259
0 0.265133 0.042846 0.028394 0.017259
0 0.318999 0.043147 0.079340 0.022335
0 0.329430 0.094924 0.073940 0.017259
0 0.330854 0.124968 0.076787 0.017259
0 0.330082 0.155013 0.075245 0.017259
0 0.334025 0.185057 0.083131 0.017259
0 0.312578 0.215102 0.040236 0.017259
0 0.299788 0.245146 0.014657 0.017259
0 0.302484 0.275190 0.020048 0.017259
1 0.391995 0.043909 0.044594 0.016339
0 0.407945 0.096748 0.050231 0.017259
0 0.418482 0.131266 0.071305 0.017259
0 0.417435 0.165784 0.069213 0.017259
0 0.406258 0.200301 0.046859 0.017259
0 0.422125 0.234819 0.078593 0.017259
0 0.421079 0.269337 0.076500 0.017259
0 0.417091 0.303855 0.068524 0.017259
0 0.412881 0.338372 0.060104 0.017259
0 0.390801 0.372890 0.015945 0.017259
0 0.390157 0.407408 0.014657 0.017259
0 0.851435 0.043353 0.032095 0.017259
1 0.907506 0.043401 0.032776 0.016339
0 0.956695 0.042846 0.041442 0.043655
8 0.067432 0.132487 0.085265 0.059898
5 0.069443 0.185279 0.088235 0.043655
5 0.069443 0.228934 0.088235 0.043655
5 0.069443 0.272589 0.088235 0.043655
5 0.069443 0.316244 0.088235 0.043655
5 0.069443 0.359898 0.088235 0.043655
5 0.069443 0.403553 0.088235 0.043655
2 0.503336 0.132487 0.772888 0.033503
1 0.931173 0.132487 0.072282 0.052792
0 0.955144 0.559708 0.040343 0.017259
0 0.625611 0.650857 0.137285 0.029442
0 0.241441 0.906385 0.163028 0.187230
0 0.411186 0.906385 0.163037 0.187230
0 0.580932 0.906385 0.163028 0.187230
0 0.750677 0.906385 0.163037 0.187230
