0 0.046218 0.021320 0.067227 0.016244
0 0.387621 0.019797 0.031332 0.039594
0 0.442362 0.019797 0.042271 0.039594
0 0.497587 0.019797 0.032300 0.039594
0 0.548348 0.019797 0.033343 0.039594
0 0.974408 0.020305 0.051183 0.040609
1 0.917304 0.020305 0.046218 0.028426
1 0.841149 0.020305 0.090336 0.028426
1 0.500000 0.563198 0.126050 0.048731
0 0.363273 0.941624 0.033269 0.019289
0 0.400239 0.941624 0.019654 0.019289
0 0.426134 0.941624 0.011128 0.019289
0 0.453864 0.941624 0.023323 0.019289
0 0.488294 0.941624 0.024529 0.019289
0 0.518144 0.941624 0.014164 0.019289
0 0.544618 0.941624 0.017775 0.019289
