0 0.192489 0.061715 0.157563 0.070638
1 0.663353 0.061715 0.074801 0.070638
1 0.725176 0.061715 0.048845 0.070638
1 0.773758 0.061715 0.048319 0.070638
1 0.838166 0.061715 0.080497 0.070638
1 0.484560 0.820606 0.006245 0.045685
1 0.501309 0.820606 0.006245 0.045685
1 0.518058 0.820606 0.006245 0.045685
1 0.103204 0.491053 0.021008 0.040609
0 0.191226 0.697938 0.134027 0.074778
1 0.191226 0.697938 0.134027 0.074778
0 0.191226 0.758169 0.060153 0.021320
1 0.965467 0.737928 0.069065 0.074778
1 0.888918 0.491053 0.021008 0.040609
1 0.457721 0.954109 0.076681 0.044670
1 0.534401 0.954109 0.076681 0.044670
