0 0.068540 0.030457 0.091912 0.041720
1 0.912942 0.030457 0.055401 0.035533
0 0.964282 0.030457 0.038874 0.040609
0 0.041176 0.087817 0.057141 0.035533
0 0.084034 0.210501 0.168067 0.043338
0 0.256303 0.282194 0.142857 0.034914
0 0.256303 0.316093 0.142857 0.018671
0 0.377093 0.205124 0.065110 0.042735
0 0.448246 0.205124 0.068794 0.042735
0 0.507562 0.205124 0.041434 0.042735
0 0.554675 0.205124 0.044388 0.042735
0 0.601759 0.205124 0.041377 0.042735
0 0.365817 0.255980 0.042558 0.042735
1 0.410768 0.254918 0.038939 0.040609
0 0.699883 0.200048 0.054704 0.042735
0 0.773023 0.200048 0.083172 0.042735
0 0.840336 0.200048 0.043051 0.042735
0 0.889111 0.200048 0.046095 0.042735
0 0.933918 0.200048 0.035115 0.042735
0 0.713592 0.250904 0.082122 0.042735
1 0.778324 0.249841 0.038939 0.040609
0 0.084034 0.253839 0.168067 0.043338
0 0.256303 0.282194 0.142857 0.034914
0 0.256303 0.316093 0.142857 0.018671
0 0.379682 0.205124 0.070288 0.042735
0 0.442387 0.205124 0.046719 0.042735
0 0.497074 0.205124 0.054253 0.042735
0 0.549119 0.205124 0.041434 0.042735
0 0.602970 0.205124 0.057863 0.042735
0 0.359235 0.255980 0.029395 0.042735
1 0.397605 0.254918 0.038939 0.040609
0 0.695768 0.200048 0.046473 0.042735
0 0.747218 0.200048 0.048024 0.042735
0 0.791914 0.200048 0.032965 0.042735
0 0.836196 0.200048 0.047195 0.042735
0 0.880757 0.200048 0.033523 0.042735
0 0.718028 0.250904 0.090993 0.042735
1 0.787196 0.249841 0.038939 0.040609
0 0.084034 0.297176 0.168067 0.043338
0 0.256303 0.265855 0.142857 0.034914
0 0.363285 0.205124 0.037495 0.042735
0 0.414095 0.205124 0.055722 0.042735
0 0.461516 0.205124 0.030717 0.042735
0 0.502236 0.205124 0.042320 0.042735
0 0.554761 0.205124 0.054326 0.042735
0 0.700392 0.200048 0.055722 0.042735
0 0.774041 0.200048 0.083172 0.042735
0 0.841354 0.200048 0.043051 0.042735
0 0.908728 0.200048 0.083295 0.042735
0 0.695579 0.250904 0.046095 0.042735
0 0.775698 0.250904 0.105740 0.042735
1 0.852240 0.249841 0.038939 0.040609
0 0.084034 0.340514 0.168067 0.043338
0 0.256303 0.265855 0.142857 0.034914
0 0.363285 0.205124 0.037495 0.042735
0 0.414095 0.205124 0.055722 0.042735
0 0.461516 0.205124 0.030717 0.042735
0 0.502236 0.205124 0.042320 0.042735
0 0.554761 0.205124 0.054326 0.042735
0 0.692264 0.200048 0.039465 0.042735
0 0.744059 0.200048 0.055722 0.042735
0 0.794786 0.200048 0.037331 0.042735
0 0.837817 0.200048 0.040326 0.042735
0 0.884208 0.200048 0.044052 0.042735
0 0.927993 0.200048 0.035115 0.042735
1 0.692001 0.249841 0.038939 0.040609
0 0.084034 0.383852 0.168067 0.043338
0 0.584296 0.242616 0.798845 0.034914
0 0.102432 0.087817 0.056969 0.035533
0 0.084034 0.210501 0.168067 0.043338
0 0.256303 0.265855 0.142857 0.034914
0 0.373383 0.205124 0.057691 0.042735
0 0.423709 0.205124 0.034557 0.042735
0 0.478889 0.205124 0.067399 0.042735
0 0.549677 0.205124 0.065774 0.042735
0 0.620105 0.205124 0.066677 0.042735
0 0.375952 0.255980 0.062828 0.042735
1 0.431037 0.254918 0.038939 0.040609
0 0.698862 0.200048 0.052661 0.042735
0 0.747156 0.200048 0.035526 0.042735
0 0.824215 0.200048 0.110187 0.042735
0 0.736981 0.250904 0.128898 0.042735
0 0.845810 0.250904 0.080357 0.042735
0 0.908646 0.250904 0.036912 0.042735
1 0.950774 0.249841 0.038939 0.040609
0 0.084034 0.253839 0.168067 0.043338
0 0.256303 0.265855 0.142857 0.034914
0 0.371816 0.205124 0.054556 0.042735
0 0.436720 0.205124 0.066849 0.042735
0 0.503943 0.205124 0.059193 0.042735
0 0.568031 0.205124 0.060580 0.042735
0 0.403907 0.255980 0.118739 0.042735
0 0.501875 0.255980 0.068794 0.042735
1 0.559944 0.254918 0.038939 0.040609
0 0.698862 0.200048 0.052661 0.042735
0 0.747156 0.200048 0.035526 0.042735
0 0.824215 0.200048 0.110187 0.042735
0 0.736981 0.250904 0.128898 0.042735
0 0.845810 0.250904 0.080357 0.042735
0 0.908646 0.250904 0.036912 0.042735
1 0.950774 0.249841 0.038939 0.040609
0 0.084034 0.297176 0.168067 0.043338
0 0.256303 0.265855 0.142857 0.034914
0 0.361816 0.205124 0.034557 0.042735
0 0.413000 0.205124 0.059406 0.042735
0 0.478294 0.205124 0.062779 0.042735
0 0.534803 0.205124 0.041836 0.042735
0 0.575400 0.205124 0.030955 0.042735
0 0.609941 0.205124 0.029724 0.042735
1 0.364008 0.254918 0.038939 0.040609
0 0.703921 0.200048 0.062779 0.042735
0 0.759889 0.200048 0.040753 0.042735
0 0.799329 0.200048 0.029724 0.042735
0 0.834633 0.200048 0.032481 0.042735
0 0.870031 0.200048 0.029912 0.042735
0 0.909779 0.200048 0.041180 0.042735
0 0.084034 0.340514 0.168067 0.043338
0 0.256303 0.265855 0.142857 0.034914
0 0.373383 0.205124 0.057691 0.042735
0 0.439318 0.205124 0.065774 0.042735
0 0.509745 0.205124 0.066677 0.042735
0 0.578699 0.205124 0.062828 0.042735
0 0.376555 0.255980 0.064035 0.042735
0 0.439679 0.255980 0.053809 0.042735
1 0.490255 0.254918 0.038939 0.040609
0 0.691131 0.200048 0.037200 0.042735
0 0.732881 0.200048 0.037897 0.042735
0 0.776076 0.200048 0.040088 0.042735
0 0.824912 0.200048 0.049181 0.042735
0 0.870216 0.200048 0.033023 0.042735
0 0.911096 0.200048 0.040334 0.042735
0 0.084034 0.383852 0.168067 0.043338
0 0.256303 0.265855 0.142857 0.034914
0 0.378237 0.205124 0.067399 0.042735
0 0.443548 0.205124 0.054819 0.042735
0 0.502552 0.205124 0.054786 0.042735
0 0.567924 0.205124 0.067555 0.042735
0 0.628718 0.205124 0.045628 0.042735
0 0.365169 0.255980 0.041262 0.042735
1 0.409471 0.254918 0.038939 0.040609
0 0.696507 0.200048 0.047950 0.042735
0 0.753213 0.200048 0.057059 0.042735
0 0.809981 0.200048 0.048073 0.042735
0 0.866297 0.200048 0.056156 0.042735
0 0.929027 0.200048 0.060900 0.042735
0 0.698250 0.250904 0.051438 0.042735
0 0.084034 0.427189 0.168067 0.043338
0 0.256303 0.265855 0.142857 0.034914
0 0.378237 0.205124 0.067399 0.042735
0 0.443130 0.205124 0.053982 0.042735
0 0.506774 0.205124 0.064904 0.042735
0 0.569147 0.205124 0.051438 0.042735
0 0.626477 0.205124 0.054819 0.042735
0 0.378315 0.255980 0.067555 0.042735
1 0.435764 0.254918 0.038939 0.040609
0 0.706231 0.200048 0.067399 0.042735
0 0.768169 0.200048 0.048073 0.042735
0 0.828667 0.200048 0.064519 0.042735
0 0.899459 0.200048 0.068663 0.042735
0 0.702957 0.250904 0.060851 0.042735
0 0.767558 0.250904 0.059948 0.042735
0 0.084034 0.470527 0.168067 0.043338
0 0.256303 0.265855 0.142857 0.034914
0 0.364270 0.200048 0.039465 0.042735
0 0.409336 0.200048 0.042263 0.042735
0 0.480313 0.200048 0.091288 0.042735
0 0.546916 0.200048 0.033515 0.042735
0 0.583824 0.200048 0.031898 0.042735
0 0.619969 0.200048 0.031989 0.042735
0 0.084034 0.513864 0.168067 0.043338
0 0.256303 0.265855 0.142857 0.034914
0 0.378701 0.205124 0.068327 0.042735
0 0.453301 0.205124 0.072471 0.042735
0 0.706695 0.200048 0.068327 0.042735
0 0.774172 0.200048 0.058224 0.042735
0 0.842080 0.200048 0.069188 0.042735
0 0.909508 0.200048 0.057264 0.042735
0 0.707630 0.250904 0.070198 0.042735
0 0.781012 0.250904 0.068162 0.042735
0 0.159295 0.087817 0.048352 0.035533
0 0.202345 0.148572 0.134454 0.043338
0 0.202345 0.191910 0.134454 0.043338
0 0.220465 0.087817 0.065586 0.035533
0 0.084034 0.217608 0.168067 0.057551
0 0.584296 0.242616 0.798845 0.034914
0 0.084034 0.275159 0.168067 0.057551
0 0.584296 0.242616 0.798845 0.034914
0 0.084034 0.332709 0.168067 0.057551
0 0.584296 0.242616 0.798845 0.034914
0 0.300888 0.087817 0.086857 0.035533
0 0.084034 0.210501 0.168067 0.043338
0 0.584296 0.242616 0.798845 0.034914
0 0.584296 0.276515 0.798845 0.018671
0 0.584296 0.302292 0.798845 0.018671
0 0.084034 0.253839 0.168067 0.043338
0 0.584296 0.242616 0.798845 0.034914
0 0.584296 0.276515 0.798845 0.018671
0 0.584296 0.302292 0.798845 0.018671
0 0.084034 0.297176 0.168067 0.043338
0 0.584296 0.242616 0.798845 0.034914
0 0.584296 0.276515 0.798845 0.018671
0 0.084034 0.340514 0.168067 0.043338
0 0.584296 0.242616 0.798845 0.034914
0 0.384503 0.087817 0.071970 0.035533
0 0.880732 0.087817 0.063280 0.035533
0 0.084034 0.217608 0.168067 0.057551
0 0.584296 0.242616 0.798845 0.034914
0 0.584296 0.276515 0.798845 0.018671
0 0.084034 0.275159 0.168067 0.057551
0 0.584296 0.242616 0.798845 0.034914
0 0.084034 0.332709 0.168067 0.057551
0 0.584296 0.242616 0.798845 0.034914
0 0.084034 0.392798 0.168067 0.062627
0 0.584296 0.249722 0.798845 0.034914
0 0.936228 0.087817 0.039309 0.035533
0 0.971901 0.087817 0.023634 0.045685
1 0.286239 0.335121 0.018382 0.059898
2 0.409738 0.335121 0.228614 0.033503
1 0.595925 0.336136 0.143760 0.035533
1 0.593561 0.399080 0.112772 0.035533
5 0.590147 0.399080 0.105945 0.035533
1 0.593561 0.455933 0.112772 0.035533
5 0.558097 0.455933 0.041844 0.035533
1 0.597500 0.491466 0.104894 0.035533
5 0.568778 0.491466 0.047449 0.035533
1 0.597500 0.526999 0.104894 0.035533
5 0.568675 0.526999 0.047244 0.035533
1 0.593561 0.583852 0.112772 0.035533
5 0.555873 0.583852 0.037397 0.035533
1 0.597500 0.619385 0.104894 0.035533
5 0.568778 0.619385 0.047449 0.035533
1 0.597500 0.654918 0.104894 0.035533
5 0.568675 0.654918 0.047244 0.035533
1 0.699580 0.334105 0.064601 0.045685
0 0.356802 0.442735 0.027729 0.017259
0 0.428563 0.442735 0.027557 0.017259
0 0.495930 0.442735 0.018940 0.017259
0 0.559201 0.442735 0.019367 0.017259
0 0.631089 0.442735 0.036174 0.017259
0 0.496061 0.734661 0.089286 0.040704
1 0.013130 0.634708 0.015756 0.030457
1 0.978992 0.634708 0.015756 0.030457
12 0.496061 0.777149 0.992122 0.018671
1 0.487658 0.778982 0.004202 0.008122
1 0.496061 0.778982 0.004202 0.008122
1 0.504464 0.778982 0.004202 0.008122
0 0.165351 0.903395 0.330702 0.193211
0 0.496057 0.903395 0.330710 0.193211
0 0.826767 0.903395 0.330710 0.193211
