0 0.207983 0.020305 0.079307 0.022335
2 0.469612 0.023350 0.101792 0.026396
1 0.527122 0.023350 0.009027 0.011358
0 0.573181 0.023350 0.031619 0.046701
0 0.645102 0.023350 0.087013 0.046701
13 0.605797 0.023342 0.008403 0.018353
0 0.725684 0.023350 0.048943 0.046701
0 0.777520 0.023350 0.029518 0.046701
1 0.811187 0.023350 0.012605 0.046701
1 0.811187 0.023342 0.012605 0.033614
0 0.868123 0.411168 0.034040 0.067005
0 0.860914 0.490355 0.019622 0.067005
0 0.860109 0.569543 0.018013 0.067005
0 0.860754 0.648731 0.019301 0.067005
0 0.857996 0.727919 0.013787 0.067005
0 0.865341 0.807107 0.028476 0.067005
0 0.860048 0.886294 0.017890 0.067005
0 0.862723 0.965482 0.023241 0.067005
0 0.211286 0.074619 0.052299 0.055838
0 0.299419 0.074619 0.055689 0.055838
0 0.411900 0.074619 0.100996 0.055838
0 0.532374 0.074619 0.071675 0.055838
0 0.785169 0.074619 0.060440 0.055838
0 0.193290 0.195114 0.033113 0.024365
0 0.190545 0.278744 0.027623 0.024365
0 0.192280 0.362373 0.031094 0.024365
0 0.361262 0.195114 0.037126 0.024365
0 0.359153 0.278744 0.032908 0.024365
0 0.346232 0.344099 0.007066 0.024365
0 0.525752 0.195114 0.034171 0.024365
0 0.546452 0.278744 0.075573 0.024365
0 0.528649 0.380647 0.039965 0.024365
0 0.703486 0.195114 0.057707 0.024365
0 0.196248 0.654822 0.039030 0.040609
0 0.255055 0.654822 0.044971 0.040609
0 0.328864 0.654822 0.069032 0.040609
0 0.425908 0.654822 0.091444 0.040609
13 0.388065 0.654822 0.007353 0.014213
0 0.215303 0.224556 0.077140 0.024365
0 0.215160 0.308185 0.076853 0.024365
0 0.219148 0.373541 0.084830 0.024365
0 0.369699 0.224556 0.053998 0.024365
0 0.393313 0.308185 0.101226 0.024365
0 0.518809 0.224556 0.020286 0.024365
0 0.555594 0.308185 0.093857 0.024365
0 0.546448 0.391815 0.075565 0.024365
0 0.530815 0.475444 0.044298 0.024365
0 0.690179 0.224556 0.031094 0.024365
0 0.706260 0.308185 0.063255 0.024365
0 0.708213 0.373541 0.067161 0.024365
0 0.694615 0.438896 0.039965 0.024365
0 0.229365 0.654822 0.105264 0.040609
0 0.352527 0.654822 0.107446 0.040609
0 0.468779 0.654822 0.091444 0.040609
13 0.430935 0.654822 0.007353 0.014213
0 0.208865 0.224556 0.064264 0.024365
0 0.183680 0.289911 0.013893 0.024365
1 0.219846 0.373541 0.086225 0.024365
0 0.358247 0.224556 0.031094 0.024365
0 0.374327 0.308185 0.063255 0.024365
0 0.379243 0.373541 0.073086 0.024365
1 0.362682 0.438896 0.039965 0.024365
0 0.196248 0.654822 0.039030 0.040609
0 0.281746 0.654822 0.098354 0.040609
0 0.393452 0.654822 0.091444 0.040609
13 0.355608 0.654822 0.007353 0.014213
0 0.201865 0.195114 0.050264 0.024365
0 0.198948 0.260470 0.044429 0.024365
0 0.234100 0.325825 0.114734 0.024365
0 0.349646 0.195114 0.013893 0.024365
0 0.352863 0.278744 0.020327 0.024365
0 0.229365 0.654822 0.105264 0.040609
0 0.344526 0.654822 0.091444 0.040609
13 0.306682 0.654822 0.007353 0.014213
0 0.199313 0.142322 0.045160 0.024365
0 0.216977 0.207678 0.080488 0.024365
0 0.231527 0.273033 0.109588 0.024365
0 0.419667 0.142322 0.043297 0.024365
0 0.407863 0.207678 0.019687 0.024365
0 0.452542 0.273033 0.109047 0.024365
0 0.651445 0.142322 0.064281 0.024365
0 0.647338 0.225952 0.056066 0.024365
0 0.679166 0.291307 0.119723 0.024365
1 0.177160 0.351793 0.017660 0.033503
1 0.246533 0.326015 0.074867 0.060914
1 0.246533 0.326015 0.070665 0.052792
1 0.246533 0.326015 0.051758 0.048731
1 0.246533 0.326015 0.051758 0.020305
1 0.814962 0.351793 0.017660 0.033503
1 0.441964 0.630489 0.015756 0.030457
1 0.441964 0.630489 0.007353 0.014213
1 0.466124 0.630489 0.015756 0.030457
1 0.466124 0.630489 0.007353 0.014213
1 0.490284 0.630489 0.015756 0.030457
1 0.490284 0.630489 0.007353 0.014213
1 0.514443 0.630489 0.015756 0.030457
1 0.514443 0.630489 0.007353 0.014213
1 0.544380 0.630489 0.035714 0.058883
0 0.256565 0.862452 0.224790 0.275095
0 0.489758 0.862452 0.224790 0.275095
0 0.722952 0.862452 0.224790 0.275095
1 0.978466 0.500000 0.027311 0.066101
1 0.978466 0.504061 0.027311 0.057979
1 0.965336 0.891371 0.028361 0.054822
0 0.478942 0.246193 0.336364 0.040609
1 0.496053 0.481726 0.381089 0.042640
1 0.662622 0.481726 0.042698 0.032487
1 0.619937 0.481726 0.032169 0.032487
1 0.347779 0.134518 0.079290 0.028426
