0 0.151335 0.023422 0.052407 0.032587
0 0.201256 0.023422 0.039005 0.032587
0 0.249362 0.023422 0.048777 0.032587
19 0.233930 0.023422 0.008430 0.016293
16 0.790808 0.023422 0.020021 0.038697
16 0.790808 0.023422 0.010537 0.020367
0 0.823881 0.023422 0.037696 0.038697
18 0.856955 0.023422 0.020021 0.038697
18 0.856955 0.023422 0.018967 0.020367
1 0.177671 0.087576 0.105078 0.036660
10 0.177671 0.087576 0.105078 0.036660
1 0.374453 0.095723 0.047723 0.032587
1 0.424295 0.095723 0.043533 0.032587
1 0.478402 0.095723 0.056252 0.032587
1 0.527163 0.095723 0.032839 0.032587
1 0.587654 0.095723 0.079714 0.032587
1 0.654056 0.095723 0.044660 0.032587
1 0.715552 0.095723 0.069901 0.032587
1 0.785782 0.095723 0.062130 0.032587
0 0.844013 0.095723 0.045904 0.032587
10 0.495785 0.429735 0.991570 0.598285
10 0.507338 0.712831 0.122234 0.089613
1 0.496044 0.157841 0.266572 0.018330
0 0.448894 0.407841 0.006849 0.013238
4 0.470759 0.418534 0.050580 0.034623
0 0.448894 0.407841 0.006849 0.013238
4 0.521338 0.418534 0.050580 0.034623
18 0.496048 0.491853 0.421496 0.057026
18 0.614191 0.491853 0.058763 0.048880
18 0.677292 0.491853 0.059009 0.057026
1 0.441727 0.552444 0.022285 0.019348
1 0.523874 0.552444 0.018440 0.019348
0 0.357148 0.915479 0.044232 0.034623
0 0.405842 0.915479 0.048628 0.034623
0 0.450116 0.915479 0.035391 0.034623
0 0.498181 0.915479 0.056210 0.034623
0 0.550999 0.915479 0.044899 0.034623
0 0.598665 0.915479 0.045904 0.034623
0 0.640473 0.915479 0.033185 0.034623
