0 0.500000 0.025381 0.672269 0.018274
0 0.186975 0.103514 0.046218 0.024445
0 0.674600 0.095431 0.024980 0.018274
0 0.711717 0.095431 0.024045 0.018274
1 0.769433 0.095431 0.066176 0.038579
0 0.825630 0.095431 0.021008 0.040609
1 0.185723 0.156345 0.043716 0.064975
1 0.233809 0.156345 0.052455 0.064975
1 0.286814 0.156345 0.053555 0.064975
1 0.345847 0.156345 0.064511 0.064975
1 0.415975 0.156345 0.075745 0.064975
1 0.480904 0.156345 0.054113 0.064975
1 0.525633 0.156345 0.035345 0.064975
1 0.591009 0.156345 0.095408 0.064975
0 0.668535 0.156345 0.059644 0.064975
0 0.217027 0.239594 0.072709 0.020305
0 0.210322 0.284264 0.059300 0.020305
0 0.206596 0.239594 0.051848 0.020305
0 0.238253 0.286294 0.115161 0.024365
0 0.214967 0.332995 0.068589 0.020305
0 0.210412 0.377665 0.059480 0.020305
0 0.216727 0.462944 0.072110 0.020305
0 0.208845 0.507614 0.056345 0.020305
0 0.212772 0.239594 0.064199 0.020305
0 0.219612 0.284264 0.077879 0.020305
0 0.217416 0.328934 0.073488 0.020305
0 0.218947 0.418274 0.076549 0.018274
0 0.214466 0.503553 0.067588 0.020305
0 0.222164 0.548223 0.082983 0.020305
0 0.238253 0.241624 0.115161 0.024365
0 0.213481 0.288325 0.065618 0.020305
0 0.241597 0.383756 0.121849 0.040609
0 0.241597 0.448731 0.121849 0.040609
0 0.218746 0.503553 0.076147 0.020305
0 0.232032 0.241624 0.102720 0.024365
0 0.204262 0.308629 0.047179 0.020305
0 0.214987 0.373604 0.068630 0.020305
0 0.216588 0.458883 0.071831 0.020305
0 0.208110 0.503553 0.054876 0.020305
0 0.213773 0.239594 0.066201 0.020305
0 0.205304 0.304569 0.049263 0.020305
0 0.227338 0.369543 0.093331 0.020305
0 0.203162 0.434518 0.044979 0.020305
0 0.207639 0.479188 0.053933 0.020305
0 0.238232 0.523858 0.115119 0.020305
0 0.216957 0.629442 0.072569 0.020305
0 0.208110 0.674112 0.054876 0.020305
0 0.214864 0.239594 0.068384 0.020305
0 0.215861 0.284264 0.070378 0.020305
0 0.197463 0.328934 0.033581 0.020305
0 0.203363 0.373604 0.045381 0.020305
0 0.229582 0.418274 0.097820 0.020305
0 0.219977 0.241624 0.078609 0.024365
0 0.215902 0.288325 0.070460 0.020305
0 0.213129 0.332995 0.064913 0.020305
0 0.226948 0.377665 0.092552 0.020305
0 0.216961 0.462944 0.072577 0.020305
1 0.377101 0.234518 0.056723 0.018274
1 0.622895 0.234518 0.064888 0.018274
2 0.500000 0.298477 0.478992 0.060914
1 0.688969 0.298477 0.090550 0.040609
0 0.293449 0.381726 0.088605 0.048731
0 0.386218 0.381726 0.088531 0.048731
0 0.485315 0.381726 0.101259 0.048731
0 0.591239 0.381726 0.102186 0.048731
0 0.698689 0.381726 0.104312 0.048731
1 0.016807 0.591323 0.025210 0.048731
0 0.321424 0.709089 0.112420 0.040609
0 0.500000 0.627879 1.000000 0.378601
0 0.974852 0.627617 0.050296 0.378077
1 0.983193 0.591323 0.025210 0.048731
1 0.460084 0.794845 0.006303 0.012183
1 0.482143 0.794845 0.021008 0.012183
1 0.504202 0.794845 0.006303 0.012183
1 0.518908 0.794845 0.006303 0.012183
1 0.536765 0.794845 0.016807 0.016244
12 0.224367 0.949199 0.121003 0.101602
12 0.362182 0.949199 0.121012 0.101602
12 0.499996 0.949199 0.121003 0.101602
12 0.637810 0.949199 0.121012 0.101602
12 0.775625 0.949199 0.121003 0.101602
