0 0.236287 0.072081 0.094948 0.030457
1 0.704963 0.072081 0.030676 0.040609
0 0.751826 0.072081 0.060949 0.040609
1 0.795956 0.072081 0.025210 0.048731
1 0.795956 0.072081 0.025210 0.048731
1 0.795956 0.072081 0.025210 0.048731
0 0.205328 0.140102 0.043535 0.040609
0 0.254271 0.140102 0.052250 0.040609
0 0.311634 0.140102 0.060375 0.040609
2 0.698267 0.140609 0.210084 0.040609
1 0.791229 0.142640 0.018908 0.036548
1 0.283088 0.324762 0.013130 0.025381
1 0.322270 0.324762 0.025317 0.025381
1 0.462144 0.324762 0.016528 0.025381
1 0.518489 0.324762 0.015641 0.025381
1 0.581235 0.324762 0.027557 0.025381
1 0.638865 0.324762 0.029239 0.025381
