0 0.881351 0.959776 0.195148 0.044807
0 0.814052 0.959776 0.060549 0.044807
0 0.879548 0.959776 0.062014 0.044807
0 0.946848 0.959776 0.064155 0.044807
0 0.018440 0.030041 0.015806 0.019348
1 0.239463 0.032077 0.103267 0.035642
10 0.239463 0.032077 0.103267 0.035642
18 0.619139 0.032077 0.123815 0.035642
18 0.707085 0.032077 0.047418 0.035642
1 0.767531 0.032077 0.073474 0.026731
1 0.206327 0.092668 0.036996 0.036660
1 0.246114 0.092668 0.042578 0.036660
1 0.297307 0.092668 0.059808 0.036660
1 0.360816 0.092668 0.067209 0.036660
1 0.430037 0.092668 0.071235 0.036660
16 0.756849 0.092660 0.031612 0.026970
1 0.753425 0.092660 0.024763 0.026970
10 0.753425 0.094434 0.013172 0.023422
16 0.788462 0.092652 0.031612 0.026731
16 0.785037 0.092652 0.024763 0.026731
10 0.785037 0.094546 0.013172 0.022403
18 0.454953 0.366010 0.307692 0.061100
1 0.572856 0.430038 0.071885 0.030295
0 0.655163 0.366010 0.071654 0.061100
10 0.294957 0.820965 0.044257 0.069246
10 0.421406 0.828093 0.036354 0.083503
10 0.553691 0.827075 0.044784 0.081466
10 0.689105 0.829112 0.037408 0.085540
0 0.952582 0.949084 0.031612 0.061100
0 0.952582 0.949084 0.031612 0.061100
10 0.952582 0.949084 0.020021 0.026477
