1 0.897584 0.028426 0.033613 0.032487
1 0.939601 0.028426 0.033613 0.032487
1 0.973214 0.028426 0.025210 0.048731
0 0.496061 0.088832 0.193277 0.043655
0 0.496061 0.433503 0.420168 0.621320
1 0.697742 0.532995 0.012605 0.024365
1 0.697742 0.557360 0.012605 0.024365
1 0.697742 0.581726 0.012605 0.024365
1 0.697742 0.606091 0.012605 0.024365
1 0.697742 0.634518 0.016807 0.032487
0 0.411605 0.778680 0.069106 0.020305
0 0.504472 0.778680 0.066176 0.020305
0 0.593664 0.778680 0.061753 0.020305
0 0.503414 0.906599 0.476891 0.024365
0 0.496061 0.973604 0.512605 0.052792
