1 0.881725 0.959898 0.194533 0.044670
1 0.814638 0.959898 0.060358 0.044670
1 0.879928 0.959898 0.061819 0.044670
1 0.947015 0.959898 0.063953 0.044670
1 0.018382 0.029949 0.015756 0.019289
0 0.240284 0.031980 0.102941 0.035533
2 0.618763 0.031980 0.123424 0.035533
1 0.706432 0.031980 0.047269 0.035533
0 0.766688 0.031980 0.073242 0.026650
0 0.207253 0.092386 0.036880 0.036548
0 0.246914 0.092386 0.042444 0.036548
0 0.297946 0.092386 0.059620 0.036548
0 0.361254 0.092386 0.066997 0.036548
0 0.430258 0.092386 0.071010 0.036548
0 0.752626 0.092378 0.024685 0.026888
0 0.784139 0.092370 0.024685 0.026650
2 0.455095 0.364895 0.306723 0.060914
0 0.572627 0.428728 0.071658 0.030203
1 0.654674 0.364895 0.071429 0.060914
1 0.952731 0.949239 0.031513 0.060914
1 0.952731 0.949239 0.031513 0.060914
