0 0.561790 0.967005 0.017915 0.019289
0 0.605781 0.967513 0.048828 0.036548
1 0.605781 0.967513 0.048828 0.036548
0 0.184086 0.044670 0.090336 0.040609
0 0.469033 0.044670 0.072438 0.036548
0 0.567321 0.044670 0.115735 0.036548
0 0.664321 0.044670 0.069861 0.036548
1 0.780429 0.044670 0.145549 0.036548
1 0.746221 0.044670 0.077132 0.036548
1 0.757419 0.044670 0.037930 0.018274
1 0.821096 0.044670 0.064215 0.036548
11 0.197586 0.121827 0.117335 0.064975
0 0.197848 0.121827 0.116810 0.024365
11 0.312278 0.121827 0.112050 0.064975
0 0.312541 0.121827 0.111525 0.024365
11 0.408486 0.121827 0.080365 0.064975
0 0.408749 0.121827 0.079840 0.024365
11 0.503521 0.121827 0.109703 0.064975
0 0.503783 0.121827 0.109178 0.024365
11 0.619584 0.121827 0.122423 0.064975
0 0.619846 0.121827 0.121898 0.024365
11 0.749930 0.121827 0.138270 0.064975
0 0.750193 0.121827 0.137745 0.024365
1 0.263918 0.448541 0.199580 0.048731
0 0.228996 0.448541 0.129735 0.048731
1 0.228996 0.448541 0.129735 0.048731
1 0.629464 0.448541 0.199580 0.048731
0 0.578823 0.448541 0.098296 0.048731
1 0.578823 0.448541 0.098296 0.048731
1 0.263918 0.791497 0.199580 0.048731
0 0.213276 0.791497 0.098296 0.048731
1 0.213276 0.791497 0.098296 0.048731
1 0.629464 0.791497 0.199580 0.048731
0 0.594542 0.791497 0.129735 0.048731
1 0.594542 0.791497 0.129735 0.048731
