1 0.105567 0.000508 0.000525 0.001015
1 0.107405 0.012437 0.004202 0.024873
0 0.124865 0.016244 0.020048 0.014213
0 0.155524 0.016244 0.023331 0.014213
0 0.192580 0.016244 0.025571 0.022335
0 0.232873 0.016244 0.046612 0.022335
0 0.280003 0.016244 0.039243 0.022335
0 0.331305 0.016244 0.054958 0.022335
0 0.718947 0.016244 0.019416 0.022335
0 0.763532 0.016244 0.048746 0.032487
13 0.778452 0.016244 0.006303 0.012183
1 0.759626 0.045178 0.056559 0.025381
0 0.817403 0.016244 0.046391 0.032487
13 0.831145 0.016244 0.006303 0.012183
1 0.819984 0.045178 0.051553 0.025381
1 0.856355 0.016244 0.027311 0.032487
0 0.881565 0.016244 0.027311 0.032487
1 0.866642 0.045178 0.040351 0.025381
0 0.136029 0.072081 0.061450 0.054822
1 0.192957 0.072081 0.035599 0.040609
13 0.207758 0.072081 0.005999 0.012183
2 0.447799 0.072081 0.450745 0.040609
1 0.660567 0.072081 0.016807 0.032487
8 0.715714 0.072081 0.084034 0.040609
1 0.826476 0.072081 0.120683 0.044670
1 0.810251 0.072081 0.088235 0.044670
1 0.810251 0.072081 0.066176 0.016244
1 0.872694 0.072081 0.028246 0.016751
0 0.163919 0.134772 0.042993 0.027919
0 0.203244 0.134772 0.033556 0.027919
0 0.239069 0.134772 0.035993 0.027919
0 0.282276 0.134772 0.048319 0.027919
0 0.333053 0.134772 0.051134 0.027919
0 0.394228 0.134772 0.069114 0.027919
0 0.486029 0.134772 0.112387 0.027919
0 0.557437 0.134772 0.028329 0.027919
0 0.603409 0.134772 0.061515 0.027919
0 0.676938 0.134772 0.083443 0.027919
0 0.758424 0.134772 0.077427 0.027919
0 0.823940 0.134772 0.051503 0.027919
1 0.811187 0.529442 0.016807 0.032487
0 0.176967 0.434010 0.044585 0.044670
0 0.958480 0.434010 0.044585 0.044670
1 0.832195 0.529442 0.016807 0.032487
1 0.853204 0.529442 0.016807 0.032487
0 0.203502 0.663452 0.162782 0.036548
0 0.842277 0.677665 0.055467 0.040609
0 0.194127 0.809137 0.177644 0.029442
0 0.875168 0.812690 0.023298 0.020305
1 0.130326 0.889689 0.041639 0.032487
0 0.169643 0.932662 0.128676 0.134676
1 0.266277 0.889689 0.039383 0.032487
0 0.306723 0.932662 0.128676 0.134676
1 0.403173 0.889689 0.039013 0.032487
0 0.443803 0.932662 0.128676 0.134676
1 0.540540 0.889689 0.039588 0.032487
0 0.580882 0.932662 0.128676 0.134676
1 0.677439 0.889689 0.039227 0.032487
0 0.717962 0.932662 0.128676 0.134676
1 0.814523 0.889689 0.039235 0.032487
0 0.855042 0.932662 0.128676 0.134676
1 0.951529 0.889689 0.039087 0.032487
0 0.963892 0.932662 0.072216 0.134676
1 0.969013 0.955330 0.019958 0.040609
