0 0.104320 0.000509 0.000527 0.001018
0 0.106164 0.012475 0.004215 0.024949
1 0.123679 0.016293 0.020112 0.014257
1 0.154435 0.016293 0.023405 0.014257
1 0.191608 0.016293 0.025652 0.022403
1 0.232029 0.016293 0.046760 0.022403
1 0.279307 0.016293 0.039367 0.022403
1 0.330772 0.016293 0.055132 0.022403
1 0.719639 0.016293 0.019478 0.022403
1 0.764365 0.016293 0.048900 0.032587
0 0.760447 0.045316 0.056737 0.025458
1 0.818407 0.016293 0.046537 0.032587
0 0.820996 0.045316 0.051716 0.025458
0 0.857482 0.016293 0.027397 0.032587
1 0.882771 0.016293 0.027397 0.032587
16 0.882771 0.015275 0.010537 0.020367
0 0.867801 0.045316 0.040478 0.025458
1 0.134879 0.072301 0.061644 0.054990
0 0.191987 0.072301 0.035712 0.040733
18 0.447634 0.072301 0.452170 0.040733
18 0.234194 0.072301 0.008430 0.016293
18 0.661074 0.072301 0.016860 0.032587
18 0.661074 0.072301 0.008430 0.016293
18 0.716396 0.072301 0.084299 0.040733
18 0.827508 0.072301 0.121065 0.044807
18 0.811232 0.072301 0.088514 0.044807
18 0.811232 0.072301 0.066386 0.016293
18 0.873872 0.072301 0.028336 0.016802
1 0.162856 0.135183 0.043129 0.028004
1 0.202306 0.135183 0.033662 0.028004
1 0.238244 0.135183 0.036107 0.028004
1 0.281588 0.135183 0.048472 0.028004
1 0.332525 0.135183 0.051296 0.028004
1 0.393893 0.135183 0.069333 0.028004
1 0.485984 0.135183 0.112742 0.028004
1 0.557618 0.135183 0.028418 0.028004
1 0.603736 0.135183 0.061710 0.028004
1 0.677498 0.135183 0.083707 0.028004
1 0.759241 0.135183 0.077672 0.028004
1 0.824964 0.135183 0.051666 0.028004
0 0.812171 0.531059 0.016860 0.032587
10 0.091773 0.380346 0.183545 0.366599
10 0.539877 0.380346 0.920247 0.432587
1 0.175946 0.435336 0.044726 0.044807
0 0.833246 0.531059 0.016860 0.032587
0 0.854320 0.531059 0.016860 0.032587
1 0.202565 0.665479 0.163297 0.036660
1 0.843359 0.679735 0.055642 0.040733
1 0.193160 0.811609 0.178206 0.029532
1 0.876354 0.815173 0.023372 0.020367
10 0.168599 0.933984 0.129083 0.132033
0 0.129120 0.892407 0.041697 0.032587
1 0.168599 0.933984 0.129083 0.132033
10 0.306112 0.933984 0.129083 0.132033
0 0.266740 0.892407 0.041911 0.032587
1 0.306112 0.933984 0.129083 0.132033
10 0.443625 0.933984 0.129083 0.132033
0 0.404311 0.892407 0.042026 0.032587
1 0.443625 0.933984 0.129083 0.132033
10 0.581138 0.933984 0.129083 0.132033
0 0.541503 0.892407 0.041384 0.032587
1 0.581138 0.933984 0.129083 0.132033
10 0.718651 0.933984 0.129083 0.132033
0 0.677897 0.892407 0.039145 0.032587
1 0.718651 0.933984 0.129083 0.132033
10 0.856164 0.933984 0.129083 0.132033
0 0.815443 0.892407 0.039211 0.032587
1 0.856164 0.933984 0.129083 0.132033
10 0.964568 0.933984 0.070864 0.132033
0 0.952273 0.892407 0.037844 0.032587
1 0.964568 0.933984 0.070864 0.132033
0 0.968915 0.955193 0.020021 0.040733
