0 0.404986 0.698477 0.055984 0.016244
0 0.612219 0.749239 0.044553 0.016244
0 0.567941 0.769543 0.052734 0.016244
0 0.774500 0.820305 0.044553 0.016244
0 0.448940 0.860914 0.105452 0.016244
0 0.475069 0.881218 0.045775 0.016244
0 0.536990 0.881218 0.044553 0.016244
0 0.630191 0.881218 0.083796 0.016244
1 0.496061 0.921827 0.693441 0.032487
1 0.496061 0.921827 0.693441 0.032487
1 0.166886 0.921827 0.035091 0.032487
1 0.166886 0.921827 0.034040 0.030457
1 0.166886 0.921827 0.034040 0.030457
1 0.166886 0.921827 0.034040 0.030457
1 0.205821 0.921827 0.037134 0.032487
1 0.205821 0.921827 0.036084 0.030457
1 0.205821 0.921827 0.036084 0.030457
1 0.205821 0.921827 0.036084 0.030457
0 0.244580 0.922525 0.034738 0.016244
0 0.043535 0.030457 0.070263 0.050761
1 0.104057 0.030457 0.045529 0.050761
8 0.210330 0.027919 0.141807 0.035533
2 0.447951 0.030457 0.563477 0.038579
2 0.741506 0.030457 0.023634 0.040609
0 0.781804 0.031472 0.024398 0.050761
1 0.797154 0.038579 0.004202 0.004061
0 0.838010 0.030457 0.062804 0.050761
1 0.872037 0.039086 0.004202 0.004061
0 0.902479 0.030457 0.040925 0.050761
0 0.955168 0.030457 0.058151 0.050761
1 0.198185 0.146193 0.038340 0.032487
1 0.198185 0.146193 0.037290 0.030457
1 0.198185 0.146193 0.037290 0.030457
1 0.198185 0.146193 0.037290 0.030457
1 0.258001 0.146193 0.066981 0.032487
1 0.258001 0.146193 0.065930 0.030457
1 0.258001 0.146193 0.065930 0.030457
1 0.258001 0.146193 0.065930 0.030457
1 0.023081 0.080711 0.030405 0.039594
0 0.067182 0.080203 0.049394 0.028426
0 0.119375 0.080203 0.044487 0.028426
0 0.173200 0.080203 0.052661 0.028426
0 0.232746 0.080203 0.055927 0.028426
0 0.291360 0.080203 0.050798 0.028426
0 0.334858 0.080203 0.025694 0.028426
0 0.380859 0.080203 0.055804 0.028426
0 0.429720 0.080203 0.031414 0.028426
0 0.469854 0.080203 0.038349 0.028426
1 0.491129 0.081218 0.004202 0.004061
0 0.514185 0.080203 0.031406 0.028426
0 0.559226 0.080203 0.048172 0.028426
0 0.600791 0.080203 0.024455 0.028426
1 0.615119 0.081218 0.004202 0.004061
0 0.651667 0.080203 0.058389 0.028426
0 0.720822 0.080203 0.069418 0.028426
0 0.781390 0.080203 0.041213 0.028426
0 0.842158 0.080203 0.069820 0.028426
0 0.908851 0.080203 0.053063 0.028426
0 0.083119 0.119797 0.081268 0.028426
0 0.163443 0.119797 0.068876 0.028426
0 0.236004 0.119797 0.065742 0.028426
0 0.303317 0.119797 0.058380 0.028426
0 0.361029 0.119797 0.046539 0.028426
0 0.400559 0.119797 0.022018 0.028426
0 0.458890 0.119797 0.084140 0.028426
0 0.538057 0.119797 0.063690 0.028426
0 0.607007 0.119797 0.063706 0.028426
0 0.668601 0.119797 0.048976 0.028426
0 0.726517 0.119797 0.056353 0.028426
0 0.008403 0.108629 0.009454 0.016244
1 0.831785 0.119797 0.044938 0.022335
1 0.831785 0.119797 0.044938 0.022335
1 0.831785 0.119797 0.044938 0.022335
1 0.831785 0.119797 0.044938 0.022335
1 0.496061 0.217259 0.787815 0.233503
1 0.124212 0.227411 0.044118 0.253807
0 0.051077 0.405076 0.102153 0.609137
0 0.496061 0.405076 0.787815 0.609137
0 0.944984 0.252792 0.110032 0.304569
1 0.867910 0.227411 0.044118 0.253807
0 0.163078 0.488039 0.079832 0.151110
0 0.246061 0.488039 0.079832 0.151110
0 0.163078 0.645241 0.079832 0.151110
0 0.246061 0.645241 0.079832 0.151110
0 0.204569 0.751832 0.162815 0.017148
0 0.356158 0.471288 0.077337 0.117608
0 0.441636 0.471288 0.077337 0.117608
0 0.356158 0.633566 0.077337 0.117608
0 0.441636 0.633566 0.077337 0.117608
0 0.398897 0.751832 0.162815 0.017148
0 0.550486 0.471288 0.077337 0.117608
0 0.635964 0.471288 0.077337 0.117608
0 0.550486 0.633566 0.077337 0.117608
0 0.635964 0.633566 0.077337 0.117608
0 0.593225 0.751832 0.162815 0.017148
0 0.787553 0.588983 0.162815 0.352998
0 0.161830 0.917989 0.077337 0.117608
0 0.247308 0.917989 0.077337 0.117608
0 0.398897 0.929592 0.162815 0.140815
0 0.593225 0.929592 0.162815 0.140815
0 0.787553 0.929592 0.162815 0.140815
