1 0.152698 0.048880 0.046702 0.036660
10 0.152698 0.048880 0.046702 0.036660
1 0.207455 0.048880 0.045953 0.054990
1 0.248156 0.048880 0.035448 0.054990
1 0.297036 0.048880 0.062311 0.054990
1 0.364026 0.048880 0.071671 0.054990
10 0.372057 0.538689 0.485421 0.881858
1 0.372057 0.538689 0.485421 0.881858
1 0.744023 0.487772 0.237437 0.747438
0 0.825861 0.486141 0.021075 0.040733
18 0.744023 0.928701 0.237437 0.101833
18 0.744023 0.928701 0.210040 0.046843
18 0.650594 0.929719 0.012645 0.024440
1 0.000263 0.999491 0.000527 0.001018
1 0.143790 0.878310 0.111375 0.019348
0 0.139621 0.941955 0.263435 0.085540
0 0.058837 0.939919 0.075524 0.040733
0 0.139625 0.939919 0.075515 0.040733
0 0.220409 0.939919 0.075515 0.040733
