1 0.155176 0.036660 0.066410 0.036660
10 0.155176 0.036660 0.066410 0.036660
1 0.210674 0.003564 0.177407 0.007128
1 0.400726 0.003564 0.177407 0.007128
1 0.590778 0.003564 0.177407 0.007128
1 0.394622 0.028513 0.167718 0.038697
1 0.583414 0.028513 0.167718 0.038697
1 0.779233 0.028513 0.181770 0.038697
1 0.357469 0.036660 0.027405 0.073320
1 0.408209 0.036660 0.040355 0.073320
1 0.766675 0.036660 0.024162 0.020367
0 0.832871 0.036660 0.074511 0.044807
0 0.164314 0.647371 0.084686 0.057026
0 0.285399 0.647371 0.140625 0.057026
