0 0.112658 0.039594 0.081933 0.040609
2 0.400432 0.038579 0.435842 0.034518
1 0.624655 0.040609 0.012605 0.029442
1 0.650916 0.038579 0.027311 0.032487
1 0.715517 0.038579 0.074580 0.044670
1 0.775034 0.038579 0.044454 0.044670
1 0.840808 0.038579 0.087095 0.044670
0 0.904494 0.038579 0.031874 0.032487
1 0.138918 0.101523 0.134454 0.040609
0 0.247345 0.101523 0.073997 0.040609
0 0.336233 0.101523 0.103778 0.040609
0 0.460782 0.101523 0.145319 0.040609
0 0.591309 0.101523 0.115735 0.040609
0 0.698689 0.101523 0.099027 0.040609
0 0.811093 0.101523 0.125780 0.040609
0 0.287072 0.150254 0.153452 0.040609
0 0.449354 0.150254 0.171112 0.040609
0 0.632800 0.150254 0.195780 0.040609
0 0.802336 0.150254 0.143292 0.040609
1 0.897207 0.101523 0.046448 0.040609
0 0.496061 0.438579 0.848739 0.412183
1 0.250579 0.493909 0.084239 0.048731
0 0.481462 0.438579 0.113445 0.361421
0 0.603310 0.438579 0.113445 0.361421
0 0.725159 0.438579 0.113445 0.361421
0 0.847008 0.438579 0.113445 0.361421
0 0.956067 0.438579 0.087866 0.361421
0 0.279674 0.887817 0.415966 0.224365
1 0.133141 0.958376 0.072479 0.048731
0 0.605305 0.883756 0.201681 0.216244
0 0.819590 0.883756 0.201681 0.216244
0 0.979517 0.682995 0.024160 0.044670
0 0.979517 0.739848 0.024160 0.044670
0 0.979517 0.796701 0.024160 0.044670
