0 0.010767 0.016751 0.000525 0.001015
0 0.010767 0.016751 0.000525 0.001015
1 0.174727 0.025381 0.075819 0.036548
1 0.237243 0.025381 0.045012 0.036548
0 0.480116 0.025373 0.045037 0.020289
0 0.553042 0.025373 0.063001 0.020289
0 0.633178 0.025373 0.059455 0.020289
0 0.714680 0.025373 0.065733 0.020289
0 0.783819 0.025373 0.034730 0.020289
0 0.838748 0.025373 0.037315 0.020289
0 0.151523 0.091371 0.025210 0.048731
0 0.211717 0.091371 0.065766 0.044670
0 0.271131 0.091371 0.044659 0.044670
0 0.343130 0.091371 0.090935 0.044670
2 0.566016 0.091371 0.329627 0.044670
1 0.716124 0.091371 0.014706 0.032487
1 0.733456 0.093401 0.019958 0.048731
0 0.788866 0.091371 0.065651 0.044670
1 0.782157 0.333169 0.155700 0.040609
1 0.872612 0.161421 0.012605 0.024365
0 0.841649 0.091371 0.023109 0.044670
0 0.496057 0.174619 0.279354 0.060914
1 0.977416 0.155330 0.021008 0.040609
0 0.496061 0.451745 0.630252 0.466942
1 0.496061 0.572985 0.072495 0.044670
0 0.297187 0.759661 0.198874 0.116402
0 0.496061 0.759661 0.198874 0.116402
0 0.694935 0.759661 0.198874 0.116402
0 0.272321 0.955758 0.149160 0.088484
0 0.421481 0.955758 0.149160 0.088484
0 0.570641 0.955758 0.149160 0.088484
0 0.719800 0.955758 0.149160 0.088484
