0 0.153792 0.048731 0.046555 0.036548
0 0.208377 0.048731 0.045808 0.054822
0 0.248950 0.048731 0.035337 0.054822
0 0.297675 0.048731 0.062114 0.054822
0 0.364455 0.048731 0.071445 0.054822
0 0.372460 0.538571 0.483891 0.882218
0 0.743254 0.487809 0.236689 0.748207
1 0.824834 0.486183 0.021008 0.040609
1 0.743254 0.928918 0.236689 0.101523
2 0.743254 0.928918 0.209378 0.046701
0 0.000263 0.999492 0.000525 0.001015
0 0.143337 0.878680 0.111024 0.019289
1 0.139181 0.942132 0.262605 0.085279
1 0.058651 0.940102 0.075286 0.040609
1 0.139185 0.940102 0.075277 0.040609
1 0.219714 0.940102 0.075277 0.040609
