0 0.404986 0.698477 0.055984 0.016244
0 0.612219 0.749239 0.044553 0.016244
0 0.567941 0.769543 0.052734 0.016244
0 0.774500 0.820305 0.044553 0.016244
0 0.448940 0.860914 0.105452 0.016244
0 0.475069 0.881218 0.045775 0.016244
0 0.536990 0.881218 0.044553 0.016244
0 0.630191 0.881218 0.083796 0.016244
1 0.496061 0.921827 0.693441 0.032487
1 0.496061 0.921827 0.693441 0.032487
1 0.166886 0.921827 0.035091 0.032487
1 0.166886 0.921827 0.034040 0.030457
1 0.166886 0.921827 0.034040 0.030457
1 0.166886 0.921827 0.034040 0.030457
1 0.205821 0.921827 0.037134 0.032487
1 0.205821 0.921827 0.036084 0.030457
1 0.205821 0.921827 0.036084 0.030457
1 0.205821 0.921827 0.036084 0.030457
0 0.244580 0.922525 0.034738 0.016244
0 0.041754 0.030457 0.066702 0.050761
1 0.100496 0.030457 0.045529 0.050761
8 0.206769 0.027919 0.141807 0.035533
2 0.448480 0.030457 0.571658 0.038579
2 0.746127 0.030457 0.023634 0.040609
0 0.786424 0.031472 0.024398 0.050761
1 0.801774 0.038579 0.004202 0.004061
0 0.842630 0.030457 0.062804 0.050761
1 0.876658 0.039086 0.004202 0.004061
0 0.907099 0.030457 0.040925 0.050761
0 0.957478 0.030457 0.053530 0.050761
1 0.023081 0.080711 0.030405 0.039594
0 0.067182 0.080203 0.049394 0.028426
0 0.119375 0.080203 0.044487 0.028426
0 0.166048 0.080203 0.038357 0.028426
0 0.216809 0.080203 0.052661 0.028426
0 0.276355 0.080203 0.055927 0.028426
0 0.337747 0.080203 0.056353 0.028426
0 0.384023 0.080203 0.025694 0.028426
0 0.430024 0.080203 0.055804 0.028426
0 0.482352 0.080203 0.038349 0.028426
1 0.503627 0.081218 0.004202 0.004061
0 0.543240 0.080203 0.064519 0.028426
0 0.601357 0.080203 0.041213 0.028426
0 0.661654 0.080203 0.068876 0.028426
0 0.727876 0.080203 0.053063 0.028426
0 0.770668 0.080203 0.022018 0.028426
0 0.799156 0.080203 0.024455 0.028426
1 0.813485 0.081218 0.004202 0.004061
0 0.844924 0.080203 0.048172 0.028426
0 0.896850 0.080203 0.045176 0.028426
0 0.945296 0.080203 0.041213 0.028426
0 0.083734 0.119797 0.082499 0.028426
0 0.159426 0.119797 0.058380 0.028426
0 0.207942 0.119797 0.028148 0.028426
0 0.260139 0.119797 0.065742 0.028426
0 0.329085 0.119797 0.061647 0.028426
0 0.380868 0.119797 0.031414 0.028426
0 0.419778 0.119797 0.035903 0.028426
0 0.467470 0.119797 0.048976 0.028426
0 0.529063 0.119797 0.063706 0.028426
0 0.598013 0.119797 0.063690 0.028426
0 0.008403 0.108629 0.009454 0.016244
1 0.831732 0.119797 0.045045 0.022335
1 0.831732 0.119797 0.045045 0.022335
1 0.831732 0.119797 0.045045 0.022335
1 0.831732 0.119797 0.045045 0.022335
1 0.496061 0.217259 0.787815 0.233503
1 0.124212 0.227411 0.044118 0.253807
0 0.496061 0.405076 0.787815 0.609137
0 0.944984 0.405076 0.110032 0.609137
0 0.051077 0.405076 0.102153 0.609137
1 0.867910 0.227411 0.044118 0.253807
0 0.161830 0.492076 0.077337 0.103760
0 0.247308 0.492076 0.077337 0.103760
0 0.161830 0.640506 0.077337 0.103760
0 0.247308 0.640506 0.077337 0.103760
0 0.204569 0.751832 0.162815 0.017148
0 0.356158 0.471288 0.077337 0.117608
0 0.441636 0.471288 0.077337 0.117608
0 0.356158 0.633566 0.077337 0.117608
0 0.441636 0.633566 0.077337 0.117608
0 0.398897 0.751832 0.162815 0.017148
0 0.550486 0.471288 0.077337 0.117608
0 0.635964 0.471288 0.077337 0.117608
0 0.550486 0.633566 0.077337 0.117608
0 0.635964 0.633566 0.077337 0.117608
0 0.593225 0.751832 0.162815 0.017148
0 0.787553 0.580504 0.162815 0.280615
0 0.787553 0.751832 0.162815 0.017148
0 0.161830 0.917989 0.077337 0.117608
0 0.247308 0.917989 0.077337 0.117608
0 0.398897 0.929592 0.162815 0.140815
0 0.550486 0.917989 0.077337 0.117608
0 0.635964 0.917989 0.077337 0.117608
0 0.787553 0.929592 0.162815 0.140815
