1 0.038988 0.023422 0.059009 0.040733
18 0.736647 0.023422 0.168599 0.034623
18 0.663412 0.023422 0.009484 0.018330
0 0.852357 0.023422 0.043854 0.034623
19 0.931610 0.023422 0.102007 0.034623
0 0.017387 0.092668 0.030558 0.067210
1 0.017387 0.092668 0.030558 0.059063
0 0.017387 0.159878 0.030558 0.067210
0 0.017387 0.227088 0.030558 0.067210
1 0.017387 0.227088 0.030558 0.059063
0 0.017387 0.294297 0.030558 0.067210
1 0.017387 0.294297 0.030558 0.059063
0 0.017387 0.361507 0.030558 0.067210
17 0.017387 0.960285 0.030558 0.067210
0 0.017387 0.960285 0.030558 0.067210
0 0.198103 0.082485 0.020548 0.034623
1 0.206809 0.146640 0.037959 0.101833
10 0.206809 0.146640 0.037959 0.101833
1 0.294376 0.141548 0.118208 0.030550
0 0.822181 0.141548 0.033720 0.030550
0 0.813751 0.141548 0.016860 0.030550
0 0.830084 0.141548 0.016860 0.030550
3 0.278286 0.177189 0.006322 0.012220
1 0.338345 0.177189 0.088506 0.015275
3 0.387867 0.177189 0.006322 0.012220
1 0.423023 0.177189 0.038700 0.015275
3 0.447642 0.177189 0.006322 0.012220
1 0.490228 0.177189 0.053560 0.015275
3 0.522277 0.177189 0.006322 0.012220
3 0.598731 0.177189 0.006322 0.012220
0 0.187829 0.246436 0.018967 0.036660
1 0.187829 0.292261 0.018967 0.036660
1 0.187829 0.338086 0.018967 0.036660
3 0.811644 0.245418 0.006322 0.012220
0 0.685191 0.296334 0.079549 0.034623
0 0.762246 0.296334 0.069292 0.032587
0 0.809009 0.296334 0.018967 0.036660
10 0.429136 0.434827 0.368809 0.158859
1 0.265679 0.661914 0.092474 0.019348
1 0.346409 0.661914 0.060656 0.019348
1 0.402266 0.661914 0.042726 0.019348
19 0.588251 0.648167 0.084299 0.137475
10 0.229715 0.900808 0.028978 0.056008
19 0.283563 0.880346 0.057643 0.017312
19 0.329689 0.911708 0.149895 0.035228
10 0.458377 0.900808 0.028978 0.056008
19 0.516671 0.880346 0.066534 0.017312
19 0.562554 0.911708 0.158300 0.035228
0 0.429136 0.985839 0.444679 0.028322
1 0.429136 0.986443 0.041705 0.017312
19 0.701602 0.489308 0.062319 0.017312
19 0.739940 0.513747 0.138995 0.017312
19 0.703709 0.569342 0.066534 0.017312
19 0.735017 0.602740 0.129149 0.035228
0 0.741043 0.657618 0.158061 0.030550
1 0.741043 0.657109 0.041705 0.017312
19 0.692464 0.795602 0.044043 0.017312
19 0.724718 0.820042 0.108552 0.017312
19 0.692464 0.875636 0.044043 0.017312
19 0.724718 0.900076 0.108552 0.017312
0 0.741043 0.945997 0.158061 0.030550
1 0.741043 0.945488 0.041705 0.017312
