1 0.073762 0.035642 0.105374 0.025458
10 0.073762 0.035642 0.105374 0.025458
1 0.152776 0.036151 0.042117 0.041752
1 0.557141 0.035642 0.047122 0.041752
1 0.613281 0.035642 0.065159 0.041752
1 0.695280 0.035642 0.098838 0.041752
1 0.767358 0.035642 0.045319 0.041752
1 0.835892 0.035642 0.091750 0.041752
1 0.915594 0.035642 0.067653 0.041752
18 0.965490 0.035642 0.011064 0.021385
10 0.965490 0.035642 0.011064 0.021385
10 0.031085 0.399838 0.020021 0.038697
1 0.496048 0.400856 0.992097 0.659146
10 0.496048 0.400856 0.992097 0.659146
1 0.996048 0.400856 0.007903 0.659146
10 0.996048 0.400856 0.007903 0.659146
10 0.961012 0.399838 0.020021 0.038697
0 0.480242 0.749777 0.005269 0.010183
0 0.490780 0.749777 0.005269 0.010183
0 0.501317 0.749777 0.005269 0.010183
0 0.511855 0.749777 0.005269 0.010183
0 0.134550 0.966682 0.226949 0.040733
1 0.062426 0.966682 0.082702 0.040733
1 0.034444 0.908494 0.068888 0.183013
10 0.034444 0.908494 0.068888 0.183013
1 0.121048 0.908494 0.079031 0.183013
10 0.121048 0.908494 0.079031 0.183013
1 0.212724 0.908494 0.079031 0.183013
10 0.212724 0.908494 0.079031 0.183013
1 0.304399 0.908494 0.079031 0.183013
10 0.304399 0.908494 0.079031 0.183013
1 0.396075 0.908494 0.079031 0.183013
10 0.396075 0.908494 0.079031 0.183013
1 0.487750 0.908494 0.079031 0.183013
10 0.487750 0.908494 0.079031 0.183013
1 0.579426 0.908494 0.079031 0.183013
10 0.579426 0.908494 0.079031 0.183013
1 0.671101 0.908494 0.079031 0.183013
10 0.671101 0.908494 0.079031 0.183013
1 0.762777 0.908494 0.079031 0.183013
10 0.762777 0.908494 0.079031 0.183013
1 0.854452 0.908494 0.079031 0.183013
10 0.854452 0.908494 0.079031 0.183013
1 0.946128 0.908494 0.079031 0.183013
10 0.946128 0.908494 0.079031 0.183013
1 0.999144 0.908494 0.001712 0.183013
10 0.999144 0.908494 0.001712 0.183013
