0 0.000041 0.000079 0.000082 0.000159
0 0.064076 0.055663 0.105042 0.012183
0 0.499208 0.037056 0.276597 0.035343
0 0.892258 0.037056 0.089171 0.028426
1 0.964511 0.037048 0.042616 0.028157
0 0.972980 0.091878 0.017274 0.015228
2 0.854500 0.120019 0.089286 0.027411
0 0.831810 0.143877 0.012966 0.014213
0 0.867963 0.143877 0.049755 0.014213
8 0.922515 0.120019 0.059349 0.027411
1 0.969004 0.120019 0.033630 0.027411
5 0.066123 0.291339 0.100455 0.016244
8 0.090213 0.310121 0.148634 0.019289
1 0.181936 0.310121 0.030593 0.021320
2 0.226304 0.310121 0.053924 0.021320
2 0.272617 0.310121 0.034483 0.021320
0 0.047741 0.412183 0.042878 0.016244
0 0.112896 0.412183 0.013459 0.016244
0 0.134347 0.412183 0.021025 0.016244
0 0.160423 0.412183 0.022707 0.016244
0 0.217392 0.412183 0.082811 0.016244
0 0.332372 0.412183 0.138729 0.016244
0 0.461651 0.412183 0.111410 0.016244
0 0.587152 0.412183 0.131171 0.016244
0 0.733669 0.412183 0.153443 0.016244
0 0.864836 0.412183 0.100471 0.016244
0 0.057416 0.428426 0.062229 0.016244
0 0.136029 0.428426 0.013459 0.016244
0 0.157481 0.428426 0.021025 0.016244
0 0.183557 0.428426 0.022707 0.016244
0 0.269937 0.428426 0.140814 0.016244
0 0.374401 0.428426 0.059693 0.016244
0 0.466891 0.428426 0.116867 0.016244
0 0.571154 0.428426 0.083238 0.016244
0 0.644519 0.428426 0.055073 0.016244
0 0.715156 0.428426 0.077780 0.016244
0 0.793564 0.428426 0.070616 0.016244
0 0.882476 0.428426 0.098789 0.016244
0 0.056152 0.444670 0.059702 0.016244
0 0.100077 0.460914 0.147551 0.016244
0 0.206219 0.460914 0.013459 0.016244
0 0.227670 0.460914 0.021025 0.016244
0 0.253746 0.460914 0.022707 0.016244
0 0.083677 0.477157 0.114750 0.016244
0 0.178891 0.477157 0.013459 0.016244
0 0.200343 0.477157 0.021025 0.016244
0 0.226419 0.477157 0.022707 0.016244
0 0.075696 0.493401 0.098789 0.016244
0 0.163340 0.493401 0.013459 0.016244
0 0.184792 0.493401 0.021025 0.016244
0 0.210868 0.493401 0.022707 0.016244
0 0.091883 0.509645 0.131163 0.016244
0 0.196133 0.509645 0.013459 0.016244
0 0.217585 0.509645 0.021025 0.016244
0 0.243661 0.509645 0.022707 0.016244
0 0.076254 0.525888 0.099905 0.016244
0 0.162774 0.525888 0.013459 0.016244
0 0.184226 0.525888 0.021025 0.016244
0 0.210302 0.525888 0.022707 0.016244
0 0.062869 0.542132 0.073136 0.016244
0 0.142726 0.542132 0.013459 0.016244
0 0.164177 0.542132 0.021025 0.016244
0 0.190253 0.542132 0.022707 0.016244
0 0.058885 0.558376 0.065167 0.016244
0 0.118369 0.558376 0.013459 0.016244
0 0.139821 0.558376 0.021025 0.016244
0 0.165897 0.558376 0.022707 0.016244
0 0.125944 0.574619 0.136210 0.016244
0 0.259638 0.574619 0.122760 0.016244
0 0.355703 0.574619 0.060949 0.016244
0 0.458911 0.574619 0.137047 0.016244
0 0.583775 0.574619 0.104262 0.016244
0 0.059509 0.590863 0.066414 0.016244
0 0.132657 0.590863 0.013459 0.016244
0 0.154108 0.590863 0.021025 0.016244
0 0.180184 0.590863 0.022707 0.016244
0 0.052086 0.607107 0.051569 0.016244
0 0.116539 0.607107 0.013459 0.016244
0 0.137991 0.607107 0.021025 0.016244
0 0.164067 0.607107 0.022707 0.016244
0 0.039333 0.623350 0.026064 0.016244
0 0.093996 0.623350 0.013459 0.016244
0 0.115448 0.623350 0.021025 0.016244
0 0.141524 0.623350 0.022707 0.016244
0 0.091046 0.639594 0.066414 0.016244
0 0.154740 0.639594 0.053391 0.016244
0 0.242606 0.639594 0.114758 0.016244
0 0.355058 0.639594 0.102564 0.016244
0 0.435768 0.639594 0.051274 0.016244
0 0.495880 0.639594 0.060530 0.016244
0 0.560198 0.639594 0.059685 0.016244
0 0.623461 0.639594 0.058421 0.016244
0 0.695345 0.639594 0.076927 0.016244
0 0.804228 0.639594 0.132419 0.016244
0 0.900497 0.639594 0.051700 0.016244
0 0.491884 0.647716 0.931165 0.032487
0 0.076332 0.655838 0.039514 0.016244
0 0.157259 0.655838 0.113921 0.016244
0 0.269088 0.655838 0.101316 0.016244
0 0.351066 0.655838 0.054220 0.016244
0 0.393103 0.655838 0.021435 0.016244
0 0.441874 0.655838 0.067686 0.016244
0 0.510828 0.655838 0.061802 0.016244
0 0.572631 0.655838 0.053383 0.016244
0 0.630646 0.655838 0.054228 0.016244
0 0.686774 0.655838 0.049608 0.016244
0 0.055939 0.672081 0.059275 0.016244
0 0.131385 0.672081 0.013459 0.016244
0 0.152836 0.672081 0.021025 0.016244
0 0.178912 0.672081 0.022707 0.016244
0 0.047741 0.751110 0.042878 0.016244
0 0.100709 0.751110 0.013459 0.016244
0 0.122161 0.751110 0.021025 0.016244
0 0.148236 0.751110 0.022707 0.016244
0 0.107660 0.767354 0.065175 0.016244
0 0.179979 0.767354 0.066841 0.016244
0 0.249077 0.767354 0.063772 0.016244
0 0.313760 0.767354 0.058011 0.016244
0 0.375074 0.767354 0.056197 0.016244
0 0.455932 0.767354 0.097098 0.016244
0 0.532863 0.767354 0.048344 0.016244
0 0.597398 0.767354 0.072307 0.016244
0 0.669220 0.767354 0.062919 0.016244
0 0.740550 0.767354 0.071322 0.016244
0 0.813624 0.767354 0.066406 0.016244
0 0.883407 0.767354 0.064740 0.016244
0 0.486599 0.775476 0.920595 0.032487
0 0.102966 0.783598 0.059152 0.016244
0 0.170316 0.783598 0.067128 0.016244
0 0.231355 0.783598 0.046530 0.016244
0 0.294766 0.783598 0.071872 0.016244
0 0.366580 0.783598 0.063337 0.016244
0 0.443446 0.783598 0.081974 0.016244
0 0.497686 0.783598 0.018087 0.016244
0 0.547507 0.783598 0.073136 0.016244
0 0.616231 0.783598 0.055894 0.016244
0 0.674591 0.783598 0.052406 0.016244
0 0.736948 0.783598 0.063887 0.016244
0 0.803793 0.783598 0.061384 0.016244
0 0.880314 0.783598 0.083238 0.016244
0 0.943798 0.783598 0.035312 0.016244
0 0.055734 0.799841 0.058865 0.016244
0 0.127778 0.799841 0.076804 0.016244
0 0.203187 0.799841 0.065594 0.016244
0 0.266819 0.799841 0.053251 0.016244
0 0.325536 0.799841 0.055763 0.016244
0 0.393563 0.799841 0.071872 0.016244
0 0.080952 0.878871 0.109301 0.016244
0 0.170070 0.878871 0.013459 0.016244
0 0.191521 0.878871 0.021025 0.016244
0 0.217597 0.878871 0.022707 0.016244
0 0.107660 0.895114 0.065175 0.016244
0 0.179979 0.895114 0.066841 0.016244
0 0.264287 0.895114 0.093356 0.016244
0 0.359313 0.895114 0.088276 0.016244
0 0.491748 0.895114 0.168174 0.016244
0 0.622083 0.895114 0.084075 0.016244
0 0.730900 0.895114 0.125140 0.016244
0 0.867192 0.895114 0.139025 0.016244
0 0.502105 0.903236 0.951607 0.032487
0 0.114808 0.911358 0.089548 0.016244
0 0.216128 0.911358 0.104673 0.016244
0 0.290753 0.911358 0.036157 0.016244
0 0.339105 0.911358 0.052127 0.016244
0 0.405737 0.911358 0.072717 0.016244
0 0.519872 0.911358 0.147133 0.016244
0 0.636891 0.911358 0.078486 0.016244
0 0.749015 0.911358 0.137342 0.016244
0 0.852379 0.911358 0.060965 0.016244
0 0.902204 0.911358 0.030265 0.016244
0 0.490321 0.919480 0.928038 0.032487
0 0.119633 0.927602 0.097525 0.016244
0 0.207495 0.927602 0.069779 0.016244
0 0.278263 0.927602 0.063337 0.016244
0 0.359334 0.927602 0.090385 0.016244
0 0.438801 0.927602 0.060128 0.016244
0 0.511538 0.927602 0.076927 0.016244
0 0.587209 0.927602 0.065996 0.016244
0 0.642701 0.927602 0.036568 0.016244
0 0.726366 0.927602 0.122341 0.016244
0 0.851444 0.927602 0.119395 0.016244
0 0.947294 0.927602 0.063887 0.016244
0 0.058458 0.943845 0.064314 0.016244
0 0.136444 0.943845 0.083238 0.016244
0 0.203921 0.943845 0.043297 0.016244
0 0.272243 0.943845 0.084928 0.016244
0 0.333631 0.943845 0.029428 0.016244
0 0.406993 0.943845 0.108874 0.016244
0 0.501797 0.943845 0.072315 0.016244
0 0.553100 0.943845 0.021870 0.016244
0 0.606080 0.943845 0.075671 0.016244
0 0.683229 0.943845 0.070206 0.016244
