17 0.108272 0.033605 0.016860 0.032587
17 0.108272 0.033605 0.016860 0.032587
0 0.108272 0.033605 0.016860 0.032587
17 0.108272 0.033605 0.010537 0.020367
0 0.175839 0.078411 0.030221 0.022403
1 0.149347 0.117681 0.083204 0.028513
1 0.149347 0.147610 0.083204 0.028513
1 0.149347 0.177539 0.083204 0.028513
1 0.149347 0.207469 0.083204 0.028513
1 0.149347 0.237398 0.083204 0.028513
1 0.149347 0.307663 0.083204 0.028513
1 0.149347 0.337592 0.083204 0.028513
1 0.149347 0.407857 0.083204 0.028513
1 0.149347 0.437786 0.083204 0.028513
1 0.149347 0.467716 0.083204 0.028513
1 0.149347 0.497645 0.083204 0.028513
1 0.149347 0.527574 0.083204 0.028513
1 0.149347 0.557504 0.083204 0.028513
1 0.149347 0.587433 0.083204 0.028513
1 0.171496 0.033605 0.094837 0.050916
10 0.137250 0.033605 0.026344 0.050916
10 0.187302 0.024440 0.063224 0.018330
10 0.187302 0.045316 0.063224 0.013238
18 0.372234 0.033605 0.249737 0.032587
18 0.354489 0.033605 0.214247 0.032587
18 0.354489 0.033605 0.214247 0.032587
18 0.479094 0.033605 0.036017 0.032587
1 0.766428 0.033605 0.066822 0.016293
1 0.825577 0.033605 0.043047 0.016293
1 0.869151 0.033605 0.035671 0.016293
1 0.746048 0.107991 0.000527 0.001018
5 0.714922 0.107991 0.074371 0.032587
0 0.714922 0.107991 0.074371 0.032587
1 0.126585 0.143123 0.047163 0.037678
1 0.173559 0.143123 0.029925 0.037678
1 0.568411 0.143123 0.020499 0.037678
1 0.609231 0.143123 0.044282 0.037678
1 0.667232 0.143123 0.054860 0.037678
5 0.724439 0.141596 0.042693 0.034623
0 0.724439 0.142105 0.042693 0.035642
0 0.692197 0.187420 0.030221 0.022403
1 0.682919 0.262331 0.093067 0.028513
1 0.682919 0.292261 0.093067 0.028513
1 0.682919 0.322190 0.093067 0.028513
1 0.682919 0.352119 0.093067 0.028513
1 0.682919 0.382049 0.093067 0.028513
1 0.682919 0.411978 0.093067 0.028513
1 0.682919 0.482243 0.093067 0.028513
1 0.682919 0.512172 0.093067 0.028513
1 0.682919 0.542102 0.093067 0.028513
1 0.682919 0.612366 0.093067 0.028513
1 0.682919 0.642296 0.093067 0.028513
1 0.682919 0.672225 0.093067 0.028513
1 0.682919 0.702154 0.093067 0.028513
1 0.682919 0.732084 0.093067 0.028513
1 0.682919 0.762013 0.093067 0.028513
1 0.682919 0.791942 0.093067 0.028513
1 0.682919 0.821872 0.093067 0.028513
1 0.682919 0.851801 0.093067 0.028513
1 0.682919 0.881731 0.093067 0.028513
1 0.682919 0.911660 0.093067 0.028513
1 0.682919 0.941589 0.093067 0.028513
1 0.682919 0.971519 0.093067 0.028513
1 0.682919 0.993596 0.093067 0.012809
0 0.810113 0.150554 0.021783 0.022403
6 0.772129 0.228520 0.010537 0.020367
4 0.823762 0.228520 0.113804 0.022403
6 0.772129 0.257033 0.010537 0.020367
4 0.823762 0.257033 0.113804 0.022403
6 0.772129 0.285546 0.010537 0.020367
4 0.823762 0.285546 0.113804 0.022403
6 0.772129 0.361921 0.010537 0.020367
4 0.823762 0.361921 0.113804 0.022403
6 0.772129 0.390434 0.010537 0.020367
4 0.823762 0.390434 0.113804 0.022403
6 0.772129 0.466809 0.010537 0.020367
4 0.823762 0.466809 0.113804 0.022403
6 0.772129 0.495322 0.010537 0.020367
4 0.823762 0.495322 0.113804 0.022403
6 0.772129 0.523835 0.010537 0.020367
4 0.823762 0.523835 0.113804 0.022403
1 0.209974 0.222044 0.073120 0.036660
1 0.124580 0.263270 0.026294 0.020367
1 0.268391 0.263270 0.097422 0.020367
1 0.132063 0.292372 0.041261 0.020367
1 0.272524 0.292372 0.046908 0.020367
1 0.610882 0.215727 0.079376 0.020367
1 0.527405 0.253787 0.049476 0.020367
1 0.599978 0.253787 0.078858 0.020367
1 0.681832 0.253787 0.068040 0.020367
1 0.545451 0.282889 0.088136 0.020367
1 0.616051 0.282889 0.036601 0.020367
1 0.660025 0.282889 0.034535 0.020367
1 0.701417 0.282889 0.031439 0.020367
1 0.521392 0.311991 0.029381 0.020367
1 0.558664 0.311991 0.028352 0.020367
1 0.618356 0.311991 0.069069 0.020367
1 0.686557 0.311991 0.050522 0.020367
1 0.556264 0.341093 0.062377 0.020367
1 0.606942 0.341093 0.022170 0.020367
1 0.640349 0.341093 0.027834 0.020367
1 0.680972 0.341093 0.036601 0.020367
10 0.211283 0.386997 0.015806 0.019857
1 0.375358 0.385533 0.074215 0.020367
10 0.118686 0.454223 0.020021 0.038697
1 0.133743 0.494447 0.028583 0.017312
1 0.384879 0.557058 0.052687 0.017312
10 0.384879 0.558427 0.052687 0.067878
1 0.384879 0.637331 0.052687 0.017312
10 0.384879 0.638700 0.052687 0.076375
1 0.186689 0.537217 0.051065 0.017312
1 0.235894 0.606463 0.044512 0.017312
1 0.185742 0.649233 0.041697 0.017312
1 0.182709 0.692003 0.082472 0.017312
1 0.378346 0.761249 0.050127 0.017312
1 0.157176 0.830496 0.034205 0.017312
1 0.257858 0.899742 0.094647 0.017312
1 0.362022 0.899742 0.098401 0.017312
10 0.118686 0.954016 0.020021 0.038697
1 0.161152 0.992792 0.098385 0.014416
1 0.268589 0.992792 0.101209 0.014416
1 0.247975 0.992792 0.272030 0.014416
10 0.444292 0.454223 0.020021 0.038697
1 0.710485 0.506142 0.052687 0.017312
10 0.710485 0.507510 0.052687 0.067878
1 0.500115 0.494447 0.125099 0.017312
1 0.615380 0.494447 0.052004 0.017312
1 0.496139 0.520923 0.026245 0.017312
1 0.570251 0.520923 0.046076 0.017312
1 0.536284 0.534162 0.197436 0.043788
1 0.544875 0.600353 0.016876 0.017312
1 0.595483 0.600353 0.042174 0.017312
1 0.628984 0.865119 0.050135 0.017312
1 0.687545 0.865119 0.057618 0.017312
1 0.518091 0.907889 0.067003 0.017312
1 0.585332 0.907889 0.054358 0.017312
1 0.678490 0.907889 0.116677 0.017312
10 0.444292 0.962163 0.020021 0.038697
10 0.710485 0.990755 0.052687 0.018489
1 0.556799 0.996865 0.238466 0.006269
