1 0.109506 0.033503 0.016807 0.032487
6 0.109506 0.033503 0.016807 0.032487
1 0.109506 0.033503 0.016807 0.032487
8 0.109506 0.033503 0.000525 0.001015
8 0.161502 0.065990 0.121849 0.032487
1 0.157563 0.108185 0.097164 0.036548
0 0.157563 0.153871 0.097164 0.028426
0 0.157563 0.183709 0.097164 0.028426
0 0.157563 0.213547 0.097164 0.028426
0 0.157563 0.243385 0.097164 0.028426
0 0.157563 0.273223 0.097164 0.028426
1 0.157563 0.343274 0.097164 0.028426
0 0.157563 0.373112 0.097164 0.028426
0 0.157563 0.402951 0.097164 0.028426
0 0.157563 0.432789 0.097164 0.028426
0 0.157563 0.462627 0.097164 0.028426
0 0.157563 0.492465 0.097164 0.028426
0 0.157563 0.522303 0.097164 0.028426
0 0.157563 0.552141 0.097164 0.028426
1 0.201943 0.588690 0.008403 0.016244
0 0.157563 0.623715 0.097164 0.031472
0 0.157563 0.655076 0.097164 0.028426
0 0.157563 0.684914 0.097164 0.028426
0 0.157563 0.714753 0.097164 0.028426
0 0.157563 0.744591 0.097164 0.028426
0 0.157563 0.777475 0.097164 0.034518
0 0.157563 0.811374 0.097164 0.030457
0 0.157563 0.842227 0.097164 0.028426
0 0.157563 0.873588 0.097164 0.031472
1 0.134893 0.911041 0.051823 0.032487
0 0.172532 0.033503 0.094538 0.050761
1 0.372637 0.033503 0.248950 0.032487
2 0.355575 0.033503 0.214827 0.032487
1 0.479788 0.033503 0.034647 0.032487
0 0.749249 0.033503 0.048459 0.016244
0 0.819332 0.033503 0.083303 0.016244
0 0.875476 0.033503 0.020582 0.016244
0 0.121992 0.110200 0.035476 0.037563
0 0.169557 0.110200 0.042846 0.037563
0 0.573037 0.110200 0.023421 0.037563
0 0.618767 0.110200 0.051233 0.037563
0 0.667046 0.110200 0.028517 0.037563
8 0.717359 0.108677 0.055303 0.034518
6 0.717359 0.108677 0.055303 0.034518
1 0.717359 0.109185 0.055303 0.035533
8 0.712632 0.111723 0.045849 0.016244
8 0.684086 0.142180 0.121849 0.032487
1 0.680147 0.184375 0.097164 0.036548
0 0.680147 0.265593 0.097164 0.028426
0 0.680147 0.295431 0.097164 0.028426
0 0.680147 0.325270 0.097164 0.028426
0 0.680147 0.355108 0.097164 0.028426
0 0.680147 0.384946 0.097164 0.028426
1 0.680147 0.414784 0.097164 0.028426
1 0.680147 0.444622 0.097164 0.028426
0 0.680147 0.514673 0.097164 0.028426
0 0.680147 0.544511 0.097164 0.028426
0 0.680147 0.614562 0.097164 0.028426
0 0.680147 0.644400 0.097164 0.028426
0 0.680147 0.674239 0.097164 0.028426
0 0.680147 0.704077 0.097164 0.028426
0 0.680147 0.733915 0.097164 0.028426
0 0.680147 0.763753 0.097164 0.028426
0 0.680147 0.793591 0.097164 0.028426
0 0.680147 0.823430 0.097164 0.028426
0 0.680147 0.853268 0.097164 0.028426
0 0.680147 0.883106 0.097164 0.028426
0 0.680147 0.912944 0.097164 0.028426
0 0.680147 0.942782 0.097164 0.028426
0 0.680147 0.972621 0.097164 0.028426
0 0.680147 0.994123 0.097164 0.011754
1 0.835728 0.150095 0.028517 0.022335
7 0.771271 0.227824 0.010504 0.020305
5 0.822742 0.227824 0.113445 0.022335
7 0.771271 0.256250 0.010504 0.020305
5 0.822742 0.256250 0.113445 0.022335
7 0.771271 0.284676 0.010504 0.020305
5 0.822742 0.284676 0.113445 0.022335
7 0.771271 0.360819 0.010504 0.020305
5 0.822742 0.360819 0.113445 0.022335
7 0.771271 0.389245 0.010504 0.020305
5 0.822742 0.389245 0.113445 0.022335
7 0.771271 0.465387 0.010504 0.020305
5 0.822742 0.465387 0.113445 0.022335
7 0.771271 0.493813 0.010504 0.020305
5 0.822742 0.493813 0.113445 0.022335
7 0.771271 0.522240 0.010504 0.020305
5 0.822742 0.522240 0.113445 0.022335
0 0.305459 0.198017 0.082835 0.032487
0 0.161900 0.230092 0.089031 0.016244
0 0.291176 0.230092 0.101653 0.016244
0 0.625455 0.189562 0.067137 0.017259
0 0.701274 0.189562 0.056534 0.017259
1 0.690807 0.227126 0.082146 0.017259
0 0.690807 0.227633 0.082146 0.032487
1 0.620367 0.227126 0.050330 0.017259
0 0.620367 0.227633 0.050330 0.032487
1 0.564584 0.227126 0.052833 0.017259
0 0.564584 0.227633 0.052833 0.032487
0 0.135648 0.360295 0.036527 0.027411
0 0.365809 0.494369 0.078782 0.017259
0 0.134930 0.394813 0.025735 0.017259
0 0.215644 0.394813 0.054384 0.017259
0 0.149246 0.447605 0.063723 0.017259
0 0.216423 0.487199 0.198078 0.043655
0 0.201919 0.553188 0.056969 0.017259
0 0.214323 0.566386 0.193876 0.043655
0 0.168556 0.648620 0.102342 0.017259
0 0.194246 0.675016 0.058019 0.017259
0 0.356240 0.675016 0.052012 0.017259
0 0.163090 0.727808 0.091411 0.017259
0 0.279367 0.833391 0.044602 0.017259
0 0.136103 0.859787 0.037438 0.017259
0 0.283864 0.859787 0.033195 0.017259
0 0.323254 0.912579 0.043650 0.017259
0 0.705620 0.435755 0.052521 0.017259
0 0.501096 0.394813 0.061015 0.017259
0 0.580616 0.394813 0.017636 0.017259
0 0.482779 0.421209 0.050543 0.017259
0 0.567325 0.449223 0.073513 0.017259
0 0.476493 0.475619 0.037971 0.017259
0 0.552632 0.503633 0.092117 0.017259
0 0.520754 0.530029 0.023536 0.017259
0 0.509708 0.558043 0.104402 0.017259
0 0.620326 0.558043 0.079692 0.017259
0 0.514907 0.584438 0.114799 0.017259
0 0.708246 0.656647 0.047269 0.017259
0 0.594718 0.615704 0.085314 0.017259
0 0.581133 0.642100 0.034803 0.017259
0 0.596048 0.670114 0.091797 0.017259
0 0.486816 0.724524 0.032522 0.017259
0 0.525875 0.724524 0.036256 0.017259
0 0.594649 0.764118 0.274283 0.096447
0 0.700368 0.862849 0.063025 0.017259
0 0.554491 0.848176 0.193967 0.043655
0 0.552767 0.861374 0.038866 0.017259
0 0.506389 0.889388 0.097763 0.017259
0 0.616453 0.889388 0.035411 0.017259
0 0.548590 0.928982 0.182166 0.043655
0 0.665839 0.970194 0.048820 0.017259
0 0.510484 0.993980 0.096598 0.012040
