17 0.108272 0.033605 0.016860 0.032587
5 0.108272 0.033605 0.016860 0.032587
0 0.108272 0.033605 0.016860 0.032587
17 0.108272 0.033605 0.010537 0.020367
0 0.154842 0.102406 0.094195 0.022403
1 0.156481 0.141102 0.097471 0.028513
1 0.156481 0.171032 0.097471 0.028513
1 0.156481 0.200961 0.097471 0.028513
1 0.156481 0.230890 0.097471 0.028513
1 0.156481 0.301155 0.097471 0.028513
1 0.156481 0.331085 0.097471 0.028513
1 0.156481 0.361014 0.097471 0.028513
1 0.156481 0.390943 0.097471 0.028513
1 0.156481 0.420873 0.097471 0.028513
1 0.156481 0.450802 0.097471 0.028513
1 0.171496 0.033605 0.094837 0.050916
10 0.187302 0.024440 0.063224 0.018330
18 0.372234 0.033605 0.249737 0.032587
18 0.352851 0.033605 0.210970 0.032587
18 0.477456 0.033605 0.039293 0.032587
1 0.744875 0.033605 0.045928 0.016293
1 0.810804 0.033605 0.077499 0.016293
1 0.870378 0.033605 0.033218 0.016293
1 0.120637 0.110537 0.035267 0.037678
1 0.164536 0.110537 0.035671 0.037678
1 0.539120 0.110537 0.020103 0.037678
1 0.588152 0.110537 0.061101 0.037678
1 0.658913 0.110537 0.063562 0.037678
5 0.722455 0.109009 0.046661 0.034623
0 0.722455 0.109518 0.046661 0.035642
0 0.679078 0.178828 0.094195 0.022403
1 0.680717 0.253166 0.097471 0.028513
1 0.680717 0.291242 0.097471 0.044807
1 0.680717 0.329318 0.097471 0.028513
1 0.680717 0.359248 0.097471 0.028513
1 0.680717 0.389177 0.097471 0.028513
1 0.680717 0.459442 0.097471 0.028513
1 0.680717 0.489371 0.097471 0.028513
0 0.853822 0.150554 0.037614 0.022403
6 0.772129 0.228520 0.010537 0.020367
4 0.823762 0.230556 0.113804 0.026477
6 0.772129 0.261106 0.010537 0.020367
4 0.823762 0.263143 0.113804 0.026477
6 0.772129 0.293693 0.010537 0.020367
4 0.823762 0.295729 0.113804 0.026477
6 0.772129 0.374141 0.010537 0.020367
4 0.823762 0.376177 0.113804 0.026477
6 0.772129 0.406727 0.010537 0.020367
4 0.823762 0.408764 0.113804 0.026477
6 0.772129 0.487175 0.010537 0.020367
4 0.823762 0.489212 0.113804 0.026477
6 0.772129 0.519762 0.010537 0.020367
4 0.823762 0.521799 0.113804 0.026477
6 0.772129 0.552349 0.010537 0.020367
4 0.823762 0.554385 0.113804 0.026477
1 0.128997 0.196251 0.036543 0.017312
1 0.295578 0.196251 0.050143 0.017312
1 0.365640 0.196251 0.053428 0.017312
1 0.490072 0.196251 0.112009 0.017312
1 0.646050 0.196251 0.036881 0.017312
1 0.131207 0.265498 0.015806 0.017312
10 0.131207 0.266866 0.015806 0.027495
1 0.164878 0.265498 0.046842 0.017312
1 0.211193 0.265498 0.015806 0.017312
10 0.211193 0.266866 0.015806 0.027495
1 0.244167 0.265498 0.045451 0.017312
1 0.289787 0.265498 0.015806 0.017312
10 0.289787 0.266866 0.015806 0.026477
1 0.325104 0.265498 0.050135 0.017312
1 0.373065 0.265498 0.015806 0.017312
10 0.373065 0.266866 0.015806 0.027495
1 0.417730 0.265498 0.068831 0.017312
1 0.475040 0.265498 0.015806 0.017312
10 0.475040 0.266866 0.015806 0.027495
1 0.501914 0.265498 0.033250 0.017312
1 0.541433 0.265498 0.015806 0.017312
10 0.541433 0.266866 0.015806 0.026477
1 0.562689 0.265498 0.022013 0.017312
1 0.596590 0.265498 0.015806 0.017312
10 0.596590 0.266866 0.015806 0.027495
1 0.622456 0.265498 0.031234 0.017312
1 0.660967 0.265498 0.015806 0.017312
10 0.660967 0.266866 0.015806 0.027495
1 0.698350 0.265498 0.054268 0.017312
1 0.263271 0.301489 0.082916 0.017312
1 0.367035 0.301489 0.094631 0.017312
1 0.477089 0.301489 0.095495 0.017312
1 0.583398 0.301489 0.087139 0.017312
1 0.276101 0.336113 0.044035 0.017312
1 0.350122 0.336113 0.074025 0.017312
1 0.416421 0.336113 0.028591 0.017312
1 0.458826 0.336113 0.026236 0.017312
1 0.501692 0.336113 0.029513 0.017312
1 0.563072 0.336113 0.063266 0.017312
1 0.728769 0.431565 0.019494 0.017312
10 0.728769 0.432933 0.019494 0.039556
1 0.157020 0.430769 0.036543 0.017312
1 0.247687 0.430769 0.055766 0.017312
1 0.635356 0.430769 0.104962 0.017312
1 0.277443 0.458869 0.089971 0.017312
1 0.407485 0.458869 0.100747 0.017312
1 0.154529 0.587911 0.088514 0.017312
10 0.154529 0.589279 0.088514 0.093686
1 0.239306 0.555165 0.040750 0.017312
1 0.164631 0.926346 0.047781 0.016293
1 0.159070 0.967079 0.021083 0.016293
1 0.224751 0.967079 0.034164 0.016293
1 0.278961 0.967079 0.040487 0.016293
1 0.364158 0.967079 0.037111 0.016293
1 0.372201 0.990915 0.006322 0.016293
10 0.372201 0.992203 0.006322 0.012220
1 0.395190 0.990915 0.035424 0.016293
1 0.461637 0.550264 0.051535 0.017312
1 0.516950 0.550264 0.037013 0.017312
1 0.593589 0.550264 0.094186 0.017312
1 0.672340 0.550264 0.041236 0.017312
1 0.462337 0.576741 0.052934 0.017312
1 0.715054 0.661294 0.046891 0.017312
10 0.715054 0.662662 0.046891 0.113035
1 0.624601 0.612366 0.058112 0.017312
1 0.563924 0.666942 0.048258 0.017312
1 0.480271 0.747995 0.035605 0.017312
1 0.692600 0.806740 0.091799 0.016293
1 0.474661 0.899965 0.050612 0.017312
1 0.477703 0.928065 0.056696 0.017312
1 0.486141 0.956164 0.073573 0.017312
1 0.491056 0.984264 0.083402 0.017312
