0 0.070116 0.043655 0.115021 0.046701
11 0.310358 0.042640 0.049222 0.085279
0 0.310358 0.042640 0.040293 0.085279
11 0.358419 0.042640 0.046900 0.085279
0 0.358419 0.042640 0.037971 0.085279
0 0.406989 0.042640 0.041311 0.085279
0 0.469969 0.042640 0.066792 0.085279
0 0.536990 0.042640 0.049394 0.085279
0 0.581744 0.042640 0.022256 0.085279
0 0.615509 0.042640 0.027418 0.085279
0 0.658581 0.042640 0.040868 0.085279
0 0.722238 0.042640 0.068589 0.085279
0 0.774389 0.042640 0.017857 0.085279
1 0.970063 0.042640 0.044118 0.085279
0 0.970063 0.042640 0.044118 0.085279
0 0.213559 0.042640 0.026663 0.085279
5 0.120798 0.169741 0.204832 0.025999
2 0.120798 0.222335 0.204832 0.071066
0 0.061757 0.339705 0.074145 0.018274
0 0.053822 0.364927 0.058274 0.018274
0 0.048959 0.390149 0.048549 0.018274
0 0.036100 0.415371 0.022830 0.018274
0 0.056050 0.440593 0.062730 0.018274
0 0.047252 0.465815 0.045135 0.018274
0 0.120798 0.554870 0.194328 0.060660
0 0.120798 0.625635 0.194328 0.078839
0 0.594800 0.485184 0.669643 0.728744
0 0.623753 0.997208 0.048976 0.005584
0 0.118172 0.931766 0.215336 0.017433
0 0.017377 0.952665 0.013746 0.016244
0 0.036584 0.952665 0.014164 0.016244
0 0.059821 0.952665 0.021804 0.016244
0 0.087095 0.952665 0.022239 0.016244
0 0.111275 0.952665 0.015617 0.016244
0 0.137306 0.952665 0.025940 0.016244
0 0.022190 0.974159 0.023372 0.016244
0 0.059172 0.974159 0.040088 0.016244
0 0.112612 0.974159 0.056288 0.016244
0 0.150395 0.974159 0.008215 0.016244
0 0.162134 0.974159 0.004202 0.016244
0 0.175806 0.974159 0.012080 0.016244
0 0.192104 0.974159 0.009454 0.016244
