0 0.496048 0.397149 0.202318 0.136456
0 0.496048 0.346232 0.188620 0.024440
10 0.455471 0.346232 0.016860 0.024440
0 0.496048 0.397149 0.188620 0.024440
10 0.450548 0.397149 0.016860 0.024440
0 0.496048 0.448065 0.188620 0.024440
18 0.460863 0.448065 0.016860 0.024440
0 0.496048 0.780041 0.202318 0.034623
0 0.496048 0.780041 0.188620 0.024440
10 0.408646 0.024440 0.012645 0.024440
0 0.970495 0.024440 0.017914 0.034623
10 0.028937 0.100815 0.032584 0.085540
0 0.897647 0.075356 0.044784 0.034623
0 0.953961 0.075356 0.050983 0.034623
0 0.192835 0.383910 0.076396 0.059063
10 0.496048 0.665892 0.992097 0.537487
10 0.996048 0.665892 0.007903 0.537487
0 0.811117 0.965186 0.014752 0.028513
0 0.830084 0.965186 0.014752 0.028513
1 0.182552 0.978615 0.046447 0.018330
0 0.730975 0.939409 0.065859 0.040335
0 0.796834 0.940428 0.065859 0.042372
20 0.975237 0.939919 0.023182 0.044807
