1 0.070337 0.043788 0.115385 0.046843
17 0.309759 0.042770 0.049378 0.085540
17 0.309759 0.042770 0.040421 0.085540
17 0.357971 0.042770 0.047048 0.085540
17 0.357971 0.042770 0.038091 0.085540
1 0.406695 0.042770 0.041442 0.085540
1 0.469874 0.042770 0.067003 0.085540
1 0.537107 0.042770 0.049551 0.085540
1 0.582002 0.042770 0.022326 0.085540
1 0.615874 0.042770 0.027504 0.085540
1 0.659082 0.042770 0.040997 0.085540
1 0.722940 0.042770 0.068806 0.085540
1 0.775257 0.042770 0.017914 0.085540
0 0.969968 0.042770 0.044257 0.085540
18 0.969968 0.042770 0.044257 0.085540
18 0.969968 0.042770 0.013699 0.085540
1 0.214235 0.042770 0.026747 0.085540
18 0.121180 0.170260 0.205479 0.026079
18 0.036881 0.224033 0.015806 0.030550
18 0.121180 0.223014 0.205479 0.071283
1 0.061953 0.340743 0.074379 0.018330
1 0.053992 0.366042 0.058458 0.018330
1 0.049114 0.391341 0.048703 0.018330
1 0.036214 0.416640 0.022902 0.018330
1 0.056227 0.441939 0.062928 0.018330
1 0.047402 0.467238 0.045278 0.018330
1 0.121180 0.556565 0.194942 0.060845
1 0.121180 0.627546 0.194942 0.079080
1 0.595100 0.552150 0.668599 0.861937
16 0.595100 0.552150 0.668599 0.861937
1 0.118546 0.931557 0.216017 0.017487
1 0.017432 0.952520 0.013789 0.016293
1 0.036700 0.952520 0.014209 0.016293
1 0.060010 0.952520 0.021873 0.016293
1 0.087370 0.952520 0.022310 0.016293
1 0.111627 0.952520 0.015666 0.016293
1 0.137740 0.952520 0.026022 0.016293
1 0.022260 0.974080 0.023446 0.016293
1 0.059359 0.974080 0.040215 0.016293
1 0.112968 0.974080 0.056466 0.016293
1 0.150870 0.974080 0.008241 0.016293
1 0.162647 0.974080 0.004215 0.016293
1 0.176362 0.974080 0.012118 0.016293
1 0.192711 0.974080 0.009484 0.016293
