0 0.496040 0.246304 0.983677 0.017259
0 0.015289 0.264578 0.022174 0.017259
1 0.046908 0.264578 0.041065 0.017259
1 0.496061 0.364451 0.983718 0.018274
1 0.496061 0.364451 0.983718 0.018274
1 0.024734 0.363944 0.041065 0.017259
1 0.087185 0.556647 0.165966 0.161421
2 0.216649 0.626697 0.092962 0.021320
0 0.024738 0.792433 0.041073 0.017259
0 0.025904 0.810707 0.043404 0.017259
0 0.017742 0.828982 0.027081 0.017259
0 0.035123 0.847256 0.061843 0.017259
0 0.031390 0.865530 0.054376 0.017259
0 0.020069 0.883804 0.031734 0.017259
0 0.017045 0.902078 0.025686 0.017259
0 0.028821 0.920352 0.049238 0.017259
0 0.026146 0.938626 0.043888 0.017259
0 0.021710 0.956900 0.035017 0.017259
