1 0.211851 0.047862 0.076495 0.024440
10 0.211851 0.047862 0.076495 0.024440
18 0.271700 0.046843 0.007376 0.014257
18 0.431029 0.047862 0.336571 0.034623
0 0.765967 0.047862 0.105053 0.093686
0 0.736149 0.047862 0.045418 0.044807
0 0.792891 0.047862 0.051205 0.044807
1 0.018547 0.115580 0.020235 0.020367
1 0.021005 0.156314 0.025150 0.020367
0 0.496048 0.197556 0.991043 0.040733
0 0.021157 0.197047 0.025454 0.020367
0 0.031250 0.197047 0.005269 0.020367
1 0.018251 0.237780 0.019642 0.020367
1 0.017737 0.278513 0.018613 0.020367
1 0.019926 0.319246 0.022993 0.020367
1 0.018799 0.359980 0.020737 0.020367
1 0.020346 0.400713 0.023833 0.020367
1 0.024187 0.441446 0.031513 0.020367
1 0.033786 0.482179 0.050711 0.020367
3 0.011591 0.482179 0.006322 0.020367
1 0.032448 0.522912 0.048036 0.020367
3 0.011591 0.522912 0.006322 0.020367
0 0.496048 0.564155 0.991043 0.040733
0 0.019305 0.563646 0.021750 0.020367
0 0.027545 0.563646 0.005269 0.020367
0 0.203310 0.337465 0.059413 0.052953
10 0.363565 0.181263 0.021075 0.040733
10 0.363565 0.244399 0.021075 0.040733
10 0.363565 0.307536 0.021075 0.040733
1 0.785387 0.652749 0.066213 0.020367
1 0.215527 0.752546 0.049073 0.032587
1 0.198894 0.851531 0.015806 0.017312
10 0.198894 0.852342 0.015806 0.030550
1 0.210485 0.851531 0.015806 0.017312
10 0.210485 0.852342 0.015806 0.030550
1 0.222076 0.851531 0.015806 0.017312
10 0.222076 0.852342 0.015806 0.030550
1 0.233667 0.851531 0.015806 0.017312
10 0.233667 0.852342 0.015806 0.030550
1 0.245258 0.851531 0.015806 0.017312
10 0.245258 0.852342 0.015806 0.030550
1 0.256849 0.851531 0.015806 0.017312
10 0.256849 0.852342 0.015806 0.030550
1 0.268440 0.851531 0.015806 0.017312
10 0.268440 0.852342 0.015806 0.030550
18 0.496048 0.757637 0.186512 0.028513
18 0.707850 0.757637 0.186512 0.028513
18 0.496048 0.802444 0.186512 0.028513
18 0.707850 0.802444 0.186512 0.028513
18 0.496048 0.847251 0.186512 0.028513
18 0.707850 0.847251 0.186512 0.028513
18 0.496048 0.892057 0.186512 0.028513
18 0.707850 0.892057 0.186512 0.028513
