0 0.137585 0.040609 0.102375 0.035660
0 0.225664 0.046701 0.040170 0.024365
0 0.259446 0.046701 0.027393 0.024365
0 0.309098 0.046701 0.071913 0.024365
0 0.358825 0.046701 0.027541 0.024365
0 0.391503 0.046701 0.037815 0.024365
1 0.426811 0.046701 0.032801 0.024365
2 0.820624 0.040609 0.118172 0.042164
1 0.892718 0.040609 0.026014 0.042164
0 0.417279 0.361429 0.455882 0.495447
0 0.732405 0.214721 0.140756 0.096447
0 0.732405 0.343655 0.140756 0.096447
0 0.732405 0.472589 0.140756 0.096447
0 0.694590 0.584787 0.015756 0.030457
0 0.728204 0.584787 0.015756 0.030457
0 0.761817 0.584787 0.015756 0.030457
0 0.259716 0.760406 0.140756 0.237532
0 0.417279 0.760406 0.140756 0.237532
0 0.574842 0.747716 0.140756 0.212151
0 0.732405 0.747716 0.140756 0.212151
