20 0.989463 0.928717 0.012645 0.024440
1 0.752219 0.952138 0.052465 0.020367
0 0.906481 0.954175 0.161749 0.042770
0 0.906481 0.954175 0.153319 0.034623
1 0.076721 0.028609 0.128153 0.057026
17 0.665540 0.028609 0.036329 0.057217
17 0.706274 0.028609 0.045138 0.057217
17 0.748078 0.028609 0.038470 0.057217
17 0.793977 0.028609 0.053329 0.057217
17 0.838275 0.028609 0.035267 0.057217
1 0.874020 0.028609 0.036222 0.057217
0 0.928152 0.028609 0.059396 0.040924
0 0.928152 0.028609 0.059396 0.040924
18 0.978925 0.028609 0.023182 0.044807
18 0.978925 0.028609 0.014752 0.028513
4 0.987092 0.028609 0.000527 0.001018
18 0.993678 0.028609 0.012645 0.057026
1 0.072972 0.252546 0.145943 0.371487
10 0.072972 0.252546 0.145943 0.371487
1 0.500000 0.252546 0.674394 0.391039
10 0.500000 0.252546 0.674394 0.391039
1 0.730033 0.252546 0.539933 0.378018
10 0.500000 0.252546 0.672623 0.390012
1 0.075079 0.551728 0.150158 0.036246
1 0.200371 0.509372 0.049847 0.015880
1 0.500000 0.551728 0.649104 0.036246
1 0.279200 0.665073 0.024055 0.042977
1 0.328458 0.665073 0.057602 0.042977
1 0.397553 0.665073 0.063727 0.042977
1 0.462004 0.665073 0.048316 0.042977
1 0.514361 0.665073 0.039540 0.042977
1 0.579697 0.665073 0.074272 0.042977
1 0.646943 0.665073 0.043360 0.042977
1 0.705780 0.665073 0.057454 0.042977
1 0.770733 0.665073 0.055593 0.042977
1 0.832760 0.665073 0.051600 0.042977
1 0.885171 0.665073 0.036362 0.042977
1 0.944337 0.665073 0.065110 0.042977
1 0.992661 0.665073 0.014678 0.042977
0 0.772968 0.665065 0.015806 0.030550
1 0.813928 0.665065 0.025463 0.021990
1 0.206694 0.148072 0.045632 0.015880
1 0.336670 0.273843 0.305585 0.219371
1 0.663330 0.255728 0.305585 0.332230
10 0.663330 0.255728 0.305585 0.332230
1 0.255005 0.561291 0.142255 0.154659
18 0.255005 0.561291 0.142255 0.154659
1 0.210946 0.668963 0.054136 0.036246
1 0.255005 0.728026 0.142255 0.065587
1 0.418599 0.561004 0.141728 0.154086
10 0.418599 0.561004 0.141728 0.154086
1 0.361997 0.668390 0.028525 0.036246
1 0.418599 0.727454 0.141728 0.065587
1 0.581928 0.561004 0.141728 0.154086
10 0.581928 0.561004 0.141728 0.154086
1 0.533707 0.668390 0.045286 0.036246
1 0.581928 0.727454 0.141728 0.065587
1 0.745258 0.561004 0.141728 0.154086
10 0.745258 0.561004 0.141728 0.154086
1 0.699318 0.668390 0.049847 0.036246
1 0.745258 0.716912 0.141728 0.044504
1 0.279200 0.863775 0.024055 0.042977
1 0.328458 0.863775 0.057602 0.042977
1 0.397553 0.863775 0.063727 0.042977
1 0.462004 0.863775 0.048316 0.042977
1 0.514361 0.863775 0.039540 0.042977
1 0.579697 0.863775 0.074272 0.042977
1 0.646943 0.863775 0.043360 0.042977
1 0.705780 0.863775 0.057454 0.042977
1 0.770733 0.863775 0.055593 0.042977
1 0.832760 0.863775 0.051600 0.042977
1 0.885171 0.863775 0.036362 0.042977
1 0.944337 0.863775 0.065110 0.042977
1 0.992661 0.863775 0.014678 0.042977
0 0.772968 0.863767 0.015806 0.030550
1 0.813928 0.863767 0.025463 0.021990
