0 0.220063 0.060914 0.137605 0.056853
0 0.521911 0.043655 0.071609 0.022335
0 0.581756 0.043655 0.048081 0.022335
0 0.636230 0.043655 0.060867 0.022335
0 0.695973 0.043655 0.058618 0.022335
1 0.756955 0.044670 0.063345 0.022335
1 0.753594 0.044162 0.039817 0.017259
8 0.822885 0.045780 0.051709 0.026586
1 0.824986 0.045780 0.039104 0.026586
11 0.510517 0.079886 0.055500 0.032487
8 0.510517 0.079886 0.055500 0.032487
11 0.573595 0.079886 0.070657 0.032487
8 0.573595 0.079886 0.070657 0.032487
11 0.638520 0.079886 0.059193 0.032487
8 0.638520 0.079886 0.059193 0.032487
11 0.712365 0.079886 0.088498 0.032487
0 0.712365 0.079886 0.088498 0.032487
11 0.794274 0.079886 0.075318 0.032487
8 0.794274 0.079886 0.075318 0.032487
1 0.207265 0.621122 0.079971 0.045067
0 0.327468 0.940102 0.320378 0.119797
0 0.262572 0.964070 0.071215 0.020305
1 0.812237 0.958487 0.016807 0.034296
1 0.812237 0.958487 0.016807 0.032487
