1 0.071128 0.045825 0.100105 0.048880
1 0.283930 0.046334 0.285457 0.027495
18 0.862120 0.045825 0.088160 0.091650
18 0.842474 0.045825 0.016201 0.031568
18 0.754725 0.045825 0.275553 0.087576
18 0.637735 0.160896 0.043681 0.020367
18 0.884072 0.045825 0.018967 0.036660
18 0.884072 0.045825 0.018967 0.036660
0 0.949412 0.045825 0.085369 0.091650
17 0.931161 0.045825 0.016201 0.031568
17 0.090292 0.140728 0.138435 0.065571
17 0.074515 0.231758 0.106881 0.065571
17 0.074993 0.322787 0.107836 0.065571
17 0.049522 0.413816 0.056894 0.065571
17 0.061220 0.504845 0.080290 0.065571
17 0.055461 0.595874 0.068773 0.065571
1 0.130882 0.045316 0.052168 0.023422
1 0.203849 0.045316 0.059586 0.023422
1 0.265510 0.045316 0.029554 0.023422
1 0.332871 0.045316 0.070988 0.023422
1 0.401364 0.045316 0.031818 0.023422
1 0.455027 0.045316 0.041326 0.023422
1 0.517206 0.045316 0.048851 0.023422
1 0.071128 0.045316 0.100105 0.048880
20 0.945016 0.045825 0.052012 0.036660
20 0.961538 0.045825 0.018967 0.036660
0 0.496048 0.389511 0.992097 0.779022
0 0.496048 0.889511 0.992097 0.220978
