0 0.175342 0.026872 0.109613 0.037500
11 0.570596 0.025714 0.052267 0.051428
0 0.570596 0.025714 0.037298 0.051428
11 0.635861 0.025714 0.074260 0.051428
0 0.635861 0.025714 0.059291 0.051428
11 0.699719 0.025714 0.049452 0.051428
0 0.699719 0.025714 0.034483 0.051428
11 0.749171 0.025714 0.045447 0.051428
0 0.749171 0.025714 0.030479 0.051428
11 0.796177 0.025714 0.044561 0.051428
0 0.796177 0.025714 0.029592 0.051428
1 0.851718 0.025714 0.066521 0.051428
11 0.239812 0.082265 0.057322 0.051523
0 0.239812 0.082265 0.057322 0.051523
11 0.309849 0.082265 0.048828 0.051523
0 0.309849 0.082265 0.048828 0.051523
11 0.382575 0.082265 0.062697 0.051523
0 0.382575 0.082265 0.062697 0.051523
11 0.463719 0.082265 0.065668 0.051523
0 0.463719 0.082265 0.065668 0.051523
11 0.536875 0.082265 0.046719 0.051523
0 0.536875 0.082265 0.046719 0.051523
11 0.605017 0.082265 0.055639 0.051523
0 0.605017 0.082265 0.055639 0.051523
11 0.665938 0.082265 0.032276 0.051523
0 0.665938 0.082265 0.032276 0.051523
11 0.713646 0.082265 0.029215 0.051523
0 0.713646 0.082265 0.029215 0.051523
11 0.763093 0.082265 0.035755 0.051523
0 0.763093 0.082265 0.035755 0.051523
0 0.496057 0.975000 0.127454 0.033756
