1 0.109506 0.033503 0.016807 0.034518
6 0.109506 0.033503 0.016807 0.034518
1 0.109506 0.032487 0.016807 0.032487
8 0.109506 0.032487 0.000525 0.001015
8 0.161502 0.067005 0.121849 0.032487
1 0.138270 0.105108 0.058577 0.028426
0 0.157563 0.149778 0.097164 0.034518
0 0.157563 0.185707 0.097164 0.034518
0 0.157563 0.221637 0.097164 0.034518
0 0.157563 0.257567 0.097164 0.034518
0 0.157563 0.293496 0.097164 0.034518
0 0.157563 0.329426 0.097164 0.034518
0 0.157563 0.365355 0.097164 0.034518
0 0.157563 0.412452 0.097164 0.056853
0 0.157563 0.459549 0.097164 0.034518
0 0.157563 0.541783 0.097164 0.034518
0 0.157563 0.577713 0.097164 0.034518
0 0.157563 0.613642 0.097164 0.034518
0 0.157563 0.649572 0.097164 0.034518
0 0.157563 0.685501 0.097164 0.034518
0 0.157563 0.732598 0.097164 0.056853
0 0.172532 0.033503 0.094538 0.050761
1 0.372637 0.033503 0.248950 0.032487
2 0.359244 0.033503 0.222164 0.032487
1 0.483456 0.033503 0.027311 0.032487
0 0.789785 0.033503 0.014706 0.018274
0 0.827075 0.033503 0.051471 0.018274
0 0.871389 0.033503 0.028755 0.018274
0 0.126313 0.113246 0.044118 0.043655
0 0.167805 0.113246 0.022059 0.043655
0 0.600053 0.113246 0.014706 0.043655
0 0.637868 0.113246 0.044118 0.043655
0 0.686712 0.113246 0.036765 0.043655
8 0.729254 0.111723 0.031513 0.040609
6 0.729254 0.111723 0.031513 0.040609
1 0.729254 0.112230 0.031513 0.041624
8 0.724527 0.114768 0.022059 0.022335
8 0.684086 0.148271 0.121849 0.032487
1 0.689215 0.162484 0.058577 0.028426
0 0.680147 0.248779 0.097164 0.034518
0 0.680147 0.284708 0.097164 0.034518
0 0.680147 0.320638 0.097164 0.034518
0 0.680147 0.356567 0.097164 0.034518
0 0.680147 0.392497 0.097164 0.034518
0 0.680147 0.428426 0.097164 0.034518
0 0.680147 0.510660 0.097164 0.034518
0 0.680147 0.546589 0.097164 0.034518
0 0.680147 0.582519 0.097164 0.034518
0 0.680147 0.664753 0.097164 0.034518
0 0.680147 0.700682 0.097164 0.034518
0 0.680147 0.736612 0.097164 0.034518
0 0.680147 0.772541 0.097164 0.034518
0 0.680147 0.819638 0.097164 0.056853
0 0.680147 0.866735 0.097164 0.034518
0 0.680147 0.902665 0.097164 0.034518
0 0.680147 0.938595 0.097164 0.034518
0 0.680147 0.974524 0.097164 0.034518
0 0.680147 0.996597 0.097164 0.006805
1 0.800683 0.152126 0.027311 0.028426
7 0.771271 0.238420 0.010504 0.020305
5 0.822742 0.240451 0.113445 0.026396
7 0.771271 0.270907 0.010504 0.020305
5 0.822742 0.272938 0.113445 0.026396
7 0.771271 0.303395 0.010504 0.020305
5 0.822742 0.305425 0.113445 0.026396
7 0.771271 0.389689 0.010504 0.020305
5 0.822742 0.391720 0.113445 0.026396
7 0.771271 0.422176 0.010504 0.020305
5 0.822742 0.424207 0.113445 0.026396
7 0.771271 0.508471 0.010504 0.020305
5 0.822742 0.510501 0.113445 0.026396
7 0.771271 0.540958 0.010504 0.020305
5 0.822742 0.542989 0.113445 0.026396
7 0.771271 0.573445 0.010504 0.020305
5 0.822742 0.575476 0.113445 0.026396
0 0.245950 0.188372 0.103770 0.037563
0 0.282358 0.224524 0.057149 0.017259
0 0.321650 0.224524 0.021435 0.017259
0 0.346655 0.224524 0.028575 0.017259
0 0.647559 0.259232 0.036486 0.020305
0 0.689757 0.259232 0.015970 0.020305
0 0.678637 0.283645 0.118041 0.017259
0 0.123162 0.343956 0.019958 0.031472
0 0.154149 0.432487 0.078782 0.021320
0 0.219948 0.384692 0.044413 0.021320
0 0.261349 0.384692 0.027098 0.021320
0 0.296900 0.384692 0.027098 0.021320
0 0.344062 0.384692 0.016807 0.021320
0 0.373474 0.384692 0.025210 0.021320
0 0.407087 0.384692 0.025210 0.021320
0 0.440700 0.384692 0.025210 0.021320
0 0.338129 0.397890 0.280774 0.047716
0 0.235557 0.411088 0.042017 0.021320
0 0.273372 0.411088 0.016807 0.021320
0 0.357405 0.411088 0.033613 0.021320
0 0.269170 0.437484 0.058824 0.021320
0 0.378414 0.463880 0.042017 0.021320
0 0.420431 0.463880 0.016807 0.021320
0 0.454044 0.463880 0.025210 0.021320
0 0.342700 0.477078 0.289916 0.047716
0 0.269170 0.490276 0.050420 0.021320
0 0.361361 0.490276 0.016807 0.021320
0 0.296883 0.503474 0.364250 0.047716
0 0.139968 0.516672 0.016807 0.021320
0 0.186187 0.543068 0.025210 0.021320
0 0.398634 0.543068 0.050420 0.021320
0 0.465861 0.543068 0.033613 0.021320
0 0.341313 0.569464 0.016807 0.021320
0 0.420898 0.569464 0.025210 0.021320
0 0.131565 0.622256 0.016807 0.021320
0 0.337907 0.683169 0.042017 0.021320
0 0.392988 0.683169 0.050420 0.021320
0 0.448070 0.683169 0.042017 0.021320
0 0.486345 0.683169 0.016807 0.021320
0 0.174251 0.718687 0.092101 0.021320
0 0.375763 0.718687 0.109244 0.021320
0 0.207741 0.745082 0.125468 0.021320
0 0.153411 0.799492 0.033613 0.021320
0 0.208504 0.799492 0.026154 0.021320
0 0.237969 0.799492 0.032776 0.021320
0 0.333898 0.799492 0.108661 0.021320
0 0.430246 0.799492 0.033613 0.021320
0 0.330513 0.825888 0.050420 0.021320
0 0.145007 0.880298 0.033613 0.021320
0 0.191226 0.880298 0.025210 0.021320
0 0.245848 0.880298 0.033613 0.021320
0 0.296268 0.880298 0.016807 0.021320
0 0.363495 0.880298 0.016807 0.021320
0 0.295931 0.906694 0.033613 0.021320
0 0.149209 0.933090 0.025210 0.021320
0 0.337907 0.967608 0.042017 0.021320
0 0.392988 0.967608 0.050420 0.021320
0 0.448070 0.967608 0.042017 0.021320
0 0.486345 0.967608 0.016807 0.021320
0 0.524160 0.343956 0.019958 0.031472
0 0.561450 0.348414 0.050420 0.025381
0 0.625131 0.484867 0.157563 0.021320
0 0.563157 0.613119 0.033613 0.021320
0 0.579840 0.665911 0.066981 0.021320
0 0.662618 0.700428 0.042017 0.021320
0 0.713498 0.700428 0.042017 0.021320
0 0.524160 0.752617 0.019958 0.031472
0 0.566492 0.757075 0.060506 0.025381
0 0.618382 0.757075 0.037511 0.025381
0 0.537602 0.794162 0.016807 0.021320
0 0.591887 0.822176 0.125377 0.021320
0 0.558610 0.850190 0.058824 0.021320
0 0.655249 0.850190 0.016807 0.021320
0 0.630039 0.863388 0.201681 0.047716
0 0.609974 0.876586 0.027098 0.021320
0 0.554408 0.904600 0.050420 0.021320
0 0.618377 0.904600 0.027098 0.021320
0 0.648782 0.904600 0.016807 0.021320
0 0.554285 0.932614 0.050174 0.021320
0 0.618131 0.932614 0.027098 0.021320
0 0.567014 0.960628 0.075630 0.021320
0 0.698209 0.960628 0.027098 0.021320
0 0.550207 0.988642 0.042017 0.021320
0 0.609974 0.988642 0.027098 0.021320
