1 0.109506 0.033503 0.016807 0.032487
6 0.109506 0.033503 0.016807 0.032487
1 0.109506 0.033503 0.016807 0.032487
8 0.109506 0.033503 0.000525 0.001015
8 0.161502 0.065990 0.121849 0.032487
1 0.139813 0.102094 0.061663 0.022335
0 0.157563 0.140673 0.097164 0.028426
0 0.157563 0.170511 0.097164 0.028426
0 0.157563 0.200349 0.097164 0.028426
0 0.157563 0.230187 0.097164 0.028426
0 0.157563 0.260025 0.097164 0.028426
0 0.157563 0.289864 0.097164 0.028426
0 0.157563 0.319702 0.097164 0.028426
0 0.157563 0.349540 0.097164 0.028426
0 0.157563 0.419591 0.097164 0.028426
0 0.157563 0.449429 0.097164 0.028426
0 0.157563 0.479267 0.097164 0.028426
0 0.157563 0.549318 0.097164 0.028426
0 0.157563 0.579156 0.097164 0.028426
0 0.157563 0.608994 0.097164 0.028426
0 0.157563 0.638832 0.097164 0.028426
0 0.157563 0.668671 0.097164 0.028426
0 0.157563 0.738721 0.097164 0.028426
0 0.157563 0.768560 0.097164 0.028426
0 0.172532 0.033503 0.094538 0.050761
1 0.372637 0.033503 0.248950 0.032487
2 0.359445 0.033503 0.222566 0.032487
1 0.483657 0.033503 0.026909 0.032487
0 0.771694 0.033503 0.044553 0.016244
0 0.823111 0.033503 0.049879 0.016244
0 0.869009 0.033503 0.033515 0.016244
0 0.603852 0.099032 0.183889 0.015228
0 0.601604 0.114261 0.063534 0.015228
1 0.883141 0.106647 0.015756 0.030457
0 0.115083 0.170701 0.021657 0.037563
0 0.155979 0.170701 0.043330 0.037563
0 0.587525 0.170701 0.016766 0.037563
0 0.625566 0.170701 0.042509 0.037563
0 0.675863 0.170701 0.041278 0.037563
8 0.724958 0.169178 0.040105 0.034518
6 0.724958 0.169178 0.040105 0.034518
1 0.724958 0.169686 0.040105 0.035533
8 0.720231 0.172224 0.030651 0.016244
8 0.684086 0.202681 0.121849 0.032487
1 0.662397 0.238785 0.061663 0.022335
0 0.680147 0.312897 0.097164 0.028426
0 0.680147 0.342735 0.097164 0.028426
0 0.680147 0.372573 0.097164 0.028426
0 0.680147 0.402411 0.097164 0.028426
0 0.680147 0.432249 0.097164 0.028426
0 0.680147 0.462088 0.097164 0.028426
0 0.680147 0.491926 0.097164 0.028426
0 0.680147 0.521764 0.097164 0.028426
0 0.680147 0.591815 0.097164 0.028426
0 0.680147 0.621653 0.097164 0.028426
0 0.680147 0.651491 0.097164 0.028426
0 0.680147 0.721542 0.097164 0.028426
0 0.680147 0.751380 0.097164 0.028426
0 0.680147 0.781218 0.097164 0.028426
0 0.680147 0.811056 0.097164 0.028426
0 0.680147 0.840895 0.097164 0.028426
0 0.680147 0.870733 0.097164 0.028426
0 0.680147 0.900571 0.097164 0.028426
0 0.680147 0.930409 0.097164 0.028426
0 0.680147 0.960247 0.097164 0.028426
0 0.680147 0.987936 0.097164 0.024128
1 0.826771 0.204918 0.045546 0.022335
7 0.771271 0.282646 0.010504 0.020305
5 0.822742 0.284676 0.113445 0.026396
7 0.771271 0.315133 0.010504 0.020305
5 0.822742 0.317164 0.113445 0.026396
0 0.822742 0.358788 0.113445 0.044670
7 0.771271 0.440006 0.010504 0.020305
5 0.822742 0.442037 0.113445 0.026396
7 0.771271 0.472494 0.010504 0.020305
5 0.822742 0.474524 0.113445 0.026396
7 0.771271 0.504981 0.010504 0.020305
5 0.822742 0.507011 0.113445 0.026396
7 0.771271 0.585184 0.010504 0.020305
5 0.822742 0.587214 0.113445 0.026396
7 0.771271 0.617671 0.010504 0.020305
5 0.822742 0.619702 0.113445 0.026396
7 0.771271 0.697874 0.010504 0.020305
5 0.822742 0.699905 0.113445 0.026396
7 0.771271 0.730362 0.010504 0.020305
5 0.822742 0.732392 0.113445 0.026396
7 0.771271 0.762849 0.010504 0.020305
5 0.822742 0.764879 0.113445 0.026396
0 0.341362 0.233645 0.064026 0.031472
0 0.240993 0.268877 0.044388 0.017259
0 0.276289 0.268877 0.021755 0.017259
0 0.361074 0.268877 0.104303 0.017259
0 0.613798 0.233836 0.054605 0.017259
0 0.700786 0.233836 0.066997 0.017259
0 0.664161 0.253886 0.023979 0.017259
0 0.273076 0.299032 0.028493 0.017259
0 0.310908 0.299032 0.032235 0.017259
0 0.342433 0.299032 0.015879 0.017259
0 0.372325 0.299032 0.028969 0.017259
0 0.404785 0.299032 0.021017 0.017259
0 0.440516 0.299032 0.035509 0.017259
0 0.485590 0.299032 0.039703 0.017259
0 0.521320 0.299032 0.016823 0.017259
0 0.563817 0.299032 0.053235 0.017259
0 0.144958 0.443940 0.065651 0.017259
0 0.218032 0.411802 0.052775 0.017259
0 0.290203 0.411802 0.031759 0.017259
0 0.310518 0.425000 0.237748 0.043655
0 0.266778 0.438198 0.075835 0.017259
0 0.316759 0.596574 0.021025 0.017259
0 0.346655 0.596574 0.029428 0.017259
0 0.394777 0.596574 0.024767 0.017259
0 0.266991 0.622970 0.030831 0.017259
0 0.384236 0.622970 0.026170 0.017259
0 0.220978 0.702157 0.029436 0.017259
0 0.299210 0.702157 0.071913 0.017259
0 0.258100 0.754949 0.063518 0.017259
0 0.223674 0.796066 0.043428 0.016244
0 0.298356 0.796066 0.089113 0.016244
0 0.396669 0.796066 0.090689 0.016244
0 0.239274 0.836977 0.021484 0.017259
0 0.302480 0.836977 0.086857 0.017259
0 0.365284 0.835961 0.028476 0.023350
0 0.418584 0.835961 0.051979 0.023350
0 0.166442 0.953601 0.085938 0.017259
0 0.299796 0.953601 0.067719 0.017259
0 0.233936 0.979997 0.105067 0.017259
0 0.187229 0.999691 0.058380 0.000619
0 0.286477 0.999691 0.098099 0.000619
0 0.347902 0.999691 0.020073 0.000619
0 0.468381 0.403680 0.008403 0.017259
0 0.493821 0.542766 0.059283 0.015228
0 0.531804 0.542766 0.007952 0.015228
0 0.572024 0.542766 0.052792 0.015228
0 0.606761 0.542766 0.007952 0.015228
0 0.649373 0.542766 0.057576 0.015228
0 0.686503 0.542766 0.007952 0.015228
0 0.718594 0.542766 0.036535 0.015228
0 0.470535 0.569162 0.007952 0.015228
0 0.501961 0.569162 0.035205 0.015228
0 0.527906 0.569162 0.007952 0.015228
0 0.581830 0.569162 0.080201 0.015228
0 0.630273 0.569162 0.007952 0.015228
0 0.668716 0.569162 0.049238 0.015228
0 0.701677 0.569162 0.007952 0.015228
0 0.496147 0.595558 0.063936 0.015228
0 0.536457 0.595558 0.007952 0.015228
0 0.590972 0.595558 0.081383 0.015228
0 0.640005 0.595558 0.007952 0.015228
0 0.588978 0.608756 0.249598 0.041624
0 0.507472 0.621954 0.007952 0.015228
0 0.487875 0.686104 0.047392 0.015228
0 0.519913 0.686104 0.007952 0.015228
0 0.559217 0.686104 0.050962 0.015228
0 0.593040 0.686104 0.007952 0.015228
0 0.647966 0.686104 0.082204 0.015228
0 0.697409 0.686104 0.007952 0.015228
0 0.598424 0.699302 0.268489 0.041624
0 0.575232 0.712500 0.007952 0.015228
0 0.627117 0.712500 0.076123 0.015228
0 0.673520 0.712500 0.007952 0.015228
0 0.528632 0.737881 0.128906 0.017259
0 0.665236 0.737881 0.129349 0.017259
0 0.481228 0.841513 0.034098 0.017259
0 0.524348 0.841513 0.042805 0.017259
0 0.568175 0.841513 0.034574 0.017259
0 0.699842 0.927030 0.078782 0.016244
0 0.699838 0.994107 0.022707 0.011786
0 0.486968 0.884153 0.018694 0.017259
0 0.523158 0.884153 0.038751 0.017259
0 0.587878 0.910549 0.053268 0.017259
0 0.486968 0.938563 0.018694 0.017259
0 0.515937 0.938563 0.025226 0.017259
0 0.541861 0.938563 0.021944 0.017259
0 0.582261 0.938563 0.021484 0.017259
0 0.553990 0.964959 0.016347 0.017259
0 0.542074 0.991355 0.128906 0.017259
