17 0.108272 0.033605 0.016860 0.034623
5 0.108272 0.033605 0.016860 0.034623
0 0.108272 0.032587 0.016860 0.032587
17 0.108272 0.032587 0.010537 0.020367
0 0.137126 0.105429 0.058763 0.028513
1 0.156481 0.150235 0.097471 0.034623
1 0.156481 0.186275 0.097471 0.034623
1 0.156481 0.222314 0.097471 0.034623
1 0.156481 0.258353 0.097471 0.034623
1 0.156481 0.294393 0.097471 0.034623
1 0.156481 0.330432 0.097471 0.034623
1 0.156481 0.366471 0.097471 0.034623
1 0.156481 0.413712 0.097471 0.057026
1 0.156481 0.460953 0.097471 0.034623
1 0.156481 0.543438 0.097471 0.034623
1 0.156481 0.579477 0.097471 0.034623
1 0.156481 0.615517 0.097471 0.034623
1 0.156481 0.651556 0.097471 0.034623
1 0.156481 0.687595 0.097471 0.034623
1 0.156481 0.734836 0.097471 0.057026
1 0.171496 0.033605 0.094837 0.050916
10 0.137250 0.033605 0.026344 0.050916
10 0.187302 0.023931 0.063224 0.020367
10 0.187302 0.046334 0.052687 0.014257
18 0.372234 0.033605 0.249737 0.032587
18 0.358799 0.033605 0.222866 0.032587
18 0.483404 0.033605 0.027397 0.032587
1 0.790701 0.033605 0.014752 0.018330
1 0.828109 0.033605 0.051633 0.018330
1 0.872563 0.033605 0.028846 0.018330
1 0.125132 0.113592 0.044257 0.043788
1 0.166754 0.113592 0.022129 0.043788
1 0.600369 0.113592 0.014752 0.043788
1 0.638303 0.113592 0.044257 0.043788
1 0.687302 0.113592 0.036881 0.043788
5 0.729979 0.112064 0.031612 0.040733
0 0.729979 0.112573 0.031612 0.041752
0 0.689813 0.162981 0.058763 0.028513
1 0.680717 0.249539 0.097471 0.034623
1 0.680717 0.285578 0.097471 0.034623
1 0.680717 0.321617 0.097471 0.034623
1 0.680717 0.357657 0.097471 0.034623
1 0.680717 0.393696 0.097471 0.034623
1 0.680717 0.429735 0.097471 0.034623
1 0.680717 0.512220 0.097471 0.034623
1 0.680717 0.548259 0.097471 0.034623
1 0.680717 0.584299 0.097471 0.034623
1 0.680717 0.666783 0.097471 0.034623
1 0.680717 0.702823 0.097471 0.034623
1 0.680717 0.738862 0.097471 0.034623
1 0.680717 0.774901 0.097471 0.034623
1 0.680717 0.822142 0.097471 0.057026
1 0.680717 0.869383 0.097471 0.034623
1 0.680717 0.905423 0.097471 0.034623
1 0.680717 0.941462 0.097471 0.034623
1 0.680717 0.977501 0.097471 0.034623
1 0.680717 0.998114 0.097471 0.003771
0 0.801633 0.152590 0.027397 0.028513
6 0.772129 0.239148 0.010537 0.020367
4 0.823762 0.241185 0.113804 0.026477
6 0.772129 0.271735 0.010537 0.020367
4 0.823762 0.273772 0.113804 0.026477
6 0.772129 0.304322 0.010537 0.020367
4 0.823762 0.306358 0.113804 0.026477
6 0.772129 0.390880 0.010537 0.020367
4 0.823762 0.392916 0.113804 0.026477
6 0.772129 0.423466 0.010537 0.020367
4 0.823762 0.425503 0.113804 0.026477
6 0.772129 0.510024 0.010537 0.020367
4 0.823762 0.512061 0.113804 0.026477
6 0.772129 0.542611 0.010537 0.020367
4 0.823762 0.544647 0.113804 0.026477
6 0.772129 0.575197 0.010537 0.020367
4 0.823762 0.577234 0.113804 0.026477
1 0.245147 0.188948 0.104098 0.037678
1 0.281670 0.225210 0.057330 0.017312
1 0.321086 0.225210 0.021503 0.017312
1 0.346170 0.225210 0.028665 0.017312
1 0.648026 0.260024 0.036601 0.020367
1 0.690357 0.260024 0.016020 0.020367
1 0.679202 0.284512 0.118414 0.017312
1 0.121970 0.345007 0.020021 0.031568
10 0.121970 0.347282 0.020021 0.038697
1 0.468388 0.445026 0.052687 0.021385
10 0.468388 0.446371 0.052687 0.138318
1 0.188611 0.389941 0.150142 0.021385
1 0.280542 0.389941 0.016860 0.021385
1 0.399392 0.390959 0.009961 0.015275
1 0.413532 0.390959 0.014333 0.015275
1 0.120509 0.417436 0.013937 0.015275
1 0.149499 0.416417 0.027183 0.021385
1 0.180898 0.416417 0.035613 0.021385
1 0.220775 0.416417 0.027183 0.021385
1 0.249831 0.416417 0.030929 0.021385
1 0.307322 0.416417 0.033473 0.021385
1 0.345133 0.416417 0.025290 0.021385
1 0.395375 0.416417 0.058334 0.021385
1 0.210485 0.442894 0.025290 0.021385
1 0.327969 0.442894 0.016860 0.021385
1 0.227221 0.485664 0.075622 0.021385
1 0.345117 0.485664 0.042150 0.021385
1 0.256849 0.512140 0.033720 0.021385
1 0.341149 0.512140 0.033720 0.021385
1 0.193625 0.538617 0.025290 0.021385
1 0.277463 0.538617 0.108667 0.021385
1 0.302292 0.551855 0.377503 0.047862
1 0.337395 0.607863 0.042150 0.021385
1 0.392650 0.607863 0.050580 0.021385
1 0.447906 0.607863 0.042150 0.021385
1 0.486301 0.607863 0.016860 0.021385
1 0.156320 0.643489 0.058590 0.021385
1 0.227596 0.643489 0.050242 0.021385
1 0.270050 0.643489 0.034666 0.021385
1 0.312253 0.643489 0.032880 0.021385
1 0.450927 0.643489 0.025290 0.021385
1 0.303309 0.656727 0.352567 0.047862
1 0.173221 0.669966 0.058672 0.021385
1 0.177354 0.724542 0.100657 0.021385
1 0.269832 0.724542 0.050580 0.021385
1 0.421109 0.724542 0.117097 0.021385
1 0.181482 0.751018 0.108914 0.021385
1 0.270441 0.751018 0.052144 0.021385
1 0.422711 0.751018 0.083797 0.021385
1 0.156406 0.805594 0.058763 0.021385
1 0.232029 0.805594 0.041903 0.021385
1 0.316205 0.805594 0.059009 0.021385
1 0.452030 0.805594 0.027183 0.021385
1 0.169175 0.832071 0.016860 0.021385
1 0.337395 0.893171 0.042150 0.021385
1 0.392650 0.893171 0.050580 0.021385
1 0.447906 0.893171 0.042150 0.021385
1 0.486301 0.893171 0.016860 0.021385
1 0.121970 0.945519 0.020021 0.031568
10 0.121970 0.947795 0.020021 0.038697
1 0.140872 0.987191 0.027694 0.021385
1 0.176740 0.987191 0.027183 0.021385
1 0.205796 0.987191 0.030929 0.021385
1 0.243332 0.987191 0.027183 0.021385
1 0.270042 0.987191 0.026236 0.021385
1 0.316880 0.987191 0.016860 0.021385
1 0.346384 0.987191 0.025290 0.021385
1 0.388534 0.987191 0.025290 0.021385
1 0.439114 0.987191 0.025290 0.021385
1 0.472833 0.987191 0.025290 0.021385
1 0.310467 0.988249 0.366883 0.023501
1 0.524236 0.345007 0.020021 0.031568
10 0.524236 0.347282 0.020021 0.038697
1 0.561644 0.349478 0.050580 0.025458
1 0.625527 0.473619 0.158061 0.021385
10 0.625527 0.474971 0.158061 0.203666
1 0.559141 0.589533 0.025290 0.021385
1 0.584431 0.589533 0.025290 0.021385
1 0.663132 0.624157 0.042150 0.021385
1 0.714173 0.624157 0.042150 0.021385
1 0.524236 0.676505 0.020021 0.031568
10 0.524236 0.678781 0.020021 0.038697
1 0.566703 0.680976 0.060697 0.025458
1 0.615858 0.680976 0.031834 0.025458
1 0.630281 0.731415 0.201981 0.047862
1 0.575655 0.772753 0.092729 0.021385
1 0.651525 0.772753 0.042150 0.021385
1 0.630450 0.785992 0.202318 0.047862
1 0.593215 0.799230 0.027183 0.021385
1 0.575487 0.827329 0.092392 0.021385
1 0.655402 0.827329 0.050580 0.021385
1 0.697552 0.827329 0.016860 0.021385
1 0.631228 0.840568 0.203874 0.047862
1 0.541936 0.881906 0.025290 0.021385
1 0.592515 0.881906 0.025290 0.021385
1 0.694621 0.881906 0.027183 0.021385
1 0.550366 0.910005 0.042150 0.021385
1 0.596730 0.910005 0.033720 0.021385
1 0.630450 0.910005 0.016860 0.021385
1 0.630450 0.923243 0.202318 0.047862
1 0.601892 0.936482 0.027183 0.021385
1 0.537721 0.964581 0.016860 0.021385
1 0.606107 0.964581 0.050580 0.021385
1 0.678708 0.964581 0.027183 0.021385
1 0.545858 0.990994 0.033135 0.018012
1 0.587716 0.990994 0.033720 0.018012
1 0.660317 0.990994 0.027183 0.018012
