0 0.191702 0.065990 0.100315 0.050761
0 0.574904 0.077475 0.050921 0.020527
0 0.636259 0.077475 0.050781 0.020527
0 0.715205 0.077475 0.086102 0.020527
0 0.779285 0.077475 0.021049 0.020527
0 0.825446 0.077475 0.050264 0.020527
0 0.739085 0.023707 0.039391 0.027110
0 0.784500 0.023707 0.040934 0.027110
1 0.830398 0.018631 0.040359 0.037262
0 0.654440 0.187175 0.094546 0.048715
0 0.592568 0.631424 0.185859 0.020305
0 0.721347 0.631424 0.040712 0.020305
0 0.645520 0.643607 0.298918 0.044670
0 0.565430 0.655790 0.066406 0.020305
0 0.666188 0.655790 0.031989 0.020305
0 0.545217 0.704521 0.029625 0.020305
0 0.177624 0.703537 0.072159 0.031472
