1 0.109506 0.033503 0.016807 0.032487
6 0.109506 0.033503 0.016807 0.032487
1 0.109506 0.033503 0.016807 0.032487
8 0.109506 0.033503 0.000525 0.001015
8 0.161502 0.065990 0.121849 0.032487
1 0.154871 0.102094 0.091780 0.022335
0 0.157563 0.140673 0.097164 0.028426
0 0.157563 0.170511 0.097164 0.028426
0 0.157563 0.200349 0.097164 0.028426
0 0.157563 0.230187 0.097164 0.028426
0 0.157563 0.300238 0.097164 0.028426
0 0.157563 0.330076 0.097164 0.028426
0 0.157563 0.359914 0.097164 0.028426
0 0.157563 0.389753 0.097164 0.028426
0 0.157563 0.419591 0.097164 0.028426
0 0.172532 0.033503 0.094538 0.050761
1 0.372637 0.033503 0.248950 0.032487
2 0.346364 0.033503 0.196404 0.032487
1 0.470576 0.033503 0.053071 0.032487
0 0.758621 0.033503 0.041286 0.016244
0 0.810851 0.033503 0.054770 0.016244
0 0.864102 0.033503 0.043330 0.016244
8 0.712406 0.111516 0.077813 0.032487
6 0.712406 0.111516 0.077813 0.032487
1 0.712406 0.111516 0.077813 0.032487
8 0.714507 0.111516 0.042099 0.016244
0 0.116108 0.150397 0.023708 0.037563
0 0.154145 0.150397 0.035558 0.037563
0 0.573017 0.150397 0.012269 0.037563
0 0.618821 0.150397 0.062533 0.037563
0 0.683421 0.150397 0.049862 0.037563
8 0.730883 0.148874 0.028255 0.034518
6 0.730883 0.148874 0.028255 0.034518
1 0.730883 0.149381 0.028255 0.035533
8 0.726156 0.151919 0.018801 0.016244
8 0.684086 0.182376 0.121849 0.032487
1 0.677455 0.218480 0.091780 0.022335
0 0.680147 0.292592 0.097164 0.028426
0 0.680147 0.322430 0.097164 0.028426
0 0.680147 0.352268 0.097164 0.028426
0 0.680147 0.382107 0.097164 0.028426
0 0.680147 0.411945 0.097164 0.028426
0 0.680147 0.441783 0.097164 0.028426
0 0.680147 0.471621 0.097164 0.028426
0 0.680147 0.541672 0.097164 0.028426
0 0.680147 0.571510 0.097164 0.028426
0 0.680147 0.601348 0.097164 0.028426
0 0.685399 0.671399 0.086660 0.028426
0 0.685399 0.701237 0.086660 0.028426
0 0.685399 0.731076 0.086660 0.028426
0 0.685399 0.760914 0.086660 0.028426
0 0.685399 0.790752 0.086660 0.028426
0 0.685399 0.820590 0.086660 0.028426
0 0.685399 0.850428 0.086660 0.028426
0 0.685399 0.880266 0.086660 0.028426
0 0.685399 0.910105 0.086660 0.028426
0 0.685399 0.939943 0.086660 0.028426
0 0.685399 0.969781 0.086660 0.028426
0 0.685399 0.992703 0.086660 0.014594
1 0.826730 0.150095 0.032924 0.022335
7 0.771271 0.227824 0.010504 0.020305
5 0.822742 0.229854 0.113445 0.026396
7 0.771271 0.260311 0.010504 0.020305
5 0.822742 0.262341 0.113445 0.026396
0 0.822742 0.303966 0.113445 0.044670
7 0.771271 0.385184 0.010504 0.020305
5 0.822742 0.387214 0.113445 0.026396
7 0.771271 0.417671 0.010504 0.020305
5 0.822742 0.419702 0.113445 0.026396
7 0.771271 0.450159 0.010504 0.020305
5 0.822742 0.452189 0.113445 0.026396
7 0.771271 0.530362 0.010504 0.020305
5 0.822742 0.532392 0.113445 0.026396
7 0.771271 0.562849 0.010504 0.020305
5 0.822742 0.564879 0.113445 0.026396
7 0.771271 0.643052 0.010504 0.020305
5 0.822742 0.645082 0.113445 0.026396
7 0.771271 0.675539 0.010504 0.020305
5 0.822742 0.677570 0.113445 0.026396
7 0.771271 0.708027 0.010504 0.020305
5 0.822742 0.710057 0.113445 0.026396
0 0.491613 0.255917 0.047072 0.040006
0 0.491613 0.291561 0.081096 0.016244
0 0.591120 0.244036 0.074391 0.016244
0 0.591120 0.267798 0.075228 0.016244
0 0.591124 0.291561 0.068638 0.016244
0 0.690627 0.244036 0.070181 0.016244
0 0.176930 0.439308 0.101825 0.017259
0 0.285530 0.439308 0.083615 0.017259
0 0.202161 0.465704 0.026154 0.017259
0 0.288545 0.465704 0.037832 0.017259
0 0.280372 0.478902 0.332080 0.043655
0 0.404358 0.492100 0.042977 0.017259
0 0.370856 0.518496 0.069607 0.017259
0 0.210564 0.544892 0.057913 0.017259
0 0.195021 0.571288 0.143620 0.017259
0 0.230616 0.640324 0.040638 0.017259
0 0.426602 0.745907 0.041574 0.017259
0 0.276191 0.798699 0.021017 0.017259
0 0.277697 0.811897 0.326730 0.043655
0 0.217810 0.930679 0.115374 0.017259
0 0.428953 0.930679 0.054663 0.017259
0 0.517000 0.439308 0.036428 0.017259
0 0.716932 0.465704 0.014008 0.017259
0 0.646394 0.561136 0.075679 0.017259
0 0.628254 0.587532 0.127191 0.017259
0 0.587530 0.613928 0.143858 0.017259
0 0.586754 0.836263 0.079873 0.017259
0 0.558081 0.876872 0.048607 0.023350
0 0.675634 0.876872 0.033416 0.023350
