20 0.203635 0.907714 0.012645 0.024440
10 0.203635 0.907714 0.005269 0.010183
1 0.000263 0.081976 0.000527 0.001018
1 0.239989 0.040733 0.094837 0.036660
1 0.432503 0.040733 0.076215 0.043788
1 0.499700 0.040733 0.049748 0.043788
1 0.555116 0.040733 0.052654 0.043788
1 0.603534 0.040733 0.035753 0.043788
1 0.756170 0.040733 0.022433 0.023422
18 0.789779 0.041752 0.023709 0.039715
1 0.496048 0.316191 0.600632 0.445010
10 0.496048 0.316191 0.600632 0.445010
1 0.270293 0.588595 0.098541 0.038697
10 0.500733 0.588595 0.009484 0.018330
0 0.255503 0.633910 0.059479 0.037678
18 0.427000 0.633910 0.276138 0.053971
18 0.580875 0.633910 0.023182 0.032587
0 0.691591 0.633910 0.112898 0.056008
1 0.764156 0.630744 0.019453 0.022403
1 0.243151 0.741241 0.094837 0.044600
1 0.242397 0.797575 0.093330 0.046079
1 0.240430 0.873027 0.089395 0.046079
1 0.239376 0.959299 0.087288 0.067719
1 0.464436 0.741241 0.316122 0.044600
1 0.344310 0.848221 0.075869 0.023422
10 0.344310 0.849892 0.075869 0.146640
1 0.435891 0.782173 0.082002 0.019348
1 0.501935 0.824648 0.214090 0.065444
1 0.421583 0.862732 0.053387 0.018330
1 0.534440 0.862732 0.054226 0.018330
1 0.658061 0.814759 0.039515 0.076375
10 0.658061 0.814759 0.039515 0.076375
1 0.735882 0.814409 0.099266 0.043470
1 0.658061 0.904166 0.039515 0.076375
10 0.658061 0.904166 0.039515 0.076375
1 0.735663 0.903816 0.098829 0.043470
1 0.658061 0.977692 0.039515 0.044616
10 0.658061 0.977692 0.039515 0.044616
1 0.725727 0.980986 0.078956 0.038028
