17 0.108272 0.033605 0.016860 0.032587
17 0.108272 0.033605 0.016860 0.032587
0 0.108272 0.033605 0.016860 0.032587
17 0.108272 0.033605 0.010537 0.020367
0 0.134455 0.102406 0.053420 0.022403
1 0.156481 0.141102 0.097471 0.028513
1 0.156481 0.171032 0.097471 0.028513
1 0.156481 0.200961 0.097471 0.028513
1 0.156481 0.230890 0.097471 0.028513
1 0.156481 0.260820 0.097471 0.028513
1 0.156481 0.290749 0.097471 0.028513
1 0.156481 0.361014 0.097471 0.028513
1 0.156481 0.390943 0.097471 0.028513
1 0.156481 0.420873 0.097471 0.028513
1 0.156481 0.450802 0.097471 0.028513
1 0.156481 0.480731 0.097471 0.028513
1 0.156481 0.510661 0.097471 0.028513
1 0.174131 0.033605 0.073762 0.038697
10 0.174131 0.025458 0.073762 0.022403
10 0.174131 0.047352 0.073762 0.011202
18 0.372234 0.033605 0.249737 0.032587
18 0.353872 0.033605 0.213012 0.032587
18 0.478477 0.033605 0.037251 0.032587
1 0.796529 0.033605 0.023791 0.016293
19 0.837654 0.033605 0.050028 0.016293
1 0.876935 0.033605 0.020103 0.016293
1 0.120637 0.110537 0.035267 0.037678
1 0.153262 0.110537 0.013122 0.037678
1 0.605292 0.110537 0.017634 0.037678
1 0.642564 0.110537 0.040050 0.037678
1 0.690834 0.110537 0.039631 0.037678
5 0.732432 0.109009 0.026706 0.034623
0 0.732432 0.109518 0.026706 0.035642
0 0.702742 0.154834 0.053420 0.022403
1 0.690048 0.229745 0.078808 0.028513
1 0.690048 0.259674 0.078808 0.028513
1 0.690048 0.289603 0.078808 0.028513
1 0.690048 0.319533 0.078808 0.028513
1 0.690048 0.349462 0.078808 0.028513
1 0.690048 0.379392 0.078808 0.028513
1 0.690048 0.449656 0.078808 0.028513
1 0.690048 0.479586 0.078808 0.028513
1 0.690048 0.549850 0.078808 0.028513
1 0.690048 0.579780 0.078808 0.028513
1 0.690048 0.609709 0.078808 0.028513
1 0.690048 0.639638 0.078808 0.028513
1 0.690048 0.669568 0.078808 0.028513
1 0.690048 0.699497 0.078808 0.028513
1 0.690048 0.729427 0.078808 0.028513
1 0.690048 0.759356 0.078808 0.028513
1 0.690048 0.789285 0.078808 0.028513
1 0.690048 0.819215 0.078808 0.028513
1 0.690048 0.849144 0.078808 0.028513
1 0.690048 0.879073 0.078808 0.028513
1 0.690048 0.909003 0.078808 0.028513
1 0.690048 0.938932 0.078808 0.028513
1 0.690048 0.968861 0.078808 0.028513
1 0.690048 0.992267 0.078808 0.015466
0 0.825548 0.150554 0.020383 0.022403
6 0.772129 0.228520 0.010537 0.020367
4 0.823762 0.230556 0.113804 0.026477
6 0.772129 0.261106 0.010537 0.020367
4 0.823762 0.263143 0.113804 0.026477
1 0.823762 0.296748 0.113804 0.028513
6 0.772129 0.370067 0.010537 0.020367
4 0.823762 0.372104 0.113804 0.026477
6 0.772129 0.402654 0.010537 0.020367
4 0.823762 0.404691 0.113804 0.026477
6 0.772129 0.435241 0.010537 0.020367
4 0.823762 0.437277 0.113804 0.026477
6 0.772129 0.515689 0.010537 0.020367
4 0.823762 0.517725 0.113804 0.026477
6 0.772129 0.548275 0.010537 0.020367
4 0.823762 0.550312 0.113804 0.026477
6 0.772129 0.628723 0.010537 0.020367
4 0.823762 0.630760 0.113804 0.026477
6 0.772129 0.661310 0.010537 0.020367
4 0.823762 0.663346 0.113804 0.026477
6 0.772129 0.693896 0.010537 0.020367
4 0.823762 0.695933 0.113804 0.026477
1 0.460320 0.177205 0.059207 0.028513
1 0.368287 0.213038 0.013806 0.017312
1 0.400796 0.213038 0.046752 0.017312
1 0.470261 0.213038 0.056548 0.017312
1 0.354283 0.237175 0.025907 0.015275
1 0.433758 0.237175 0.031884 0.015275
1 0.495699 0.237175 0.023503 0.015275
1 0.138040 0.419059 0.060590 0.017312
10 0.138040 0.420682 0.060590 0.173116
1 0.192542 0.338706 0.033250 0.017312
1 0.272655 0.365183 0.057165 0.017312
1 0.419344 0.365183 0.032806 0.017312
1 0.226295 0.418136 0.022022 0.017312
1 0.372271 0.418136 0.064665 0.017312
1 0.367805 0.444612 0.086703 0.017312
1 0.191151 0.497566 0.030468 0.017312
1 0.406481 0.497566 0.022491 0.017312
1 0.289091 0.550519 0.058573 0.017312
1 0.388192 0.656425 0.030468 0.017312
1 0.135146 0.682902 0.049188 0.017312
1 0.326215 0.725671 0.198202 0.017312
1 0.406822 0.738910 0.085723 0.043788
1 0.431655 0.752148 0.036058 0.017312
1 0.265119 0.778625 0.030929 0.017312
1 0.305412 0.778625 0.034675 0.017312
1 0.374045 0.778625 0.087609 0.017312
1 0.437512 0.778625 0.024343 0.017312
1 0.412276 0.917770 0.074816 0.017312
10 0.412276 0.919393 0.074816 0.141548
1 0.188385 0.861348 0.082760 0.017312
1 0.214239 0.942401 0.028566 0.017312
1 0.217976 0.994161 0.049180 0.011679
1 0.232733 0.994161 0.223006 0.011679
1 0.707587 0.408048 0.066913 0.017312
10 0.707587 0.409671 0.066913 0.160896
1 0.486005 0.338706 0.022491 0.017312
1 0.579500 0.338706 0.017337 0.017312
1 0.640637 0.338706 0.038420 0.017312
1 0.574079 0.365183 0.058096 0.017312
1 0.566826 0.378421 0.184133 0.043788
1 0.532633 0.391659 0.035152 0.017312
1 0.564957 0.419759 0.083863 0.017312
1 0.501227 0.446235 0.052934 0.017312
1 0.529097 0.472712 0.108675 0.017312
1 0.524656 0.500811 0.066056 0.017312
1 0.569629 0.514050 0.189739 0.043788
1 0.560734 0.540526 0.171949 0.043788
1 0.606090 0.621579 0.262661 0.043788
1 0.555671 0.669441 0.110124 0.017312
1 0.633451 0.669441 0.030451 0.017312
1 0.695288 0.669441 0.078240 0.017312
1 0.478608 0.695917 0.029052 0.017312
1 0.538577 0.695917 0.070288 0.017312
1 0.593400 0.695917 0.029052 0.017312
1 0.490088 0.722394 0.057626 0.017312
1 0.551238 0.722394 0.055305 0.017312
1 0.614035 0.722394 0.055305 0.017312
1 0.674872 0.722394 0.051386 0.017312
1 0.493299 0.748870 0.064048 0.017312
1 0.562566 0.748870 0.059503 0.017312
1 0.630742 0.748870 0.061866 0.017312
1 0.615492 0.775347 0.080578 0.017312
1 0.702158 0.775347 0.077771 0.017312
1 0.474393 0.858070 0.026236 0.017312
1 0.506018 0.858070 0.027644 0.017312
1 0.695996 0.944533 0.090095 0.017312
10 0.695996 0.944055 0.090095 0.111889
1 0.484136 0.900840 0.018753 0.017312
1 0.552634 0.900840 0.066065 0.017312
1 0.509673 0.927317 0.069827 0.017312
1 0.558417 0.940555 0.167314 0.043788
1 0.484136 0.981893 0.018753 0.017312
1 0.536399 0.981893 0.067020 0.017312
1 0.555610 0.986619 0.161700 0.026763
1 0.555124 0.999857 0.160728 0.000286
