1 0.109506 0.033503 0.016807 0.032487
6 0.109506 0.033503 0.016807 0.032487
1 0.109506 0.033503 0.016807 0.032487
8 0.109506 0.033503 0.000525 0.001015
8 0.161502 0.065990 0.121849 0.032487
1 0.145586 0.102094 0.073209 0.022335
0 0.157563 0.140673 0.097164 0.028426
0 0.157563 0.170511 0.097164 0.028426
0 0.157563 0.200349 0.097164 0.028426
0 0.157563 0.230187 0.097164 0.028426
0 0.157563 0.260025 0.097164 0.028426
0 0.157563 0.289864 0.097164 0.028426
0 0.157563 0.319702 0.097164 0.028426
0 0.157563 0.349540 0.097164 0.028426
0 0.172532 0.033503 0.094538 0.050761
1 0.372637 0.033503 0.248950 0.032487
2 0.354131 0.033503 0.211939 0.032487
1 0.478343 0.033503 0.037536 0.032487
0 0.774151 0.033503 0.038833 0.016244
0 0.826180 0.033503 0.056821 0.016244
0 0.872280 0.033503 0.026974 0.016244
0 0.117134 0.110200 0.025760 0.037563
0 0.154358 0.110200 0.031882 0.037563
0 0.563189 0.110200 0.014722 0.037563
0 0.607574 0.110200 0.057240 0.037563
0 0.663808 0.110200 0.038422 0.037563
8 0.718217 0.108677 0.053588 0.034518
6 0.718217 0.108677 0.053588 0.034518
1 0.718217 0.109185 0.053588 0.035533
8 0.713490 0.111723 0.044134 0.016244
8 0.684086 0.142180 0.121849 0.032487
1 0.668170 0.178284 0.073209 0.022335
0 0.680147 0.252395 0.097164 0.028426
0 0.680147 0.282234 0.097164 0.028426
0 0.680147 0.312072 0.097164 0.028426
0 0.680147 0.341910 0.097164 0.028426
0 0.680147 0.371748 0.097164 0.028426
0 0.680147 0.401586 0.097164 0.028426
1 0.680147 0.431424 0.097164 0.028426
0 0.680147 0.501475 0.097164 0.028426
0 0.680147 0.531313 0.097164 0.028426
0 0.680147 0.561152 0.097164 0.028426
0 0.680147 0.631202 0.097164 0.028426
0 0.680147 0.661041 0.097164 0.028426
0 0.680147 0.690879 0.097164 0.028426
0 0.680147 0.720717 0.097164 0.028426
0 0.680147 0.750555 0.097164 0.028426
0 0.680147 0.780393 0.097164 0.028426
0 0.680147 0.810232 0.097164 0.028426
0 0.680147 0.840070 0.097164 0.028426
0 0.680147 0.869908 0.097164 0.028426
0 0.680147 0.899746 0.097164 0.028426
0 0.680147 0.929584 0.097164 0.028426
0 0.680147 0.959423 0.097164 0.028426
0 0.680147 0.987524 0.097164 0.024952
1 0.823529 0.150095 0.027327 0.022335
7 0.771271 0.227824 0.010504 0.020305
5 0.822742 0.229854 0.113445 0.026396
7 0.771271 0.260311 0.010504 0.020305
5 0.822742 0.262341 0.113445 0.026396
0 0.822742 0.303966 0.113445 0.044670
7 0.771271 0.385184 0.010504 0.020305
5 0.822742 0.387214 0.113445 0.026396
7 0.771271 0.417671 0.010504 0.020305
5 0.822742 0.419702 0.113445 0.026396
7 0.771271 0.450159 0.010504 0.020305
5 0.822742 0.452189 0.113445 0.026396
7 0.771271 0.530362 0.010504 0.020305
5 0.822742 0.532392 0.113445 0.026396
7 0.771271 0.562849 0.010504 0.020305
5 0.822742 0.564879 0.113445 0.026396
7 0.771271 0.643052 0.010504 0.020305
5 0.822742 0.645082 0.113445 0.026396
7 0.771271 0.675539 0.010504 0.020305
5 0.822742 0.677570 0.113445 0.026396
7 0.771271 0.708027 0.010504 0.020305
5 0.822742 0.710057 0.113445 0.026396
0 0.158453 0.198017 0.082138 0.032487
0 0.163997 0.253188 0.064601 0.016244
0 0.639308 0.204791 0.032719 0.016244
0 0.705542 0.204791 0.035985 0.016244
0 0.717080 0.239689 0.029601 0.016244
1 0.717080 0.241085 0.029601 0.032487
0 0.662766 0.239689 0.079028 0.016244
1 0.662766 0.241085 0.079028 0.032487
0 0.588834 0.239689 0.068835 0.016244
1 0.588834 0.241085 0.068835 0.032487
0 0.536486 0.239689 0.035862 0.016244
1 0.536486 0.241085 0.035862 0.032487
0 0.495794 0.239689 0.045521 0.016244
1 0.495794 0.241085 0.045521 0.032487
0 0.183680 0.367148 0.140994 0.027411
0 0.401105 0.505623 0.082983 0.210961
0 0.379485 0.620241 0.033441 0.016244
0 0.294524 0.400317 0.004538 0.015228
0 0.314285 0.458518 0.025694 0.017259
0 0.280643 0.643290 0.036896 0.017259
0 0.318470 0.643290 0.029420 0.017259
0 0.131171 0.669686 0.035977 0.017259
0 0.221335 0.748874 0.111640 0.017259
0 0.334612 0.791513 0.032703 0.017259
0 0.141437 0.817909 0.056509 0.017259
0 0.317682 0.870701 0.056764 0.017259
0 0.142389 0.897097 0.035041 0.017259
0 0.328068 0.976285 0.092486 0.017259
0 0.499516 0.345225 0.060268 0.027411
0 0.519954 0.381773 0.074260 0.017259
0 0.598666 0.381773 0.074744 0.017259
0 0.659155 0.381773 0.020089 0.017259
0 0.598198 0.394971 0.230748 0.043655
0 0.604496 0.408169 0.099486 0.017259
0 0.692773 0.408169 0.072389 0.017259
0 0.515284 0.434565 0.043437 0.017259
0 0.577165 0.434565 0.054179 0.017259
0 0.643949 0.434565 0.053243 0.017259
0 0.529999 0.462579 0.094349 0.017259
0 0.628652 0.490593 0.026638 0.017259
0 0.663221 0.490593 0.033162 0.017259
0 0.704791 0.490593 0.040638 0.017259
0 0.498474 0.516989 0.031299 0.017259
0 0.542842 0.516989 0.039694 0.017259
0 0.651921 0.545003 0.160690 0.017259
0 0.637892 0.573017 0.183085 0.017259
0 0.614545 0.601031 0.136390 0.017259
0 0.604509 0.642243 0.243369 0.043655
0 0.600931 0.683455 0.133748 0.017259
0 0.577185 0.711469 0.061671 0.017259
0 0.602182 0.752681 0.238716 0.043655
0 0.579504 0.793893 0.066308 0.017259
0 0.498572 0.834898 0.058380 0.017259
0 0.577181 0.869416 0.085954 0.017259
0 0.704569 0.964594 0.063025 0.017259
0 0.561913 0.900682 0.055418 0.017259
0 0.562459 0.958344 0.056509 0.017259
