1 0.211538 0.119145 0.063224 0.122200
17 0.318374 0.097251 0.086119 0.108961
17 0.318374 0.097251 0.086119 0.108961
17 0.403978 0.097251 0.085090 0.108961
17 0.403978 0.097251 0.085090 0.108961
17 0.486919 0.097251 0.080792 0.108961
17 0.486919 0.097251 0.080792 0.108961
17 0.563286 0.097251 0.071943 0.108961
17 0.563286 0.097251 0.071943 0.108961
17 0.661897 0.097251 0.125280 0.108961
17 0.661897 0.097251 0.125280 0.108961
17 0.768354 0.097251 0.087633 0.108961
17 0.768354 0.097251 0.087633 0.108961
17 0.456908 0.021385 0.031308 0.042770
1 0.492463 0.021385 0.028245 0.042770
1 0.521676 0.021385 0.026327 0.042770
1 0.562401 0.021385 0.044949 0.042770
1 0.606918 0.021385 0.040231 0.042770
1 0.662618 0.021385 0.067316 0.042770
1 0.716198 0.021385 0.035992 0.042770
18 0.766860 0.021385 0.052687 0.032587
18 0.803741 0.021385 0.016860 0.032587
1 0.398186 0.702393 0.436520 0.073829
0 0.189410 0.787169 0.018967 0.036660
0 0.208377 0.787169 0.018967 0.036660
1 0.230061 0.786660 0.005796 0.011202
1 0.242179 0.786660 0.005796 0.011202
1 0.254297 0.786660 0.005796 0.011202
1 0.266415 0.786660 0.005796 0.011202
1 0.278533 0.786660 0.005796 0.011202
1 0.712814 0.973523 0.100912 0.034623
1 0.279278 0.956212 0.198704 0.087576
10 0.279278 0.956212 0.198704 0.087576
1 0.496044 0.956212 0.198704 0.087576
10 0.496044 0.956212 0.198704 0.087576
