0 0.212759 0.047716 0.076254 0.024365
2 0.431247 0.047716 0.335511 0.034518
1 0.765129 0.047716 0.104722 0.093401
1 0.735405 0.047716 0.045275 0.044670
1 0.791968 0.047716 0.051044 0.044670
8 0.496061 0.094924 0.991071 0.001015
8 0.496061 0.115736 0.991071 0.040609
0 0.018489 0.115228 0.020171 0.020305
8 0.496061 0.156345 0.991071 0.040609
0 0.020939 0.155838 0.025071 0.020305
1 0.496061 0.196954 0.991071 0.040609
1 0.021090 0.196447 0.025374 0.020305
1 0.031152 0.196447 0.005252 0.020305
8 0.496061 0.400000 0.991071 0.365482
8 0.496061 0.237563 0.991071 0.040609
0 0.018194 0.237056 0.019580 0.020305
8 0.496061 0.278173 0.991071 0.040609
0 0.017681 0.277665 0.018555 0.020305
8 0.496061 0.318782 0.991071 0.040609
0 0.019864 0.318274 0.022920 0.020305
8 0.496061 0.359391 0.991071 0.040609
0 0.018739 0.358883 0.020672 0.020305
8 0.496061 0.400000 0.991071 0.040609
0 0.020282 0.399492 0.023758 0.020305
8 0.496061 0.440609 0.991071 0.040609
0 0.024110 0.440102 0.031414 0.020305
8 0.496061 0.481218 0.991071 0.040609
0 0.033679 0.480711 0.050551 0.020305
8 0.011555 0.480711 0.006303 0.020305
8 0.496061 0.521827 0.991071 0.040609
0 0.032346 0.521320 0.047884 0.020305
8 0.011555 0.521320 0.006303 0.020305
1 0.496061 0.562437 0.991071 0.040609
1 0.019244 0.561929 0.021681 0.020305
1 0.027459 0.561929 0.005252 0.020305
1 0.204245 0.336437 0.059226 0.052792
0 0.784487 0.650761 0.066004 0.020305
0 0.216423 0.750254 0.048918 0.032487
0 0.199842 0.848937 0.015756 0.017259
0 0.211397 0.848937 0.015756 0.017259
0 0.222952 0.848937 0.015756 0.017259
0 0.234506 0.848937 0.015756 0.017259
0 0.246061 0.848937 0.015756 0.017259
0 0.257616 0.848937 0.015756 0.017259
0 0.269170 0.848937 0.015756 0.017259
0 0.496061 0.755330 0.185924 0.028426
0 0.707195 0.755330 0.185924 0.028426
0 0.496061 0.800000 0.185924 0.028426
0 0.707195 0.800000 0.185924 0.028426
0 0.496061 0.844670 0.185924 0.028426
0 0.707195 0.844670 0.185924 0.028426
0 0.496061 0.889340 0.185924 0.028426
0 0.707195 0.889340 0.185924 0.028426
