0 0.124270 0.024365 0.031627 0.017259
0 0.182482 0.024365 0.051216 0.017259
0 0.256774 0.024365 0.063788 0.017259
0 0.317658 0.024365 0.024398 0.017259
0 0.368016 0.024365 0.042739 0.017259
2 0.846639 0.024365 0.065651 0.032487
1 0.870011 0.024365 0.018908 0.032487
0 0.616572 0.023604 0.017233 0.015228
0 0.650161 0.023604 0.029182 0.015228
0 0.689958 0.023604 0.029650 0.015228
1 0.742988 0.023096 0.039169 0.034518
1 0.782797 0.023096 0.036822 0.034518
0 0.168067 0.105171 0.119223 0.066180
0 0.471351 0.116244 0.032662 0.017259
11 0.529970 0.124873 0.050962 0.044670
1 0.529970 0.116244 0.050962 0.017259
0 0.205357 0.190355 0.183298 0.057868
0 0.205357 0.248223 0.183298 0.057868
0 0.205357 0.306091 0.183298 0.057868
0 0.205357 0.363959 0.183298 0.057868
0 0.205357 0.421827 0.183298 0.057868
0 0.205357 0.479695 0.183298 0.057868
0 0.399160 0.190355 0.183298 0.057868
0 0.399160 0.248223 0.183298 0.057868
0 0.399160 0.306091 0.183298 0.057868
0 0.399160 0.363959 0.183298 0.057868
0 0.399160 0.421827 0.183298 0.057868
0 0.399160 0.479695 0.183298 0.057868
0 0.592962 0.190355 0.183298 0.057868
0 0.592962 0.248223 0.183298 0.057868
0 0.592962 0.306091 0.183298 0.057868
0 0.592962 0.363959 0.183298 0.057868
0 0.592962 0.421827 0.183298 0.057868
0 0.592962 0.479695 0.183298 0.057868
0 0.786765 0.190355 0.183298 0.057868
0 0.786765 0.248223 0.183298 0.057868
0 0.786765 0.306091 0.183298 0.057868
0 0.786765 0.363959 0.183298 0.057868
11 0.607787 0.124873 0.071059 0.044670
1 0.607787 0.116244 0.071059 0.017259
0 0.592962 0.190355 0.183298 0.057868
0 0.592962 0.248223 0.183298 0.057868
0 0.592962 0.306091 0.183298 0.057868
0 0.592962 0.363959 0.183298 0.057868
0 0.786765 0.190355 0.183298 0.057868
0 0.786765 0.248223 0.183298 0.057868
0 0.786765 0.306091 0.183298 0.057868
11 0.688198 0.124873 0.056148 0.044670
1 0.688198 0.116244 0.056148 0.017259
1 0.298582 0.319797 0.069328 0.042640
0 0.592962 0.190355 0.183298 0.057868
0 0.592962 0.248223 0.183298 0.057868
0 0.592962 0.306091 0.183298 0.057868
0 0.592962 0.363959 0.183298 0.057868
0 0.786765 0.190355 0.183298 0.057868
0 0.786765 0.248223 0.183298 0.057868
0 0.786765 0.306091 0.183298 0.057868
0 0.786765 0.363959 0.183298 0.057868
11 0.784098 0.124873 0.102038 0.044670
1 0.784098 0.116244 0.102038 0.017259
1 0.306074 0.319797 0.084313 0.042640
0 0.592962 0.190355 0.183298 0.057868
0 0.592962 0.248223 0.183298 0.057868
0 0.592962 0.306091 0.183298 0.057868
0 0.592962 0.363959 0.183298 0.057868
0 0.786765 0.190355 0.183298 0.057868
0 0.786765 0.248223 0.183298 0.057868
0 0.786765 0.306091 0.183298 0.057868
0 0.786765 0.363959 0.183298 0.057868
0 0.866482 0.116244 0.029116 0.017259
1 0.945903 0.802760 0.033613 0.050761
0 0.952731 0.543655 0.078782 0.087310
