0 0.038866 0.023350 0.058824 0.040609
2 0.737477 0.023350 0.168067 0.034518
1 0.852822 0.023350 0.043716 0.034518
1 0.931825 0.023350 0.101686 0.034518
1 0.017332 0.092386 0.030462 0.067005
0 0.017332 0.092386 0.030462 0.058883
1 0.017332 0.159391 0.030462 0.067005
0 0.017332 0.159391 0.030462 0.058883
1 0.017332 0.226396 0.030462 0.067005
0 0.017332 0.226396 0.030462 0.058883
1 0.017332 0.960406 0.030462 0.067005
5 0.505515 0.375872 0.389706 0.024365
1 0.709821 0.375872 0.012605 0.024365
0 0.221786 0.580354 0.088006 0.283074
0 0.319250 0.580354 0.088014 0.283074
0 0.416713 0.580354 0.088006 0.283074
0 0.514177 0.580354 0.088014 0.283074
0 0.611640 0.580354 0.088006 0.283074
0 0.709103 0.580354 0.088014 0.283074
0 0.806571 0.580354 0.088014 0.283074
0 0.353122 0.840165 0.083607 0.021320
0 0.353122 0.861485 0.083607 0.021320
0 0.353122 0.882805 0.083607 0.021320
0 0.447262 0.840165 0.072110 0.021320
0 0.447262 0.861485 0.072110 0.021320
0 0.447262 0.882805 0.072110 0.021320
0 0.538669 0.840165 0.078141 0.021320
0 0.538669 0.861485 0.078141 0.021320
0 0.538669 0.882805 0.078141 0.021320
0 0.640563 0.840165 0.093085 0.021320
0 0.640563 0.861485 0.093085 0.021320
0 0.640563 0.882805 0.093085 0.021320
0 0.740152 0.848287 0.073529 0.034518
0 0.795825 0.848287 0.018908 0.036548
0 0.282949 0.964530 0.044233 0.019289
