1 0.496061 0.036548 0.551471 0.073096
0 0.265494 0.036548 0.090336 0.073096
2 0.392898 0.037056 0.164473 0.038579
1 0.501395 0.037563 0.042017 0.039594
11 0.585511 0.036041 0.052521 0.045685
0 0.585511 0.036041 0.052521 0.045685
11 0.636304 0.036548 0.038562 0.073096
0 0.636567 0.036548 0.038037 0.073096
11 0.674866 0.036548 0.038562 0.073096
0 0.675129 0.036548 0.038037 0.073096
11 0.713428 0.036548 0.038562 0.073096
0 0.713691 0.036548 0.038037 0.073096
11 0.751990 0.036548 0.038562 0.073096
0 0.752253 0.036548 0.038037 0.073096
0 0.003414 0.006599 0.000525 0.001015
2 0.328523 0.302316 0.197487 0.051142
2 0.454413 0.302316 0.054294 0.051142
0 0.493435 0.350563 0.525210 0.023747
0 0.725820 0.443647 0.076196 0.021114
0 0.270656 0.595217 0.083853 0.244273
1 0.255338 0.686025 0.042714 0.027760
0 0.360815 0.595217 0.083861 0.244273
0 0.450979 0.595217 0.083861 0.244273
1 0.435658 0.686025 0.042714 0.027760
0 0.541139 0.595217 0.083853 0.244273
1 0.525821 0.686025 0.042714 0.027760
0 0.631298 0.595217 0.083861 0.244273
1 0.615977 0.686025 0.042714 0.027760
0 0.721462 0.595217 0.083861 0.244273
1 0.706141 0.686025 0.042714 0.027760
0 0.270656 0.855845 0.083853 0.265593
1 0.255338 0.957313 0.042714 0.027760
0 0.360815 0.855845 0.083861 0.265593
1 0.345494 0.957313 0.042714 0.027760
0 0.450979 0.855845 0.083861 0.265593
1 0.435658 0.957313 0.042714 0.027760
0 0.541139 0.855845 0.083853 0.265593
1 0.525821 0.957313 0.042714 0.027760
0 0.631298 0.855845 0.083861 0.265593
1 0.615977 0.957313 0.042714 0.027760
0 0.721462 0.855845 0.083861 0.265593
0 0.727342 0.998993 0.073152 0.002015
0 0.978815 0.896455 0.005605 0.022732
1 0.712382 0.940006 0.072085 0.034074
