0 0.772293 0.974017 0.092844 0.030932
20 0.963119 0.974017 0.073762 0.051967
1 0.113277 0.041083 0.184405 0.061800
10 0.079557 0.031568 0.116965 0.042770
1 0.850698 0.012220 0.022129 0.016293
1 0.887814 0.012220 0.027867 0.016293
1 0.923707 0.012220 0.019684 0.016293
1 0.959398 0.012220 0.027463 0.016293
4 0.304531 0.279627 0.000527 0.001018
0 0.635286 0.279627 0.048184 0.036660
0 0.475501 0.280645 0.368809 0.043788
2 0.484984 0.281155 0.368809 0.040733
1 0.267481 0.553558 0.030221 0.026477
1 0.273800 0.580034 0.042858 0.026477
1 0.274154 0.606511 0.043566 0.026477
4 0.274528 0.637570 0.044315 0.015275
3 0.354444 0.637570 0.111697 0.025458
1 0.438574 0.553558 0.035490 0.026477
1 0.429264 0.580034 0.016868 0.026477
1 0.494258 0.553558 0.052020 0.026477
1 0.494200 0.580034 0.051905 0.026477
1 0.504096 0.606511 0.071696 0.026477
1 0.498819 0.632988 0.061142 0.026477
1 0.501630 0.659464 0.066764 0.026477
1 0.507430 0.685941 0.078364 0.026477
