1 0.229979 0.035642 0.100105 0.026477
10 0.227345 0.035132 0.094837 0.025458
0 0.700557 0.035642 0.079031 0.040733
0 0.762233 0.035642 0.035893 0.036660
0 0.796175 0.035642 0.031991 0.036660
0 0.496048 0.434413 0.141679 0.074529
10 0.264752 0.762506 0.100105 0.028513
10 0.392255 0.762506 0.079031 0.038697
10 0.490780 0.762506 0.042150 0.081466
10 0.599842 0.762506 0.100105 0.027495
10 0.732613 0.762506 0.089568 0.036660
0 0.931626 0.963945 0.110404 0.047241
20 0.888015 0.963937 0.023182 0.044807
1 0.945852 0.963945 0.081953 0.047241
