0 0.687164 0.074112 0.043297 0.020305
0 0.713026 0.029442 0.049657 0.020305
0 0.677258 0.074112 0.043297 0.020305
0 0.680040 0.074112 0.043297 0.020305
1 0.939601 0.029949 0.012605 0.024365
1 0.954307 0.029949 0.012605 0.024365
1 0.975315 0.028934 0.012605 0.024365
0 0.046809 0.091061 0.031119 0.037960
1 0.342983 0.088832 0.053317 0.035533
0 0.332019 0.241624 0.128504 0.077157
0 0.332019 0.318782 0.128504 0.077157
0 0.332019 0.395939 0.128504 0.077157
0 0.332019 0.473096 0.128504 0.077157
0 0.332019 0.550254 0.128504 0.077157
0 0.332019 0.627411 0.128504 0.077157
0 0.483632 0.241624 0.128504 0.077157
0 0.483632 0.330964 0.128504 0.101523
0 0.483632 0.420305 0.128504 0.077157
0 0.483632 0.509645 0.128504 0.101523
0 0.483632 0.598985 0.128504 0.077157
0 0.483632 0.676142 0.128504 0.077157
0 0.339983 0.736850 0.144433 0.044258
1 0.658179 0.580711 0.132353 0.056853
1 0.658179 0.580711 0.132353 0.056853
1 0.396993 0.088832 0.054704 0.035533
0 0.319348 0.214213 0.040154 0.020305
0 0.347771 0.269845 0.097000 0.052792
0 0.347771 0.336850 0.097000 0.081218
0 0.347771 0.403855 0.097000 0.052792
0 0.347771 0.456647 0.097000 0.052792
0 0.347771 0.509438 0.097000 0.052792
0 0.467880 0.269845 0.097000 0.052792
0 0.467880 0.322636 0.097000 0.052792
0 0.467880 0.375428 0.097000 0.052792
0 0.467880 0.428220 0.097000 0.052792
0 0.467880 0.481012 0.097000 0.052792
0 0.347771 0.633090 0.097000 0.052792
0 0.347771 0.685882 0.097000 0.052792
0 0.347771 0.738674 0.097000 0.052792
0 0.467880 0.633090 0.097000 0.052792
0 0.467880 0.685882 0.097000 0.052792
0 0.467880 0.738674 0.097000 0.052792
0 0.625624 0.282027 0.130252 0.077157
0 0.625624 0.359185 0.130252 0.077157
0 0.625624 0.436342 0.130252 0.077157
0 0.625624 0.584359 0.130252 0.077157
0 0.625624 0.661516 0.130252 0.077157
1 0.453310 0.088832 0.057929 0.035533
0 0.337780 0.282027 0.116982 0.077157
0 0.337780 0.359185 0.116982 0.077157
0 0.337780 0.448525 0.116982 0.101523
0 0.337780 0.537865 0.116982 0.077157
0 0.477871 0.282027 0.116982 0.077157
0 0.477871 0.359185 0.116982 0.077157
0 0.477871 0.436342 0.116982 0.077157
0 0.477871 0.525682 0.116982 0.101523
0 0.351505 0.598572 0.144433 0.044258
0 0.337780 0.705774 0.116982 0.052792
0 0.337780 0.758566 0.116982 0.052792
0 0.477871 0.705774 0.116982 0.052792
0 0.477871 0.758566 0.116982 0.052792
0 0.351505 0.807091 0.144433 0.044258
0 0.645606 0.282027 0.130252 0.077157
0 0.645606 0.359185 0.130252 0.077157
0 0.645606 0.507202 0.130252 0.077157
0 0.645606 0.584359 0.130252 0.077157
1 0.511994 0.088832 0.059439 0.035533
0 0.351628 0.269845 0.089286 0.052792
0 0.351628 0.322636 0.089286 0.052792
0 0.351628 0.375428 0.089286 0.052792
0 0.351628 0.428220 0.089286 0.052792
0 0.464023 0.269845 0.089286 0.052792
0 0.464023 0.322636 0.089286 0.052792
0 0.464023 0.375428 0.089286 0.052792
0 0.464023 0.428220 0.089286 0.052792
0 0.351628 0.551872 0.089286 0.052792
0 0.351628 0.604664 0.089286 0.052792
0 0.464023 0.551872 0.089286 0.052792
1 0.618960 0.538071 0.098739 0.028426
1 0.618960 0.538071 0.098739 0.028426
0 0.561544 0.088832 0.039662 0.035533
0 0.603827 0.088832 0.044905 0.035533
0 0.651039 0.088832 0.049517 0.035533
0 0.875222 0.090355 0.040868 0.042640
0 0.930890 0.090355 0.059964 0.042640
1 0.496053 0.446114 0.217437 0.107614
1 0.436704 0.458296 0.098739 0.050761
1 0.555401 0.458296 0.098739 0.050761
