1 0.054268 0.032587 0.090622 0.040733
1 0.141469 0.032587 0.041631 0.037678
1 0.202845 0.032587 0.055832 0.037678
0 0.893494 0.032587 0.170862 0.048880
0 0.853649 0.032587 0.091173 0.048880
0 0.942242 0.032587 0.073367 0.048880
10 0.496048 0.411405 0.758693 0.690428
10 0.200738 0.195519 0.092202 0.028513
10 0.617225 0.411318 0.516325 0.690253
0 0.859589 0.726069 0.031612 0.061100
1 0.365290 0.844196 0.049765 0.048880
18 0.419442 0.844196 0.050110 0.048880
1 0.467812 0.844196 0.038198 0.048880
1 0.520499 0.844196 0.058746 0.048880
1 0.576812 0.844196 0.045451 0.048880
1 0.627717 0.844196 0.047929 0.048880
0 0.696794 0.844196 0.073367 0.048880
0 0.983140 0.792261 0.004215 0.012220
