1 0.008166 0.015784 0.016333 0.031568
1 0.023182 0.032587 0.016860 0.032587
0 0.373024 0.032587 0.025290 0.048880
0 0.373024 0.032587 0.012645 0.024440
18 0.514752 0.032587 0.249737 0.048880
18 0.402529 0.032587 0.025290 0.048880
0 0.402529 0.032587 0.012645 0.024440
18 0.514752 0.032587 0.249737 0.048880
0 0.624868 0.033120 0.012645 0.024440
0 0.624868 0.033120 0.012645 0.024440
0 0.707813 0.032587 0.035309 0.048880
0 0.745863 0.032587 0.032361 0.048880
0 0.786461 0.032587 0.040404 0.048880
0 0.864446 0.032587 0.063932 0.032587
0 0.843017 0.032587 0.008430 0.016293
0 0.919677 0.032587 0.038099 0.032587
0 0.967256 0.032587 0.057058 0.048880
0 0.967256 0.032587 0.057058 0.048880
0 0.190842 0.099796 0.052457 0.036660
0 0.052041 0.262729 0.066147 0.032587
0 0.052041 0.262729 0.066147 0.032587
0 0.056478 0.423625 0.075021 0.032587
0 0.056478 0.423625 0.075021 0.032587
1 0.024697 0.754073 0.015674 0.017312
1 0.074318 0.754073 0.066707 0.017312
1 0.135410 0.754073 0.038618 0.017312
1 0.174748 0.754073 0.023199 0.017312
1 0.031987 0.779532 0.030254 0.017312
1 0.073428 0.779532 0.035770 0.017312
1 0.032674 0.807536 0.031629 0.022403
0 0.043463 0.867617 0.053206 0.032587
0 0.027924 0.867617 0.008430 0.016293
4 0.227608 0.490835 0.000527 0.001018
2 0.262381 0.567719 0.067966 0.016293
0 0.942839 0.960285 0.080603 0.048880
0 0.942839 0.960285 0.080603 0.048880
0 0.453635 0.979124 0.016860 0.032587
0 0.453635 0.979124 0.008430 0.016293
0 0.474710 0.979124 0.016860 0.032587
0 0.474710 0.979124 0.008430 0.016293
0 0.500000 0.979124 0.016860 0.032587
0 0.500000 0.979124 0.016860 0.032587
0 0.500000 0.979124 0.008430 0.016293
0 0.525290 0.979124 0.016860 0.032587
0 0.525290 0.979124 0.008430 0.016293
0 0.546365 0.979124 0.016860 0.032587
0 0.546365 0.979124 0.008430 0.016293
0 0.917281 0.987780 0.016860 0.024440
0 0.917281 0.991853 0.008430 0.016293
0 0.934141 0.987780 0.016860 0.024440
0 0.934141 0.991853 0.008430 0.016293
4 0.942308 0.985234 0.000527 0.001018
1 0.295076 0.103360 0.088572 0.029532
1 0.956257 0.094705 0.028476 0.048880
0 0.295969 0.265052 0.103003 0.277559
10 0.295969 0.225815 0.090358 0.174644
0 0.324289 0.288697 0.025290 0.048880
0 0.324289 0.288697 0.025290 0.048880
0 0.324289 0.288697 0.012645 0.024440
1 0.295595 0.332485 0.089609 0.022403
1 0.267074 0.359502 0.032567 0.020367
1 0.300682 0.359502 0.028459 0.020367
1 0.265193 0.381428 0.028805 0.020367
0 0.398973 0.265052 0.103003 0.277559
10 0.398973 0.225815 0.090358 0.174644
0 0.427292 0.288697 0.025290 0.048880
0 0.427292 0.288697 0.025290 0.048880
0 0.427292 0.288697 0.012645 0.024440
1 0.377354 0.332485 0.047122 0.022403
1 0.385159 0.359502 0.062731 0.020367
1 0.381495 0.381428 0.055404 0.020367
1 0.397301 0.392391 0.087016 0.042293
0 0.501976 0.276254 0.103003 0.299962
10 0.501976 0.225815 0.090358 0.174644
0 0.530295 0.288697 0.025290 0.048880
0 0.530295 0.288697 0.025290 0.048880
0 0.530295 0.288697 0.012645 0.024440
1 0.501976 0.343686 0.090358 0.044807
1 0.482774 0.381906 0.051954 0.020367
1 0.494340 0.392869 0.075087 0.042293
1 0.493826 0.403831 0.018786 0.020367
0 0.604979 0.265052 0.103003 0.277559
10 0.604979 0.225815 0.090358 0.174644
0 0.633298 0.288697 0.025290 0.048880
0 0.633298 0.288697 0.025290 0.048880
0 0.633298 0.288697 0.012645 0.024440
1 0.593540 0.332485 0.067481 0.022403
1 0.587592 0.359502 0.055585 0.020367
1 0.600805 0.370465 0.082011 0.042293
0 0.707982 0.254089 0.103003 0.255633
10 0.707982 0.225815 0.090358 0.174644
0 0.736301 0.288697 0.025290 0.048880
0 0.736301 0.288697 0.025290 0.048880
0 0.736301 0.288697 0.012645 0.024440
1 0.700956 0.332485 0.076306 0.022403
1 0.698313 0.359502 0.071020 0.020367
0 0.810985 0.265291 0.103003 0.278036
10 0.810985 0.225815 0.090358 0.174644
0 0.839305 0.288697 0.025290 0.048880
0 0.839305 0.288697 0.025290 0.048880
0 0.839305 0.288697 0.012645 0.024440
1 0.810985 0.343686 0.090358 0.044807
1 0.799690 0.381906 0.067769 0.020367
0 0.913988 0.254089 0.103003 0.255633
10 0.913988 0.225815 0.090358 0.174644
0 0.942308 0.288697 0.025290 0.048880
0 0.942308 0.288697 0.025290 0.048880
0 0.942308 0.288697 0.012645 0.024440
1 0.877828 0.332485 0.018037 0.022403
1 0.890053 0.359502 0.042487 0.020367
0 0.982745 0.254089 0.034510 0.255633
10 0.985906 0.225815 0.028188 0.174644
1 0.985906 0.332485 0.028188 0.022403
1 0.985906 0.359502 0.028188 0.020367
1 0.292993 0.484789 0.084406 0.029532
1 0.956257 0.476133 0.028476 0.048880
0 0.295969 0.634738 0.103003 0.254073
10 0.295969 0.607243 0.090358 0.174644
0 0.324289 0.670125 0.025290 0.048880
0 0.324289 0.670125 0.025290 0.048880
0 0.324289 0.670125 0.012645 0.024440
1 0.263398 0.713913 0.025216 0.022403
0 0.398973 0.634738 0.103003 0.254073
10 0.398973 0.607243 0.090358 0.174644
0 0.427292 0.670125 0.025290 0.048880
0 0.427292 0.670125 0.025290 0.048880
0 0.427292 0.670125 0.012645 0.024440
1 0.377704 0.713913 0.047822 0.022403
0 0.501976 0.634738 0.103003 0.254073
10 0.501976 0.607243 0.090358 0.174644
0 0.530295 0.670125 0.025290 0.048880
0 0.530295 0.670125 0.025290 0.048880
0 0.530295 0.670125 0.012645 0.024440
1 0.477707 0.713913 0.041820 0.022403
0 0.604979 0.634738 0.103003 0.254073
10 0.604979 0.607243 0.090358 0.174644
0 0.633298 0.670125 0.025290 0.048880
0 0.633298 0.670125 0.025290 0.048880
0 0.633298 0.670125 0.012645 0.024440
1 0.583764 0.713913 0.047929 0.022403
0 0.707982 0.634738 0.103003 0.254073
10 0.707982 0.607243 0.090358 0.174644
0 0.736301 0.670125 0.025290 0.048880
0 0.736301 0.670125 0.025290 0.048880
0 0.736301 0.670125 0.012645 0.024440
1 0.691822 0.713913 0.058038 0.022403
0 0.810985 0.634738 0.103003 0.254073
10 0.810985 0.607243 0.090358 0.174644
0 0.839305 0.670125 0.025290 0.048880
0 0.839305 0.670125 0.025290 0.048880
0 0.839305 0.670125 0.012645 0.024440
1 0.785173 0.713913 0.038733 0.022403
0 0.913988 0.634738 0.103003 0.254073
10 0.913988 0.607243 0.090358 0.174644
0 0.942308 0.670125 0.025290 0.048880
0 0.942308 0.670125 0.025290 0.048880
0 0.942308 0.670125 0.012645 0.024440
1 0.908753 0.713913 0.079887 0.022403
0 0.982745 0.634738 0.034510 0.254073
10 0.985906 0.607243 0.028188 0.174644
1 0.985906 0.713913 0.028188 0.022403
1 0.329006 0.820328 0.156431 0.029532
1 0.956257 0.811673 0.028476 0.048880
0 0.295969 0.921620 0.103003 0.156759
10 0.295969 0.927730 0.090358 0.144539
0 0.324289 0.990612 0.025290 0.018775
0 0.324289 0.990612 0.025290 0.018775
0 0.324289 0.996722 0.012645 0.006555
0 0.398973 0.921620 0.103003 0.156759
10 0.398973 0.927730 0.090358 0.144539
0 0.427292 0.990612 0.025290 0.018775
0 0.427292 0.990612 0.025290 0.018775
0 0.427292 0.996722 0.012645 0.006555
0 0.501976 0.921620 0.103003 0.156759
10 0.501976 0.927730 0.090358 0.144539
0 0.530295 0.990612 0.025290 0.018775
0 0.530295 0.990612 0.025290 0.018775
0 0.530295 0.996722 0.012645 0.006555
0 0.604979 0.921620 0.103003 0.156759
10 0.604979 0.927730 0.090358 0.144539
0 0.633298 0.990612 0.025290 0.018775
0 0.633298 0.990612 0.025290 0.018775
0 0.633298 0.996722 0.012645 0.006555
0 0.707982 0.921620 0.103003 0.156759
10 0.707982 0.927730 0.090358 0.144539
0 0.736301 0.990612 0.025290 0.018775
0 0.736301 0.990612 0.025290 0.018775
0 0.736301 0.996722 0.012645 0.006555
0 0.810985 0.921620 0.103003 0.156759
10 0.810985 0.927730 0.090358 0.144539
0 0.839305 0.990612 0.025290 0.018775
0 0.839305 0.990612 0.025290 0.018775
0 0.839305 0.996722 0.012645 0.006555
0 0.913988 0.921620 0.103003 0.156759
10 0.913988 0.927730 0.090358 0.144539
0 0.942308 0.990612 0.025290 0.018775
0 0.942308 0.990612 0.025290 0.018775
0 0.942308 0.996722 0.012645 0.006555
0 0.982745 0.921620 0.034510 0.156759
10 0.985906 0.927730 0.028188 0.144539
1 0.063426 0.957230 0.042487 0.020367
1 0.293051 0.978615 0.046867 0.020367
20 0.983140 0.960794 0.023182 0.044807
