1 0.023339 0.030550 0.024549 0.026477
1 0.052333 0.030550 0.022902 0.026477
1 0.877441 0.029022 0.017889 0.024440
18 0.905521 0.029022 0.022466 0.024440
0 0.935195 0.029022 0.021075 0.040733
1 0.972339 0.029022 0.044784 0.040733
0 0.332455 0.409369 0.018967 0.036660
18 0.462555 0.409369 0.233856 0.050916
18 0.590021 0.409369 0.021075 0.024440
18 0.611096 0.409369 0.021075 0.024440
0 0.651175 0.409369 0.050654 0.036660
18 0.459324 0.483707 0.067127 0.036660
2 0.536692 0.483707 0.075079 0.036660
1 0.436887 0.559572 0.013954 0.015275
1 0.453644 0.559572 0.015740 0.015275
1 0.474377 0.559572 0.021906 0.015275
1 0.495328 0.559572 0.016177 0.015275
1 0.515493 0.559572 0.020334 0.015275
1 0.538890 0.559572 0.022639 0.015275
1 0.561953 0.559572 0.019667 0.015275
1 0.590692 0.559572 0.033991 0.015275
1 0.617957 0.559572 0.016720 0.015275
1 0.036687 0.976578 0.052300 0.046843
1 0.085707 0.976578 0.045739 0.046843
1 0.147223 0.976578 0.077294 0.046843
1 0.891111 0.976578 0.039993 0.046843
1 0.929054 0.976578 0.035893 0.046843
0 0.968231 0.976578 0.042462 0.046843
