1 0.098916 0.032587 0.068221 0.048880
17 0.174707 0.032587 0.032781 0.065173
17 0.228925 0.032587 0.075655 0.065173
17 0.314933 0.032587 0.096360 0.065173
17 0.401735 0.032587 0.077244 0.065173
17 0.454977 0.032587 0.029241 0.065173
18 0.834324 0.032587 0.025290 0.048880
18 0.863829 0.032587 0.025290 0.048880
18 0.863829 0.032587 0.025290 0.048880
17 0.909140 0.032587 0.115911 0.048880
18 0.893333 0.032587 0.025290 0.048880
0 0.946930 0.032587 0.065044 0.047957
1 0.359589 0.409202 0.485774 0.516977
10 0.359589 0.409202 0.485774 0.516977
1 0.636694 0.239642 0.081080 0.048880
1 0.702582 0.399519 0.212856 0.236253
1 0.796365 0.566526 0.025290 0.048880
1 0.205047 0.852008 0.042866 0.048880
1 0.270548 0.946371 0.211802 0.107259
1 0.421760 0.852008 0.025290 0.048880
1 0.496048 0.946371 0.211802 0.107259
1 0.669150 0.852008 0.069069 0.048880
1 0.721549 0.946371 0.211802 0.107259
4 0.860379 0.988289 0.195996 0.023422
20 0.959431 0.979633 0.023182 0.040733
