1 0.070119 0.024440 0.114948 0.032587
10 0.070119 0.024440 0.114948 0.032587
1 0.173007 0.024440 0.040248 0.048880
17 0.205776 0.024440 0.025290 0.048880
1 0.261159 0.024440 0.085476 0.048880
1 0.329138 0.024440 0.050481 0.048880
1 0.375136 0.024440 0.041516 0.048880
1 0.414989 0.024440 0.038190 0.048880
1 0.463605 0.024440 0.059042 0.048880
1 0.510225 0.024440 0.034197 0.048880
18 0.809553 0.024440 0.105374 0.036660
18 0.767403 0.024440 0.012645 0.024440
18 0.851702 0.024440 0.012645 0.024440
19 0.968223 0.024440 0.030888 0.036660
0 0.300053 0.386965 0.379347 0.044807
0 0.151673 0.386965 0.069942 0.036660
10 0.688883 0.294289 0.359902 0.391023
1 0.206797 0.796525 0.179136 0.195901
10 0.206797 0.796525 0.179136 0.195901
1 0.201935 0.951502 0.152554 0.081466
1 0.399631 0.796310 0.179136 0.195472
10 0.399631 0.796310 0.179136 0.195472
1 0.388633 0.951072 0.140279 0.081466
1 0.592466 0.796310 0.179136 0.195472
10 0.592466 0.796310 0.179136 0.195472
1 0.589947 0.951072 0.157238 0.081466
1 0.785300 0.796310 0.179136 0.195472
10 0.785300 0.796310 0.179136 0.195472
1 0.781501 0.951072 0.154678 0.081466
