1 0.045838 0.032587 0.079031 0.048880
1 0.107115 0.071283 0.075137 0.044807
1 0.140551 0.032587 0.068246 0.046843
1 0.194625 0.032587 0.037795 0.046843
1 0.241121 0.032587 0.053090 0.046843
1 0.288280 0.032587 0.039120 0.046843
1 0.341486 0.032587 0.065184 0.046843
1 0.366607 0.028513 0.037498 0.040733
1 0.401031 0.028513 0.029241 0.040733
1 0.435891 0.028513 0.038371 0.040733
1 0.477493 0.028513 0.042726 0.040733
1 0.530670 0.028513 0.061520 0.040733
0 0.603361 0.035642 0.081755 0.020367
0 0.605469 0.028513 0.077541 0.040733
0 0.613899 0.028513 0.039606 0.024440
0 0.583558 0.028513 0.012645 0.024440
10 0.496048 0.138493 0.033720 0.065173
0 0.496048 0.268839 0.680717 0.179226
0 0.683087 0.309572 0.016860 0.032587
0 0.683087 0.309572 0.016860 0.032587
0 0.683087 0.309572 0.008430 0.016293
0 0.703553 0.361507 0.056737 0.022403
0 0.496048 0.415479 0.134648 0.065173
0 0.496048 0.415479 0.134648 0.065173
0 0.505532 0.415479 0.081961 0.024440
0 0.451907 0.415479 0.012645 0.024440
1 0.496044 0.511202 0.096821 0.024440
5 0.363541 0.566191 0.010274 0.019857
4 0.503688 0.566191 0.256586 0.036660
1 0.447585 0.575356 0.033473 0.018330
1 0.552111 0.618126 0.071835 0.018330
1 0.496048 0.636456 0.151623 0.018330
