0 0.063883 0.032487 0.102555 0.027411
1 0.130113 0.114721 0.025210 0.048731
0 0.176138 0.304569 0.040023 0.111675
0 0.240809 0.304569 0.040999 0.111675
0 0.240809 0.434518 0.040999 0.148223
0 0.240809 0.571574 0.040999 0.125888
0 0.240809 0.690355 0.040999 0.111675
0 0.308581 0.304569 0.046227 0.111675
0 0.308581 0.434518 0.046227 0.148223
0 0.308581 0.575635 0.046227 0.134010
1 0.179802 0.114721 0.025210 0.048731
0 0.239808 0.157360 0.066029 0.111675
0 0.239808 0.257868 0.066029 0.089340
0 0.239808 0.347208 0.066029 0.089340
0 0.239808 0.436548 0.066029 0.089340
0 0.239808 0.525888 0.066029 0.089340
0 0.239808 0.615228 0.066029 0.089340
0 0.331088 0.146193 0.068212 0.089340
0 0.331088 0.224365 0.068212 0.067005
0 0.331088 0.302538 0.068212 0.089340
0 0.331088 0.391878 0.068212 0.089340
0 0.331088 0.481218 0.068212 0.089340
0 0.422462 0.135025 0.066218 0.067005
0 0.422462 0.213198 0.066218 0.089340
0 0.422462 0.291371 0.066218 0.067005
0 0.422462 0.358376 0.066218 0.067005
0 0.422462 0.447716 0.066218 0.111675
1 0.232520 0.114721 0.025210 0.048731
0 0.282522 0.258883 0.052078 0.052792
0 0.282522 0.318782 0.052078 0.067005
0 0.282522 0.371574 0.052078 0.038579
0 0.282522 0.410152 0.052078 0.038579
0 0.282522 0.462944 0.052078 0.067005
0 0.282522 0.522843 0.052078 0.052792
0 0.282522 0.568528 0.052078 0.038579
0 0.355559 0.251777 0.045677 0.038579
0 0.355559 0.290355 0.045677 0.038579
0 0.355559 0.336041 0.045677 0.052792
1 0.289481 0.032487 0.006778 0.044670
1 0.323640 0.032487 0.023725 0.044670
1 0.355436 0.114721 0.025210 0.048731
1 0.467306 0.115736 0.050945 0.040609
1 0.467306 0.115736 0.050945 0.040609
1 0.467306 0.115736 0.033088 0.022335
0 0.395364 0.306599 0.035690 0.148223
0 0.395364 0.454822 0.035690 0.148223
0 0.395364 0.595939 0.035690 0.134010
0 0.395364 0.737056 0.035690 0.148223
0 0.459062 0.299492 0.043387 0.134010
0 0.459062 0.447716 0.043387 0.162437
0 0.459062 0.621320 0.043387 0.184772
0 0.459062 0.806091 0.043387 0.184772
0 0.526979 0.277157 0.044126 0.089340
0 0.526979 0.366497 0.044126 0.089340
0 0.526979 0.467005 0.044126 0.111675
0 0.526979 0.604061 0.044126 0.162437
1 0.884409 0.032487 0.093742 0.040609
1 0.884409 0.032487 0.093742 0.040609
1 0.884409 0.032487 0.075885 0.022335
1 0.959600 0.032487 0.039834 0.038579
1 0.959600 0.032487 0.039834 0.038579
1 0.959600 0.032487 0.023027 0.022335
1 0.280840 0.482234 0.176700 0.050761
1 0.218200 0.482234 0.051421 0.050761
1 0.218200 0.481218 0.051421 0.048731
1 0.218200 0.481218 0.026211 0.024365
1 0.312853 0.482234 0.112674 0.050761
1 0.312853 0.482234 0.112674 0.050761
1 0.312853 0.482234 0.086413 0.024365
0 0.313526 0.708629 0.060219 0.044670
0 0.400895 0.708629 0.106117 0.044670
0 0.487013 0.708629 0.057716 0.044670
0 0.553949 0.708629 0.067752 0.044670
0 0.626633 0.708629 0.069213 0.044670
0 0.687073 0.708629 0.043264 0.044670
1 0.964286 0.947208 0.029412 0.056853
1 0.964286 0.947208 0.029412 0.056853
