1 0.062171 0.064155 0.018967 0.036660
10 0.062171 0.064155 0.018967 0.036660
1 0.647499 0.064155 0.034263 0.024440
1 0.697729 0.064155 0.042586 0.024440
1 0.753503 0.064155 0.045336 0.024440
1 0.820757 0.064155 0.065562 0.024440
0 0.919130 0.064155 0.082710 0.050916
1 0.496044 0.205703 0.324330 0.091650
10 0.493937 0.205703 0.320115 0.091650
1 0.211942 0.379288 0.085106 0.019269
1 0.331307 0.379288 0.102929 0.019269
1 0.426687 0.379288 0.037153 0.019269
1 0.508776 0.379288 0.076330 0.019269
1 0.596380 0.379288 0.048200 0.019269
1 0.660506 0.379288 0.029357 0.019269
18 0.751581 0.379296 0.130664 0.040733
1 0.832192 0.379296 0.012645 0.027495
1 0.188529 0.462799 0.038280 0.020367
1 0.185269 0.772371 0.031760 0.018330
1 0.230321 0.772371 0.045237 0.018330
1 0.269684 0.772371 0.020383 0.018330
1 0.182034 0.849924 0.025290 0.048880
10 0.182034 0.849924 0.012645 0.024440
1 0.207323 0.849924 0.025290 0.048880
10 0.207323 0.849924 0.012645 0.024440
1 0.232613 0.849924 0.025290 0.048880
10 0.232613 0.849924 0.012645 0.024440
1 0.257903 0.849924 0.025290 0.048880
10 0.257903 0.849924 0.012645 0.024440
1 0.613269 0.541958 0.446128 0.052094
1 0.536087 0.738432 0.177596 0.022403
1 0.487030 0.797814 0.076174 0.022403
1 0.471117 0.827504 0.161823 0.022403
1 0.596475 0.946267 0.149664 0.022403
