17 0.018967 0.032587 0.025290 0.048880
1 0.076923 0.034623 0.086407 0.048880
0 0.895680 0.032587 0.025290 0.048880
0 0.919916 0.033175 0.021075 0.040733
1 0.959168 0.032587 0.044784 0.040733
0 0.179897 0.099796 0.042092 0.036660
0 0.231539 0.099796 0.052761 0.036660
0 0.295961 0.099796 0.067653 0.036660
0 0.363734 0.099796 0.059462 0.036660
0 0.196473 0.158859 0.066814 0.048880
0 0.246748 0.158859 0.033736 0.048880
0 0.281707 0.158859 0.036181 0.048880
0 0.316213 0.158859 0.032831 0.048880
0 0.349488 0.158859 0.021075 0.040733
0 0.496048 0.158859 0.025290 0.048880
0 0.529776 0.158859 0.033736 0.048880
0 0.564735 0.158859 0.036181 0.048880
0 0.598648 0.158859 0.031645 0.048880
0 0.631331 0.158859 0.021075 0.040733
7 0.316913 0.212831 0.298209 0.032587
0 0.174131 0.322811 0.025290 0.048880
0 0.474183 0.320774 0.017387 0.027495
0 0.811014 0.377037 0.044463 0.049389
1 0.460748 0.496436 0.037935 0.099796
1 0.531349 0.496436 0.037935 0.099796
