17 0.018967 0.032587 0.025290 0.048880
1 0.063187 0.033605 0.055774 0.050916
0 0.919916 0.033175 0.021075 0.040733
1 0.959168 0.032587 0.044784 0.040733
1 0.960048 0.097760 0.043022 0.048880
18 0.496048 0.175153 0.992097 0.057026
18 0.496048 0.175153 0.021075 0.040733
18 0.496048 0.313646 0.273973 0.048880
18 0.384352 0.313646 0.025290 0.048880
18 0.384352 0.313646 0.012645 0.048880
1 0.355374 0.566191 0.089568 0.144603
10 0.355374 0.553971 0.033720 0.065173
1 0.449157 0.566191 0.089568 0.144603
10 0.449157 0.553971 0.033720 0.065173
1 0.542940 0.566191 0.089568 0.144603
10 0.542940 0.553971 0.033720 0.065173
1 0.636723 0.566191 0.089568 0.144603
10 0.636723 0.553971 0.033720 0.065173
1 0.355374 0.718941 0.089568 0.144603
10 0.355374 0.706721 0.033720 0.065173
1 0.449157 0.718941 0.089568 0.144603
10 0.449157 0.706721 0.033720 0.065173
1 0.542940 0.718941 0.089568 0.144603
10 0.542940 0.706721 0.033720 0.065173
1 0.636723 0.718941 0.089568 0.144603
10 0.636723 0.706721 0.033720 0.065173
1 0.355374 0.871690 0.089568 0.144603
10 0.355374 0.859470 0.033720 0.065173
1 0.449157 0.871690 0.089568 0.144603
10 0.449157 0.859470 0.033720 0.065173
1 0.542940 0.871690 0.089568 0.144603
10 0.542940 0.859470 0.033720 0.065173
1 0.636723 0.871690 0.089568 0.144603
10 0.636723 0.859470 0.033720 0.065173
1 0.355374 0.976069 0.089568 0.047862
10 0.355374 0.989817 0.033720 0.020367
1 0.449157 0.976069 0.089568 0.047862
10 0.449157 0.989817 0.033720 0.020367
1 0.542940 0.976069 0.089568 0.047862
10 0.542940 0.989817 0.033720 0.020367
1 0.636723 0.976069 0.089568 0.047862
10 0.636723 0.989817 0.033720 0.020367
