1 0.018908 0.032487 0.025210 0.048731
0 0.062988 0.033503 0.055598 0.050761
1 0.920168 0.033074 0.021008 0.040609
0 0.959296 0.032487 0.044643 0.040609
13 0.960174 0.097462 0.059693 0.048731
0 0.960174 0.097462 0.042887 0.048731
0 0.496061 0.174619 0.992122 0.056853
2 0.496061 0.312690 0.273109 0.048731
1 0.384716 0.312690 0.025210 0.048731
0 0.355830 0.564467 0.089286 0.144162
0 0.449317 0.564467 0.089286 0.144162
0 0.542805 0.564467 0.089286 0.144162
0 0.636292 0.564467 0.089286 0.144162
0 0.355830 0.716751 0.089286 0.144162
0 0.449317 0.716751 0.089286 0.144162
0 0.542805 0.716751 0.089286 0.144162
0 0.636292 0.716751 0.089286 0.144162
0 0.355830 0.869036 0.089286 0.144162
0 0.449317 0.869036 0.089286 0.144162
0 0.542805 0.869036 0.089286 0.144162
0 0.636292 0.869036 0.089286 0.144162
0 0.355830 0.974619 0.089286 0.050761
0 0.449317 0.974619 0.089286 0.050761
0 0.542805 0.974619 0.089286 0.050761
0 0.636292 0.974619 0.089286 0.050761
