0 0.008141 0.015736 0.016282 0.031472
0 0.023109 0.032487 0.016807 0.032487
1 0.373424 0.032487 0.025210 0.048731
1 0.373424 0.032487 0.012605 0.024365
1 0.402836 0.032487 0.025210 0.048731
1 0.402836 0.032487 0.012605 0.024365
2 0.514706 0.032487 0.248950 0.048731
1 0.624475 0.033019 0.012605 0.024365
1 0.624475 0.033019 0.012605 0.024365
1 0.708734 0.032487 0.035197 0.048731
1 0.746664 0.032487 0.032259 0.048731
1 0.787134 0.032487 0.040277 0.048731
1 0.864873 0.032487 0.063731 0.032487
1 0.843512 0.032487 0.008403 0.016244
1 0.919930 0.032487 0.037979 0.032487
1 0.967359 0.032487 0.056879 0.048731
1 0.967359 0.032487 0.056879 0.048731
1 0.190241 0.099492 0.052291 0.036548
1 0.051877 0.261929 0.065938 0.032487
1 0.051877 0.261929 0.065938 0.032487
1 0.056300 0.422335 0.074785 0.032487
1 0.056300 0.422335 0.074785 0.032487
0 0.024619 0.754822 0.015625 0.017259
0 0.074083 0.754822 0.066497 0.017259
0 0.134983 0.754822 0.038496 0.017259
0 0.174197 0.754822 0.023126 0.017259
0 0.031886 0.780203 0.030159 0.017259
0 0.073197 0.780203 0.035657 0.017259
0 0.032571 0.808122 0.031529 0.022335
1 0.043326 0.868020 0.053038 0.032487
1 0.027836 0.868020 0.008403 0.016244
5 0.226891 0.490863 0.000525 0.001015
2 0.261555 0.567513 0.067752 0.016244
1 0.943019 0.960406 0.080349 0.048731
1 0.943019 0.960406 0.080349 0.048731
1 0.453782 0.979188 0.016807 0.032487
1 0.453782 0.979188 0.008403 0.016244
1 0.474790 0.979188 0.016807 0.032487
1 0.474790 0.979188 0.008403 0.016244
1 0.500000 0.979188 0.016807 0.032487
1 0.500000 0.979188 0.016807 0.032487
1 0.500000 0.979188 0.008403 0.016244
1 0.525210 0.979188 0.016807 0.032487
1 0.525210 0.979188 0.008403 0.016244
1 0.546218 0.979188 0.016807 0.032487
1 0.546218 0.979188 0.008403 0.016244
1 0.917542 0.987817 0.016807 0.024365
1 0.917542 0.991878 0.008403 0.016244
1 0.934349 0.987817 0.016807 0.024365
1 0.934349 0.991878 0.008403 0.016244
5 0.942489 0.985279 0.000525 0.001015
0 0.294146 0.103046 0.088293 0.029442
0 0.956395 0.094416 0.028386 0.048731
1 0.295037 0.264245 0.102679 0.276713
1 0.323267 0.287817 0.025210 0.048731
1 0.323267 0.287817 0.025210 0.048731
1 0.323267 0.287817 0.012605 0.024365
0 0.273487 0.331472 0.046973 0.022335
0 0.281266 0.358407 0.062533 0.020305
0 0.277615 0.380266 0.055229 0.020305
0 0.293371 0.391196 0.086742 0.042164
1 0.397715 0.253315 0.102679 0.254854
1 0.425945 0.287817 0.025210 0.048731
1 0.425945 0.287817 0.025210 0.048731
1 0.425945 0.287817 0.012605 0.024365
0 0.364664 0.331472 0.023971 0.022335
0 0.367253 0.358407 0.029149 0.020305
1 0.500394 0.253315 0.102679 0.254854
1 0.528624 0.287817 0.025210 0.048731
1 0.528624 0.287817 0.025210 0.048731
1 0.528624 0.287817 0.012605 0.024365
0 0.465611 0.331472 0.020508 0.022335
0 0.467888 0.358407 0.025062 0.020305
0 0.498736 0.358407 0.030462 0.020305
1 0.603072 0.253315 0.102679 0.254854
1 0.631303 0.287817 0.025210 0.048731
1 0.631303 0.287817 0.025210 0.048731
1 0.631303 0.287817 0.012605 0.024365
0 0.567026 0.331472 0.017980 0.022335
0 0.579212 0.358407 0.042353 0.020305
1 0.705751 0.275412 0.102679 0.299048
1 0.733981 0.287817 0.025210 0.048731
1 0.733981 0.287817 0.025210 0.048731
1 0.733981 0.287817 0.012605 0.024365
0 0.705751 0.342640 0.090074 0.044670
0 0.686610 0.380742 0.051791 0.020305
0 0.698140 0.391672 0.074851 0.042164
0 0.697627 0.402602 0.018727 0.020305
1 0.808430 0.264483 0.102679 0.277189
1 0.836660 0.287817 0.025210 0.048731
1 0.836660 0.287817 0.025210 0.048731
1 0.836660 0.287817 0.012605 0.024365
0 0.808430 0.342640 0.090074 0.044670
0 0.778722 0.380742 0.030659 0.020305
1 0.911108 0.275412 0.102679 0.299048
1 0.939338 0.287817 0.025210 0.048731
1 0.939338 0.287817 0.025210 0.048731
1 0.939338 0.287817 0.012605 0.024365
0 0.911108 0.342640 0.090074 0.044670
0 0.898507 0.380742 0.039580 0.020305
0 0.925420 0.380742 0.008075 0.020305
0 0.884848 0.402602 0.037553 0.020305
1 0.981224 0.275412 0.037553 0.299048
0 0.984375 0.342640 0.031250 0.044670
0 0.984375 0.380742 0.031250 0.020305
0 0.984375 0.402602 0.031250 0.020305
0 0.292070 0.483312 0.084140 0.029442
0 0.956395 0.474683 0.028386 0.048731
1 0.295037 0.632805 0.102679 0.253299
1 0.323267 0.668084 0.025210 0.048731
1 0.323267 0.668084 0.025210 0.048731
1 0.323267 0.668084 0.012605 0.024365
0 0.262568 0.711739 0.025136 0.022335
1 0.397715 0.632805 0.102679 0.253299
1 0.425945 0.668084 0.025210 0.048731
1 0.425945 0.668084 0.025210 0.048731
1 0.425945 0.668084 0.012605 0.024365
0 0.376514 0.711739 0.047671 0.022335
1 0.500394 0.632805 0.102679 0.253299
1 0.528624 0.668084 0.025210 0.048731
1 0.528624 0.668084 0.025210 0.048731
1 0.528624 0.668084 0.012605 0.024365
0 0.476201 0.711739 0.041689 0.022335
1 0.603072 0.632805 0.102679 0.253299
1 0.631303 0.668084 0.025210 0.048731
1 0.631303 0.668084 0.025210 0.048731
1 0.631303 0.668084 0.012605 0.024365
0 0.581925 0.711739 0.047778 0.022335
1 0.705751 0.632805 0.102679 0.253299
1 0.733981 0.668084 0.025210 0.048731
1 0.733981 0.668084 0.025210 0.048731
1 0.733981 0.668084 0.012605 0.024365
0 0.689642 0.711739 0.057855 0.022335
1 0.808430 0.632805 0.102679 0.253299
1 0.836660 0.668084 0.025210 0.048731
1 0.836660 0.668084 0.025210 0.048731
1 0.836660 0.668084 0.012605 0.024365
0 0.782698 0.711739 0.038611 0.022335
1 0.911108 0.632805 0.102679 0.253299
1 0.939338 0.668084 0.025210 0.048731
1 0.939338 0.668084 0.025210 0.048731
1 0.939338 0.668084 0.012605 0.024365
0 0.905889 0.711739 0.079635 0.022335
1 0.981224 0.632805 0.037553 0.253299
0 0.984375 0.711739 0.031250 0.022335
0 0.327969 0.817830 0.155938 0.029442
0 0.956395 0.809201 0.028386 0.048731
1 0.295037 0.920336 0.102679 0.159327
1 0.323267 0.989118 0.025210 0.021764
1 0.323267 0.989118 0.025210 0.021764
1 0.323267 0.995209 0.012605 0.009581
1 0.397715 0.920336 0.102679 0.159327
1 0.425945 0.989118 0.025210 0.021764
1 0.425945 0.989118 0.025210 0.021764
1 0.425945 0.995209 0.012605 0.009581
1 0.500394 0.920336 0.102679 0.159327
1 0.528624 0.989118 0.025210 0.021764
1 0.528624 0.989118 0.025210 0.021764
1 0.528624 0.995209 0.012605 0.009581
1 0.603072 0.920336 0.102679 0.159327
1 0.631303 0.989118 0.025210 0.021764
1 0.631303 0.989118 0.025210 0.021764
1 0.631303 0.995209 0.012605 0.009581
1 0.705751 0.920336 0.102679 0.159327
1 0.733981 0.989118 0.025210 0.021764
1 0.733981 0.989118 0.025210 0.021764
1 0.733981 0.995209 0.012605 0.009581
1 0.808430 0.920336 0.102679 0.159327
1 0.836660 0.989118 0.025210 0.021764
1 0.836660 0.989118 0.025210 0.021764
1 0.836660 0.995209 0.012605 0.009581
1 0.911108 0.920336 0.102679 0.159327
1 0.939338 0.989118 0.025210 0.021764
1 0.939338 0.989118 0.025210 0.021764
1 0.939338 0.995209 0.012605 0.009581
1 0.981224 0.920336 0.037553 0.159327
0 0.063226 0.957360 0.042353 0.020305
0 0.292128 0.978680 0.046719 0.020305
1 0.983193 0.960914 0.023109 0.044670
