0 0.027836 0.024365 0.022059 0.032487
0 0.087255 0.024365 0.063165 0.048731
0 0.140387 0.024365 0.043100 0.048731
0 0.200413 0.024365 0.076951 0.048731
0 0.264747 0.024365 0.051717 0.048731
1 0.967437 0.024365 0.021008 0.040609
0 0.048287 0.077157 0.067161 0.048731
0 0.096298 0.077157 0.028862 0.032487
0 0.137839 0.077157 0.054220 0.032487
0 0.177529 0.077157 0.025161 0.032487
0 0.234129 0.077157 0.088038 0.032487
0 0.308824 0.077157 0.061351 0.032487
1 0.803818 0.078173 0.092831 0.042640
1 0.802767 0.078173 0.081276 0.024365
1 0.883847 0.078173 0.050420 0.042640
1 0.946388 0.078173 0.057855 0.042640
1 0.496057 0.140102 0.554679 0.048731
1 0.724925 0.140102 0.071732 0.032487
1 0.716259 0.140102 0.050199 0.024365
1 0.752388 0.140102 0.012605 0.024365
1 0.752388 0.140102 0.009454 0.018274
1 0.496061 0.730647 0.308413 0.050761
1 0.433832 0.730647 0.066259 0.050761
1 0.531291 0.730647 0.120257 0.050761
1 0.972952 0.855838 0.025735 0.054822
1 0.970588 0.856853 0.025210 0.048731
1 0.984244 0.927919 0.031513 0.048731
1 0.984244 0.981218 0.031513 0.037563
1 0.916492 0.930964 0.138655 0.089340
