1 0.070724 0.034623 0.120373 0.048880
0 0.919916 0.032141 0.021075 0.040733
1 0.959168 0.032587 0.044784 0.040733
1 0.028369 0.080671 0.035663 0.030995
1 0.093664 0.079143 0.050670 0.027940
1 0.171727 0.079143 0.061199 0.027940
1 0.248736 0.079143 0.048563 0.027940
1 0.303049 0.079143 0.015806 0.027940
1 0.027397 0.020876 0.038988 0.029532
10 0.027397 0.017312 0.038988 0.024440
1 0.030340 0.067679 0.060681 0.047877
1 0.109161 0.076343 0.052704 0.065205
1 0.184203 0.086534 0.053123 0.085587
1 0.269255 0.066152 0.072725 0.044822
1 0.348821 0.066152 0.042150 0.044822
1 0.276628 0.319215 0.076437 0.017312
1 0.554860 0.294791 0.086012 0.017312
10 0.254215 0.518282 0.031612 0.061100
1 0.347932 0.612414 0.134747 0.017312
10 0.527661 0.518282 0.031612 0.061100
1 0.596372 0.602231 0.084736 0.017312
10 0.254215 0.831848 0.031612 0.061100
1 0.350048 0.950404 0.138979 0.017312
10 0.527924 0.832357 0.032139 0.062118
1 0.652278 0.868978 0.196547 0.041736
