10 0.157798 0.011695 0.008430 0.011202
0 0.363586 0.011695 0.067003 0.015243
0 0.363586 0.010692 0.067003 0.015275
1 0.208698 0.051394 0.120769 0.056008
10 0.160432 0.051107 0.013699 0.035069
0 0.753573 0.051394 0.051864 0.036660
17 0.811722 0.051386 0.055692 0.042531
0 0.665174 0.364777 0.304531 0.041226
1 0.203039 0.549341 0.071514 0.029532
0 0.322745 0.597752 0.310928 0.041226
1 0.587975 0.549341 0.148174 0.029532
0 0.669352 0.597752 0.310928 0.041226
1 0.264226 0.868954 0.220232 0.262093
10 0.264226 0.857497 0.220232 0.239180
1 0.496048 0.868954 0.220232 0.262093
10 0.496048 0.857497 0.220232 0.239180
1 0.727871 0.868954 0.220232 0.262093
10 0.727871 0.857497 0.220232 0.239180
