1 0.000263 0.000509 0.000527 0.001018
0 0.950536 0.022403 0.051510 0.024440
1 0.117665 0.099303 0.203718 0.023422
10 0.117665 0.100815 0.203718 0.050916
17 0.876185 0.100815 0.084299 0.038697
0 0.876185 0.100815 0.084299 0.038697
0 0.949947 0.100815 0.052687 0.038697
1 0.616998 0.177189 0.055453 0.038697
1 0.688278 0.177189 0.055494 0.038697
1 0.778216 0.177189 0.092770 0.038697
1 0.859651 0.177189 0.038486 0.038697
1 0.922324 0.177189 0.055247 0.038697
18 0.971022 0.177189 0.042150 0.038697
18 0.963119 0.177189 0.026344 0.038697
18 0.969442 0.177189 0.015806 0.038697
18 0.969442 0.177189 0.015806 0.038697
10 0.496048 0.598778 0.992097 0.802444
0 0.496048 0.976515 0.605901 0.046970
0 0.496048 0.976515 0.605901 0.046970
0 0.235511 0.985171 0.084826 0.029659
0 0.895680 0.961303 0.029505 0.057026
0 0.895680 0.902240 0.021075 0.040733
0 0.895680 0.851324 0.021075 0.040733
0 0.895680 0.800407 0.021075 0.040733
1 0.766160 0.837067 0.055568 0.024440
1 0.834386 0.837067 0.059759 0.024440
0 0.652266 0.900204 0.179136 0.036660
0 0.607482 0.900204 0.084299 0.036660
0 0.697050 0.900204 0.084299 0.036660
0 0.786617 0.900204 0.084299 0.036660
