10 0.500000 0.500000 1.000000 1.000000
1 0.818226 0.209569 0.042158 0.017312
1 0.643309 0.270669 0.029505 0.017312
1 0.655711 0.331769 0.054309 0.017312
1 0.671348 0.392869 0.085584 0.017312
1 0.688895 0.453968 0.120678 0.017312
1 0.663260 0.515068 0.069407 0.017312
10 0.202475 0.094705 0.053741 0.087576
1 0.202475 0.193690 0.087460 0.017312
0 0.202475 0.194501 0.087460 0.050916
1 0.202475 0.264973 0.087460 0.017312
0 0.202475 0.265784 0.087460 0.050916
1 0.202475 0.336256 0.087460 0.017312
0 0.202475 0.337067 0.087460 0.050916
1 0.202475 0.407539 0.087460 0.017312
0 0.202475 0.408350 0.087460 0.050916
1 0.202475 0.478822 0.087460 0.017312
0 0.202475 0.479633 0.087460 0.050916
1 0.202475 0.550105 0.087460 0.017312
0 0.202475 0.550916 0.087460 0.050916
