0 0.000263 0.000508 0.000525 0.001015
1 0.334510 0.011199 0.059414 0.014277
1 0.334510 0.011168 0.059414 0.016244
0 0.247637 0.077705 0.204832 0.061881
1 0.184800 0.156996 0.095966 0.047970
1 0.277295 0.156996 0.089023 0.047970
1 0.361406 0.156996 0.079200 0.047970
1 0.450171 0.156996 0.098329 0.047970
1 0.541783 0.156996 0.084895 0.047970
1 0.615903 0.156996 0.063345 0.047970
0 0.782986 0.052364 0.037922 0.013579
0 0.828888 0.052364 0.036026 0.013579
2 0.736308 0.091640 0.131754 0.032487
1 0.824543 0.091640 0.044717 0.032487
1 0.695776 0.533963 0.067498 0.041085
