10 0.285300 0.011393 0.008430 0.011202
0 0.479559 0.011401 0.061183 0.014654
0 0.479559 0.011202 0.061183 0.014257
1 0.328701 0.125143 0.171101 0.037678
10 0.328701 0.085938 0.171101 0.101833
1 0.635978 0.060988 0.037696 0.015275
1 0.683820 0.060988 0.031760 0.015275
1 0.730880 0.060988 0.036132 0.015275
18 0.672768 0.105890 0.111277 0.032587
0 0.738676 0.105890 0.020540 0.032587
18 0.738676 0.105882 0.007895 0.016946
0 0.258932 0.188057 0.048423 0.071856
1 0.313463 0.188057 0.060639 0.071856
0 0.366875 0.188057 0.046183 0.071856
0 0.422459 0.188057 0.064986 0.071856
1 0.480444 0.188057 0.050983 0.071856
0 0.542425 0.188057 0.072980 0.071856
0 0.281085 0.644491 0.021075 0.040733
0 0.306375 0.644491 0.021075 0.040733
0 0.331665 0.644491 0.021075 0.040733
0 0.356955 0.644491 0.021075 0.040733
0 0.382244 0.644491 0.021075 0.040733
0 0.407534 0.644491 0.021075 0.040733
0 0.249473 0.495847 0.021075 0.040733
10 0.117360 0.495847 0.234721 0.443928
10 0.496048 0.495847 0.522655 0.443928
1 0.352213 0.408525 0.167545 0.058236
10 0.878688 0.495847 0.242624 0.443928
1 0.874868 0.423084 0.167545 0.087354
0 0.742624 0.495847 0.021075 0.040733
10 0.253688 0.941732 0.021075 0.040733
1 0.336580 0.944692 0.127848 0.074943
10 0.427901 0.941732 0.021075 0.040733
1 0.510797 0.944692 0.127857 0.074943
10 0.602122 0.941732 0.021075 0.040733
1 0.685014 0.944692 0.127848 0.074943
1 0.336580 0.997908 0.127848 0.004185
1 0.510797 0.997908 0.127857 0.004185
1 0.790832 0.951629 0.034247 0.066191
10 0.790832 0.936696 0.010537 0.011377
