1 0.349786 0.021780 0.070977 0.014499
1 0.346142 0.021129 0.063690 0.015228
0 0.612309 0.015181 0.023413 0.030362
0 0.659479 0.020765 0.056222 0.041529
0 0.729985 0.020765 0.081424 0.041529
0 0.818831 0.020765 0.092905 0.041529
0 0.233702 0.117148 0.181165 0.039594
8 0.492594 0.099461 0.058651 0.051777
1 0.492594 0.099461 0.058651 0.051777
1 0.487342 0.098445 0.048147 0.019289
8 0.546908 0.099461 0.033170 0.051777
1 0.546908 0.099461 0.033170 0.051777
1 0.541656 0.098445 0.022666 0.019289
8 0.617294 0.099461 0.090796 0.051777
1 0.617294 0.099461 0.090796 0.051777
1 0.612042 0.098445 0.080291 0.019289
8 0.708779 0.099461 0.075368 0.051777
1 0.708779 0.099461 0.075368 0.051777
1 0.703527 0.098445 0.064863 0.019289
8 0.787228 0.099461 0.064724 0.051777
1 0.787228 0.099461 0.064724 0.051777
1 0.781976 0.098445 0.054220 0.019289
8 0.834296 0.099461 0.012605 0.024365
1 0.834296 0.099461 0.012605 0.024365
1 0.211635 0.422779 0.074005 0.063864
0 0.212690 0.684264 0.053005 0.027602
0 0.387839 0.684264 0.107069 0.027602
0 0.536367 0.684264 0.112370 0.027602
0 0.238006 0.741307 0.110335 0.027602
0 0.377281 0.741307 0.083722 0.027602
0 0.534163 0.741307 0.099035 0.027602
1 0.726173 0.718464 0.096795 0.063864
0 0.274771 0.945574 0.200277 0.108852
0 0.496057 0.945574 0.200277 0.108852
0 0.717343 0.945574 0.200277 0.108852
0 0.971639 0.960406 0.019958 0.038579
