8 0.496061 0.500000 0.992122 1.000000
0 0.000263 0.000508 0.000525 0.001015
1 0.950692 0.022335 0.051347 0.024365
0 0.117294 0.099001 0.203076 0.023350
1 0.876576 0.100508 0.084034 0.038579
1 0.876576 0.100508 0.084034 0.038579
1 0.950105 0.100508 0.052521 0.038579
0 0.618226 0.176650 0.055319 0.038579
0 0.707881 0.176650 0.092478 0.038579
0 0.789058 0.176650 0.038365 0.038579
0 0.851636 0.176650 0.055278 0.038579
0 0.922568 0.176650 0.055073 0.038579
1 0.971113 0.176650 0.042017 0.038579
1 0.963235 0.176650 0.026261 0.038579
1 0.969538 0.176650 0.015756 0.038579
1 0.969538 0.176650 0.015756 0.038579
1 0.496061 0.976420 0.603992 0.047161
1 0.496061 0.976420 0.603992 0.047161
1 0.236345 0.985049 0.084559 0.029902
1 0.896008 0.961421 0.029412 0.056853
1 0.896008 0.902538 0.021008 0.040609
1 0.896008 0.851777 0.021008 0.040609
1 0.896008 0.801015 0.021008 0.040609
0 0.766897 0.837563 0.055393 0.024365
0 0.834908 0.837563 0.059570 0.024365
1 0.653361 0.900508 0.178571 0.036548
1 0.608718 0.900508 0.084034 0.036548
1 0.698004 0.900508 0.084034 0.036548
1 0.787290 0.900508 0.084034 0.036548
