1 0.364016 0.011659 0.066792 0.015197
1 0.364016 0.010660 0.066792 0.015228
0 0.209616 0.051237 0.120388 0.055838
1 0.752774 0.051237 0.051700 0.036548
1 0.810740 0.051229 0.055516 0.042402
1 0.664653 0.363666 0.303571 0.041101
0 0.203974 0.547668 0.071289 0.029442
8 0.323304 0.595931 0.309948 0.041101
1 0.323304 0.595931 0.309948 0.041101
0 0.587698 0.547668 0.147707 0.029442
8 0.668818 0.595931 0.309948 0.041101
1 0.668818 0.595931 0.309948 0.041101
0 0.264968 0.867830 0.219538 0.264340
0 0.496061 0.867830 0.219538 0.264340
0 0.727153 0.867830 0.219538 0.264340
