5 0.240924 0.021510 0.089893 0.016244
0 0.238880 0.021812 0.085806 0.026999
2 0.331769 0.021812 0.091797 0.029029
2 0.398122 0.021812 0.036822 0.029029
1 0.728114 0.021812 0.165474 0.037532
0 0.766290 0.021812 0.059710 0.029029
0 0.438304 0.073319 0.201188 0.017259
0 0.464844 0.106662 0.082918 0.015228
0 0.733850 0.082805 0.015756 0.030457
0 0.770450 0.082805 0.019531 0.030457
0 0.789547 0.143306 0.017430 0.032487
0 0.226017 0.143306 0.060965 0.032487
0 0.294536 0.143306 0.065175 0.032487
0 0.358624 0.143306 0.052102 0.032487
0 0.419828 0.143306 0.059406 0.032487
0 0.483829 0.143306 0.057699 0.032487
0 0.541844 0.143306 0.047433 0.032487
0 0.588190 0.143306 0.034360 0.032487
0 0.637334 0.143306 0.053030 0.032487
0 0.695973 0.143306 0.053350 0.032487
0 0.232557 0.177824 0.074046 0.032487
0 0.299054 0.177824 0.048049 0.032487
0 0.342203 0.177824 0.027352 0.032487
0 0.393510 0.177824 0.064363 0.032487
0 0.485668 0.177824 0.109055 0.032487
0 0.575425 0.177824 0.059562 0.032487
0 0.634372 0.177824 0.047433 0.032487
0 0.392484 0.509296 0.156472 0.017259
0 0.344173 0.643068 0.048574 0.017259
0 0.305689 0.756773 0.101349 0.017259
0 0.277196 0.781139 0.087809 0.017259
0 0.255966 0.865213 0.111624 0.051808
0 0.274984 0.951523 0.093364 0.017259
0 0.392484 0.951523 0.093364 0.017259
0 0.509983 0.951523 0.093364 0.017259
0 0.703199 0.211628 0.100840 0.017259
0 0.699211 0.521320 0.148355 0.041624
0 0.701184 0.753188 0.126124 0.017259
0 0.657395 0.858534 0.064724 0.025381
0 0.703281 0.858534 0.021156 0.025381
0 0.699838 0.905108 0.149611 0.016244
0 0.670431 0.999643 0.090796 0.000714
0 0.702267 0.999643 0.154469 0.000714
