8 0.496061 0.089340 0.992122 0.178680
0 0.199055 0.134010 0.016807 0.032487
0 0.304269 0.135025 0.189420 0.030457
8 0.496061 0.249746 0.584034 0.064975
1 0.771271 0.249746 0.022059 0.042640
2 0.479779 0.249746 0.550420 0.062944
1 0.751379 0.248731 0.019827 0.040609
0 0.341649 0.550761 0.269958 0.041624
0 0.341649 0.607614 0.269958 0.041624
0 0.341649 0.664467 0.269958 0.041624
0 0.341649 0.721320 0.269958 0.041624
0 0.341649 0.778173 0.269958 0.041624
0 0.341649 0.824365 0.269958 0.020305
0 0.650473 0.563959 0.269958 0.068020
0 0.650473 0.647208 0.269958 0.068020
0 0.650473 0.740609 0.269958 0.088325
0 0.650473 0.834010 0.269958 0.068020
0 0.650473 0.909137 0.269958 0.051777
0 0.970588 0.958376 0.026261 0.050761
0 0.306747 0.961310 0.079225 0.019289
1 0.554207 0.924334 0.099486 0.040609
1 0.657153 0.924334 0.088235 0.040609
1 0.754464 0.924334 0.088235 0.040609
1 0.976366 0.500000 0.021008 0.040609
