0 0.068540 0.035025 0.021008 0.023350
0 0.202879 0.021320 0.120831 0.023350
1 0.267389 0.061421 0.067670 0.012183
1 0.263996 0.061421 0.060883 0.014213
0 0.832996 0.060914 0.014402 0.015228
0 0.860019 0.060914 0.011907 0.015228
0 0.906964 0.060914 0.054244 0.015228
0 0.376900 0.159105 0.043551 0.018274
0 0.517833 0.136041 0.238314 0.042640
0 0.174895 0.208082 0.010504 0.036945
0 0.208114 0.208082 0.033778 0.036945
1 0.264209 0.207067 0.035247 0.034914
1 0.355354 0.207067 0.103877 0.034914
1 0.453396 0.207067 0.049025 0.034914
1 0.534520 0.207067 0.070058 0.034914
1 0.635677 0.207067 0.089089 0.034914
1 0.721704 0.207067 0.039801 0.034914
1 0.792833 0.207067 0.059291 0.034914
0 0.492380 0.573390 0.073242 0.031773
0 0.492384 0.615316 0.035928 0.031773
