8 0.230863 0.043131 0.068343 0.027411
0 0.230863 0.043131 0.068343 0.027411
0 0.731979 0.043639 0.013048 0.024365
0 0.746172 0.043639 0.012039 0.024365
0 0.758871 0.043639 0.010061 0.024365
0 0.773076 0.043639 0.015051 0.024365
0 0.788841 0.043639 0.013179 0.024365
0 0.698160 0.044654 0.022026 0.014213
0 0.346376 0.100674 0.299370 0.057218
5 0.690126 0.071558 0.000525 0.001015
2 0.742910 0.084756 0.105042 0.025381
1 0.699055 0.085969 0.014181 0.025777
1 0.786502 0.083534 0.011555 0.020907
8 0.742910 0.121756 0.105042 0.025555
0 0.742910 0.122264 0.105042 0.024540
8 0.221700 0.200349 0.041204 0.071066
0 0.221700 0.200349 0.040154 0.071066
8 0.273634 0.200349 0.062664 0.071066
0 0.273634 0.200349 0.061614 0.071066
8 0.332253 0.200349 0.054573 0.071066
0 0.332253 0.200349 0.053522 0.071066
8 0.386653 0.200349 0.054228 0.071066
0 0.386653 0.200349 0.053178 0.071066
8 0.437857 0.200349 0.048180 0.071066
0 0.437857 0.200349 0.047129 0.071066
8 0.491211 0.200349 0.058528 0.071066
0 0.491211 0.200349 0.057478 0.071066
0 0.239455 0.415863 0.085527 0.121256
0 0.324982 0.415863 0.085527 0.121256
0 0.410509 0.415863 0.085527 0.121256
0 0.496036 0.424445 0.085527 0.138420
0 0.581563 0.415863 0.085527 0.121256
0 0.667091 0.424445 0.085527 0.138420
0 0.752618 0.424445 0.085527 0.138420
0 0.720194 0.552713 0.149422 0.056440
0 0.720194 0.610176 0.149422 0.056456
0 0.720194 0.667640 0.149422 0.056440
0 0.720194 0.725103 0.149422 0.056456
0 0.720194 0.782567 0.149422 0.056440
0 0.321900 0.658709 0.249368 0.016244
0 0.536999 0.543782 0.165039 0.018274
0 0.535218 0.729362 0.136793 0.019289
0 0.533679 0.753839 0.133715 0.019289
0 0.475602 0.864055 0.025161 0.025381
0 0.782850 0.864055 0.025161 0.025381
0 0.621209 0.926491 0.234539 0.016244
0 0.642697 0.994289 0.277516 0.011421
