0 0.365546 0.047716 0.243172 0.095431
0 0.340849 0.558376 0.146509 0.030457
0 0.490928 0.214721 0.029650 0.019289
0 0.514607 0.234010 0.077009 0.019289
0 0.578441 0.234010 0.036067 0.019289
0 0.493406 0.253299 0.034606 0.019289
0 0.491236 0.272589 0.030265 0.019289
0 0.490784 0.291878 0.029363 0.019289
0 0.507759 0.311168 0.063312 0.019289
0 0.495392 0.330457 0.038578 0.019289
0 0.491490 0.349746 0.030774 0.019289
0 0.491285 0.369036 0.030364 0.019289
0 0.490111 0.388325 0.028017 0.019289
0 0.495372 0.407614 0.038537 0.019289
0 0.490854 0.426904 0.029502 0.019289
0 0.494001 0.446193 0.035796 0.019289
0 0.491121 0.465482 0.030035 0.019289
0 0.491519 0.484772 0.030831 0.019289
0 0.485692 0.504061 0.019178 0.019289
0 0.488786 0.523350 0.025366 0.019289
0 0.503923 0.542640 0.055639 0.019289
0 0.495429 0.561929 0.038652 0.019289
0 0.502368 0.581218 0.052529 0.019289
0 0.553961 0.581218 0.036067 0.019289
0 0.487502 0.600508 0.022797 0.019289
0 0.501502 0.619797 0.050798 0.019289
0 0.491966 0.639086 0.031726 0.019289
0 0.490037 0.658376 0.027869 0.019289
0 0.493488 0.677665 0.034771 0.019289
0 0.494420 0.696954 0.036633 0.019289
0 0.493739 0.716244 0.035271 0.019289
0 0.493935 0.735533 0.035665 0.019289
0 0.487928 0.754822 0.023651 0.019289
0 0.492655 0.774112 0.033105 0.019289
0 0.520126 0.793401 0.088047 0.019289
0 0.592084 0.793401 0.041278 0.019289
0 0.637273 0.793401 0.034508 0.019289
0 0.685124 0.793401 0.046604 0.019289
0 0.490169 0.812690 0.028132 0.019289
0 0.509839 0.831980 0.067473 0.019289
