0 0.513524 0.541117 0.051142 0.019289
1 0.496061 0.630964 0.281513 0.048731
1 0.496061 0.689848 0.281513 0.048731
0 0.496061 0.748731 0.281513 0.048731
0 0.219164 0.029949 0.084862 0.059898
8 0.284730 0.029949 0.039965 0.059898
1 0.284730 0.029949 0.039965 0.059898
1 0.296834 0.030727 0.009454 0.018274
8 0.342478 0.256345 0.174370 0.307614
0 0.342478 0.134010 0.173319 0.024365
0 0.342478 0.164467 0.173319 0.024365
0 0.342478 0.194924 0.173319 0.024365
8 0.342478 0.225888 0.173319 0.001015
0 0.342478 0.256853 0.173319 0.024365
0 0.342478 0.287310 0.173319 0.024365
0 0.342478 0.317766 0.173319 0.024365
0 0.342478 0.348223 0.173319 0.024365
0 0.342478 0.378680 0.173319 0.024365
0 0.346044 0.029949 0.070058 0.059898
0 0.763586 0.029949 0.029092 0.059898
0 0.798336 0.029949 0.034106 0.059898
2 0.470851 0.097454 0.275210 0.048715
1 0.633666 0.097462 0.050420 0.048731
1 0.238971 0.467195 0.149685 0.058883
1 0.409664 0.467195 0.149685 0.058883
0 0.540753 0.801523 0.046317 0.025381
