0 0.051996 0.044075 0.087185 0.037389
0 0.096901 0.188150 0.154937 0.017259
0 0.096901 0.213531 0.154937 0.017259
0 0.096901 0.238912 0.154937 0.017259
0 0.096901 0.264293 0.154937 0.017259
0 0.096901 0.259216 0.154937 0.017259
0 0.096901 0.284597 0.154937 0.017259
0 0.089286 0.279013 0.178571 0.064975
0 0.039223 0.347034 0.061638 0.032487
0 0.096901 0.466323 0.154937 0.017259
0 0.096901 0.491704 0.154937 0.017259
0 0.096901 0.517084 0.154937 0.017259
0 0.096901 0.542465 0.154937 0.017259
8 0.096901 0.537389 0.163340 0.025381
0 0.096901 0.537389 0.154937 0.017259
8 0.096901 0.562770 0.163340 0.025381
0 0.096901 0.562770 0.154937 0.017259
8 0.096901 0.588150 0.163340 0.025381
0 0.096901 0.588150 0.154937 0.017259
1 0.933848 0.021320 0.082934 0.042640
0 0.944615 0.021312 0.061400 0.021716
2 0.389312 0.094924 0.387868 0.039594
8 0.780331 0.094924 0.389968 0.039594
8 0.761423 0.094924 0.352153 0.039594
1 0.761423 0.094924 0.352153 0.039594
8 0.926192 0.094924 0.013163 0.010660
1 0.957458 0.094924 0.035714 0.039594
1 0.227535 0.133399 0.064314 0.021114
0 0.227535 0.133399 0.064314 0.021114
1 0.953379 0.133399 0.043871 0.021114
0 0.561396 0.269845 0.699473 0.030457
0 0.916701 0.269337 0.011136 0.027411
0 0.943277 0.269337 0.021008 0.027411
0 0.240218 0.437865 0.057117 0.019289
2 0.559324 0.529140 0.695329 0.046701
1 0.931698 0.529140 0.044167 0.045685
0 0.788316 0.598683 0.043363 0.019289
0 0.902237 0.598683 0.088613 0.019289
0 0.270483 0.832281 0.123950 0.021320
1 0.270483 0.971724 0.123950 0.056551
1 0.270479 0.978982 0.091247 0.040609
0 0.427915 0.832281 0.123950 0.021320
1 0.427915 0.971724 0.123950 0.056551
1 0.427911 0.978982 0.104443 0.040609
0 0.585347 0.832281 0.123950 0.021320
1 0.585347 0.971724 0.123950 0.056551
1 0.585343 0.978982 0.060916 0.040609
0 0.742778 0.832281 0.123950 0.021320
1 0.742778 0.971724 0.123950 0.056551
1 0.742774 0.978982 0.060916 0.040609
0 0.900210 0.832281 0.123950 0.021320
1 0.900210 0.971724 0.123950 0.056551
1 0.900206 0.978982 0.053974 0.040609
