1 0.250527 0.036660 0.075869 0.024440
0 0.538066 0.036660 0.026821 0.048880
0 0.568337 0.036660 0.025290 0.048880
10 0.568337 0.036660 0.012645 0.024440
1 0.597841 0.036660 0.025290 0.048880
1 0.655196 0.036660 0.080990 0.048880
19 0.719800 0.036660 0.039787 0.036660
1 0.761706 0.036660 0.035597 0.036660
17 0.228814 0.091650 0.049304 0.044807
17 0.282567 0.091650 0.053988 0.044807
17 0.350492 0.091650 0.077648 0.044807
17 0.423530 0.091650 0.064212 0.044807
17 0.491776 0.091650 0.068065 0.044807
17 0.563953 0.091650 0.072074 0.044807
10 0.496048 0.335070 0.758693 0.417595
1 0.239969 0.439998 0.067398 0.048880
2 0.314216 0.534703 0.173744 0.036660
0 0.485651 0.534703 0.148051 0.034623
0 0.644239 0.534703 0.148051 0.034623
0 0.755207 0.534703 0.061240 0.054990
5 0.204426 0.583073 0.000527 0.001018
4 0.251132 0.592748 0.093939 0.020367
10 0.229979 0.734295 0.033720 0.065173
10 0.378030 0.734295 0.033720 0.065173
10 0.526080 0.734295 0.033720 0.065173
10 0.674131 0.734295 0.033720 0.065173
20 0.638040 0.377800 0.018967 0.036660
1 0.500000 0.609980 0.286617 0.048880
