1 0.163593 0.024440 0.025290 0.048880
17 0.220298 0.024440 0.029110 0.048880
17 0.220298 0.024440 0.029110 0.048880
17 0.266699 0.024440 0.034189 0.048880
17 0.266699 0.024440 0.034189 0.048880
17 0.312895 0.024440 0.028698 0.048880
17 0.312895 0.024440 0.028698 0.048880
17 0.364121 0.024440 0.044249 0.048880
17 0.364121 0.024440 0.044249 0.048880
17 0.434388 0.024440 0.066781 0.048880
17 0.434388 0.024440 0.066781 0.048880
17 0.497308 0.024440 0.029554 0.048880
17 0.497308 0.024440 0.029554 0.048880
18 0.703899 0.024440 0.111170 0.020367
18 0.768967 0.024440 0.012645 0.024440
0 0.815859 0.024440 0.050580 0.048880
16 0.803214 0.024440 0.025290 0.048880
0 0.828504 0.024440 0.025290 0.048880
0 0.011591 0.393839 0.015806 0.030550
0 0.203553 0.593686 0.056737 0.043788
0 0.203553 0.593686 0.021964 0.041752
0 0.267761 0.593686 0.054819 0.043788
0 0.267761 0.593686 0.020046 0.041752
10 0.034850 0.373982 0.069701 0.647149
0 0.203553 0.516293 0.056737 0.043788
0 0.203553 0.516293 0.021964 0.041752
0 0.267761 0.516293 0.054819 0.043788
0 0.267761 0.516293 0.020046 0.041752
10 0.693493 0.373982 0.597208 0.647149
0 0.980506 0.393839 0.015806 0.030550
0 0.455743 0.709776 0.004742 0.009165
0 0.464700 0.709776 0.004742 0.009165
0 0.487092 0.709776 0.031612 0.009165
0 0.509484 0.709776 0.004742 0.009165
0 0.518440 0.709776 0.004742 0.009165
0 0.527397 0.709776 0.004742 0.009165
0 0.536354 0.709776 0.004742 0.009165
1 0.276866 0.969196 0.071860 0.061609
10 0.276862 0.969196 0.071852 0.061609
1 0.364533 0.969196 0.071860 0.061609
10 0.364528 0.969196 0.071852 0.061609
1 0.452199 0.969196 0.071860 0.061609
10 0.452195 0.969196 0.071852 0.061609
1 0.539865 0.969196 0.071860 0.061609
16 0.539861 0.969196 0.071852 0.061609
1 0.627531 0.969196 0.071860 0.061609
10 0.627527 0.969196 0.071852 0.061609
1 0.715198 0.969196 0.071860 0.061609
10 0.715194 0.969196 0.071852 0.061609
