0 0.238708 0.036548 0.073529 0.038579
0 0.528731 0.036548 0.064437 0.073096
0 0.588051 0.036548 0.054203 0.073096
0 0.631167 0.036548 0.032030 0.073096
1 0.661888 0.036548 0.029412 0.073096
1 0.661888 0.036548 0.012605 0.024365
0 0.694968 0.036548 0.036748 0.073096
1 0.751760 0.036548 0.076837 0.044670
1 0.751760 0.036548 0.050576 0.017259
2 0.496061 0.384867 0.346639 0.064975
2 0.496061 0.384867 0.346639 0.064975
1 0.651523 0.384867 0.023109 0.044670
1 0.651523 0.384867 0.008403 0.016244
1 0.496057 0.628426 0.173721 0.048731
1 0.496057 0.628426 0.155864 0.019892
1 0.727687 0.734010 0.016807 0.032487
1 0.727687 0.734010 0.007353 0.014213
1 0.748695 0.734010 0.016807 0.032487
1 0.748695 0.734010 0.007353 0.014213
1 0.788344 0.734010 0.045685 0.032487
1 0.788344 0.734010 0.027828 0.015228
0 0.189334 0.808931 0.016799 0.068623
0 0.263290 0.808931 0.089097 0.068623
0 0.346823 0.808931 0.035952 0.068623
0 0.410944 0.808931 0.050272 0.068623
0 0.480547 0.808931 0.046916 0.068623
0 0.549731 0.808931 0.049435 0.068623
0 0.638709 0.808931 0.086504 0.068623
0 0.751793 0.808931 0.097648 0.068623
0 0.837583 0.808931 0.031915 0.068623
0 0.901064 0.808931 0.053030 0.068623
0 0.974293 0.808931 0.051413 0.068623
1 0.757160 0.956932 0.066037 0.044670
1 0.757160 0.956932 0.039776 0.017259
1 0.723346 0.936056 0.081063 0.048731
1 0.805377 0.936056 0.065651 0.048731
1 0.975315 0.961945 0.023109 0.044670
