1 0.981829 0.019488 0.007558 0.014610
0 0.529814 0.058788 0.041886 0.015228
1 0.424657 0.100206 0.060399 0.046891
1 0.493459 0.100206 0.060399 0.046891
1 0.562763 0.100206 0.069804 0.028426
8 0.235302 0.026396 0.045710 0.052792
8 0.216649 0.026396 0.006303 0.012183
1 0.252905 0.026396 0.008403 0.016244
8 0.239721 0.176650 0.063132 0.247716
8 0.239721 0.080203 0.051577 0.038579
0 0.239721 0.080203 0.051577 0.038579
8 0.239721 0.118782 0.051577 0.038579
0 0.239721 0.118782 0.051577 0.038579
8 0.239721 0.157360 0.051577 0.038579
0 0.239721 0.157360 0.051577 0.038579
8 0.239721 0.195939 0.051577 0.038579
0 0.239721 0.195939 0.051577 0.038579
8 0.239721 0.234518 0.051577 0.038579
0 0.239721 0.234518 0.051577 0.038579
8 0.239721 0.273096 0.051577 0.038579
0 0.239721 0.273096 0.051577 0.038579
1 0.300646 0.026396 0.055566 0.052792
0 0.376949 0.026396 0.065528 0.020305
0 0.451910 0.026396 0.050781 0.020305
5 0.693368 0.026396 0.008403 0.034898
2 0.693368 0.026396 0.008403 0.034898
0 0.722468 0.026396 0.018284 0.020305
8 0.763520 0.026396 0.032309 0.052792
1 0.774422 0.026396 0.008403 0.016244
8 0.745991 0.157360 0.093627 0.209137
8 0.745991 0.080203 0.082072 0.038579
0 0.745991 0.080203 0.082072 0.038579
8 0.745991 0.118782 0.082072 0.038579
0 0.745991 0.118782 0.082072 0.038579
8 0.745991 0.157360 0.082072 0.038579
0 0.745991 0.157360 0.082072 0.038579
8 0.745991 0.195939 0.082072 0.038579
0 0.745991 0.195939 0.082072 0.038579
8 0.745991 0.234518 0.082072 0.038579
0 0.745991 0.234518 0.082072 0.038579
0 0.238708 0.091371 0.052521 0.030457
8 0.312233 0.091371 0.063017 0.077157
1 0.331662 0.092386 0.009454 0.018274
8 0.312229 0.563928 0.052513 0.867957
8 0.308290 0.564975 0.044635 0.870051
8 0.308290 0.565482 0.043584 0.869036
1 0.394679 0.327919 0.062081 0.142132
1 0.466817 0.327919 0.065389 0.142132
8 0.375878 0.091371 0.064273 0.077157
1 0.395935 0.092386 0.009454 0.018274
8 0.375878 0.564943 0.053768 0.869987
8 0.375878 0.564943 0.053768 0.869987
1 0.408605 0.174619 0.109769 0.038579
1 0.454561 0.174619 0.009454 0.018274
1 0.408605 0.217259 0.109769 0.038579
1 0.454561 0.217259 0.009454 0.018274
1 0.408605 0.259898 0.109769 0.038579
1 0.454561 0.259898 0.009454 0.018274
0 0.507074 0.240102 0.036748 0.047716
0 0.509310 0.489848 0.041221 0.047716
0 0.560075 0.240102 0.032046 0.047716
0 0.554938 0.467513 0.021772 0.047716
0 0.617622 0.268528 0.031824 0.047716
0 0.620105 0.518274 0.036789 0.047716
0 0.504050 0.831980 0.030700 0.047716
0 0.564810 0.917259 0.041516 0.104569
0 0.620470 0.888832 0.037520 0.104569
0 0.429023 0.091371 0.027311 0.028426
8 0.484010 0.091371 0.067957 0.077157
1 0.505909 0.092386 0.009454 0.018274
8 0.484006 0.563928 0.057453 0.867957
8 0.480067 0.564975 0.049575 0.870051
8 0.480067 0.565482 0.048524 0.869036
0 0.498769 0.276539 0.054006 0.083249
0 0.498769 0.356742 0.054006 0.060914
0 0.498769 0.425777 0.054006 0.060914
0 0.498769 0.483645 0.054006 0.038579
0 0.559529 0.265371 0.050707 0.060914
0 0.559529 0.323239 0.050707 0.038579
0 0.559529 0.381107 0.050707 0.060914
0 0.559529 0.461310 0.050707 0.083249
0 0.559529 0.605473 0.050707 0.083249
0 0.559529 0.696843 0.050707 0.083249
0 0.559529 0.788214 0.050707 0.083249
0 0.559529 0.879584 0.050707 0.083249
0 0.559529 0.964665 0.050707 0.070669
0 0.620027 0.248112 0.053481 0.083249
0 0.620027 0.339483 0.053481 0.083249
0 0.620027 0.419686 0.053481 0.060914
0 0.620027 0.499889 0.053481 0.083249
0 0.620027 0.591260 0.053481 0.083249
0 0.620027 0.682630 0.053481 0.083249
0 0.620027 0.837278 0.053481 0.060914
0 0.620027 0.906313 0.053481 0.060914
0 0.680176 0.225777 0.050010 0.038579
0 0.680176 0.283645 0.050010 0.060914
0 0.680176 0.341513 0.050010 0.038579
0 0.680176 0.399381 0.050010 0.060914
0 0.680176 0.468417 0.050010 0.060914
0 0.680176 0.548620 0.050010 0.083249
1 0.667033 0.091371 0.059546 0.042640
1 0.742442 0.091371 0.074465 0.042640
1 0.434086 0.741624 0.096360 0.069036
1 0.548442 0.741624 0.115546 0.069036
