0 0.251313 0.036548 0.075630 0.024365
1 0.537946 0.036548 0.026736 0.048731
1 0.568121 0.036548 0.025210 0.048731
0 0.597533 0.036548 0.025210 0.048731
0 0.654707 0.036548 0.080735 0.048731
0 0.719107 0.036548 0.039662 0.036548
0 0.760882 0.036548 0.035485 0.036548
0 0.229669 0.091371 0.049148 0.044670
0 0.283252 0.091371 0.053818 0.044670
0 0.350963 0.091371 0.077403 0.044670
0 0.423771 0.091371 0.064010 0.044670
0 0.491802 0.091371 0.067851 0.044670
0 0.563751 0.091371 0.071847 0.044670
2 0.314802 0.360406 0.173196 0.036548
1 0.485696 0.360406 0.147584 0.034518
1 0.643784 0.360406 0.147584 0.034518
1 0.754403 0.360406 0.061047 0.054822
6 0.205357 0.408629 0.000525 0.001015
5 0.251916 0.418274 0.093643 0.020305
0 0.242368 0.967513 0.056690 0.036548
0 0.558179 0.947208 0.097976 0.036548
1 0.206145 0.913706 0.018908 0.036548
1 0.785977 0.913706 0.018908 0.036548
1 0.637605 0.378173 0.018908 0.036548
0 0.500000 0.609645 0.285714 0.048731
