1 0.749188 0.029188 0.063780 0.025888
1 0.975315 0.027665 0.016807 0.032487
1 0.680717 0.071066 0.022576 0.021320
1 0.734137 0.071066 0.067457 0.021320
11 0.792472 0.071066 0.032407 0.021320
1 0.835211 0.071066 0.036264 0.021320
11 0.878484 0.071066 0.033474 0.021320
1 0.123162 0.116965 0.052521 0.072510
11 0.299362 0.127625 0.103171 0.093829
11 0.402537 0.127625 0.052759 0.093829
11 0.481133 0.127625 0.054015 0.093829
11 0.562438 0.127625 0.058175 0.093829
1 0.639119 0.127625 0.044766 0.093829
1 0.793252 0.127110 0.066792 0.043655
1 0.865136 0.127110 0.060169 0.043655
2 0.447820 0.584438 0.218643 0.048731
1 0.610635 0.584438 0.085979 0.048731
1 0.489479 0.627586 0.050502 0.023858
1 0.932158 0.959391 0.103122 0.048731
1 0.005515 0.009137 0.011029 0.018274
