1 0.982323 0.888991 0.012605 0.024365
0 0.800728 0.933391 0.051167 0.020305
0 0.596302 0.029949 0.083640 0.017259
11 0.333221 0.118274 0.049321 0.050761
8 0.333221 0.117259 0.049321 0.015228
0 0.359112 0.159898 0.101103 0.032487
11 0.359112 0.165990 0.092700 0.020305
0 0.359112 0.192386 0.101103 0.032487
11 0.359112 0.198477 0.092700 0.020305
0 0.359112 0.224873 0.101103 0.032487
11 0.359112 0.230964 0.092700 0.020305
0 0.359112 0.257360 0.101103 0.032487
11 0.359112 0.263452 0.092700 0.020305
0 0.359112 0.289848 0.101103 0.032487
11 0.359112 0.295939 0.092700 0.020305
11 0.382624 0.118274 0.015871 0.050761
0 0.382624 0.118274 0.015871 0.050761
11 0.418908 0.118274 0.023085 0.050761
0 0.418908 0.118274 0.023085 0.050761
11 0.471072 0.118274 0.047630 0.050761
8 0.471072 0.117259 0.047630 0.015228
0 0.489877 0.159898 0.085240 0.032487
11 0.489877 0.165990 0.076837 0.020305
0 0.489877 0.192386 0.085240 0.032487
11 0.489877 0.198477 0.076837 0.020305
0 0.489877 0.224873 0.085240 0.032487
11 0.489877 0.230964 0.076837 0.020305
0 0.489877 0.257360 0.085240 0.032487
11 0.489877 0.263452 0.076837 0.020305
0 0.489877 0.289848 0.085240 0.032487
11 0.489877 0.295939 0.076837 0.020305
0 0.489877 0.322335 0.085240 0.032487
11 0.489877 0.328426 0.076837 0.020305
11 0.522005 0.118274 0.020623 0.050761
0 0.522005 0.118274 0.020623 0.050761
11 0.567288 0.118274 0.036330 0.050761
0 0.567288 0.118274 0.036330 0.050761
8 0.707737 0.117259 0.031480 0.015228
0 0.727896 0.159898 0.071798 0.032487
11 0.727896 0.165990 0.063394 0.020305
0 0.727896 0.192386 0.071798 0.032487
11 0.727896 0.198477 0.063394 0.020305
11 0.762605 0.118274 0.058298 0.050761
0 0.762605 0.118274 0.058298 0.050761
0 0.496057 0.358883 0.101883 0.078173
1 0.496061 0.595431 0.094292 0.061929
