0 0.000263 0.000508 0.000525 0.001015
0 0.213293 0.020305 0.079422 0.040609
0 0.301594 0.020305 0.092979 0.040609
0 0.378553 0.020305 0.056739 0.040609
0 0.696466 0.021320 0.018407 0.040609
0 0.715533 0.020305 0.019728 0.040609
0 0.774595 0.020305 0.098395 0.040609
0 0.496061 0.127268 0.204832 0.019289
8 0.496061 0.219432 0.634454 0.032773
11 0.374286 0.219432 0.084395 0.032773
1 0.370880 0.219432 0.077583 0.032773
11 0.248293 0.272795 0.165179 0.073953
0 0.248293 0.272795 0.144170 0.033344
11 0.413472 0.272795 0.165179 0.073953
0 0.413472 0.272795 0.144170 0.033344
11 0.578650 0.272795 0.165179 0.073953
0 0.578650 0.272795 0.144170 0.033344
11 0.743829 0.272795 0.165179 0.073953
0 0.743829 0.272795 0.144170 0.033344
11 0.248293 0.346748 0.165179 0.073953
0 0.248293 0.346748 0.144170 0.033344
11 0.413472 0.346748 0.165179 0.073953
0 0.413472 0.346748 0.144170 0.033344
11 0.578650 0.346748 0.165179 0.073953
0 0.578650 0.346748 0.144170 0.033344
11 0.743829 0.346748 0.165179 0.073953
0 0.743829 0.346748 0.144170 0.033344
11 0.248293 0.420701 0.165179 0.073953
0 0.248293 0.420701 0.144170 0.033344
11 0.413472 0.420701 0.165179 0.073953
0 0.413472 0.420701 0.144170 0.033344
11 0.578650 0.420701 0.165179 0.073953
0 0.578650 0.420701 0.144170 0.033344
11 0.743829 0.420701 0.165179 0.073953
0 0.743829 0.420701 0.144170 0.033344
11 0.248293 0.494654 0.165179 0.073953
0 0.248293 0.494654 0.144170 0.033344
11 0.413472 0.494654 0.165179 0.073953
0 0.413472 0.494654 0.144170 0.033344
11 0.578650 0.494654 0.165179 0.073953
0 0.578650 0.494654 0.144170 0.033344
11 0.743829 0.494654 0.165179 0.073953
0 0.743829 0.494654 0.144170 0.033344
1 0.496061 0.558027 0.058774 0.032487
11 0.467814 0.219432 0.102662 0.032773
1 0.464409 0.219432 0.095851 0.032773
11 0.248293 0.436310 0.165179 0.400984
0 0.248293 0.272795 0.144170 0.033344
11 0.248293 0.319845 0.144170 0.024207
0 0.207848 0.319416 0.047523 0.019289
11 0.248293 0.344051 0.144170 0.024207
0 0.203786 0.343623 0.039399 0.019289
11 0.248293 0.368258 0.144170 0.024207
0 0.227145 0.367830 0.086118 0.019289
11 0.248293 0.392465 0.144170 0.024207
0 0.225102 0.392037 0.082031 0.019289
11 0.248293 0.416672 0.144170 0.024207
0 0.222439 0.416244 0.076705 0.019289
11 0.248293 0.440879 0.144170 0.024207
0 0.214815 0.440451 0.061458 0.019289
11 0.248293 0.465086 0.144170 0.024207
0 0.244584 0.464657 0.120995 0.019289
11 0.248293 0.501396 0.144170 0.048414
0 0.232471 0.500968 0.096770 0.043496
11 0.248293 0.537706 0.144170 0.024207
0 0.250554 0.537278 0.132936 0.019289
11 0.248293 0.561913 0.144170 0.024207
0 0.226066 0.561485 0.083960 0.019289
11 0.248293 0.586120 0.144170 0.024207
0 0.229349 0.585692 0.090525 0.019289
11 0.413472 0.363690 0.165179 0.255742
0 0.413472 0.272795 0.144170 0.033344
11 0.413472 0.319845 0.144170 0.024207
0 0.387507 0.319416 0.076484 0.019289
11 0.413472 0.344051 0.144170 0.024207
0 0.386202 0.343623 0.073874 0.019289
11 0.413472 0.380362 0.144170 0.048414
0 0.412684 0.379933 0.126838 0.043496
11 0.413472 0.416672 0.144170 0.024207
0 0.403714 0.416244 0.108899 0.019289
11 0.413472 0.440879 0.144170 0.024207
0 0.403234 0.440451 0.107939 0.019289
11 0.578650 0.340815 0.165179 0.209994
0 0.578650 0.409343 0.144170 0.032329
1 0.496061 0.663198 0.058774 0.032487
11 0.559103 0.219432 0.079914 0.032773
1 0.555697 0.219432 0.073103 0.032773
11 0.248293 0.272795 0.165179 0.073953
0 0.248293 0.272795 0.144170 0.033344
11 0.413472 0.272795 0.165179 0.073953
0 0.413472 0.272795 0.144170 0.033344
11 0.578650 0.272795 0.165179 0.073953
0 0.578650 0.272795 0.144170 0.033344
11 0.743829 0.272795 0.165179 0.073953
0 0.743829 0.272795 0.144170 0.033344
11 0.248293 0.346748 0.165179 0.073953
0 0.248293 0.346748 0.144170 0.033344
1 0.496061 0.410121 0.058774 0.032487
11 0.621139 0.219432 0.044159 0.032773
1 0.617733 0.219432 0.037347 0.032773
11 0.248293 0.363690 0.165179 0.255742
0 0.248293 0.272795 0.144170 0.033344
11 0.248293 0.319845 0.144170 0.024207
0 0.222283 0.319416 0.076393 0.019289
11 0.248293 0.344051 0.144170 0.024207
0 0.232980 0.343623 0.097788 0.019289
11 0.248293 0.368258 0.144170 0.024207
0 0.221171 0.367830 0.074170 0.019289
11 0.248293 0.392465 0.144170 0.024207
0 0.229418 0.392037 0.090664 0.019289
11 0.248293 0.416672 0.144170 0.024207
0 0.240165 0.416244 0.112157 0.019289
11 0.248293 0.440879 0.144170 0.024207
0 0.243299 0.440451 0.118427 0.019289
11 0.413472 0.351586 0.165179 0.231536
0 0.413472 0.272795 0.144170 0.033344
11 0.413472 0.319845 0.144170 0.024207
0 0.389337 0.319416 0.080144 0.019289
11 0.413472 0.344051 0.144170 0.024207
0 0.399069 0.343623 0.099609 0.019289
11 0.413472 0.368258 0.144170 0.024207
0 0.363269 0.367830 0.028008 0.019289
11 0.413472 0.392465 0.144170 0.024207
0 0.384811 0.392037 0.071092 0.019289
11 0.413472 0.416672 0.144170 0.024207
0 0.405811 0.416244 0.113093 0.019289
11 0.578650 0.363690 0.165179 0.255742
0 0.578650 0.272795 0.144170 0.033344
11 0.578650 0.319845 0.144170 0.024207
0 0.550326 0.319416 0.071765 0.019289
11 0.578650 0.344051 0.144170 0.024207
0 0.558200 0.343623 0.087513 0.019289
11 0.578650 0.380362 0.144170 0.048414
0 0.566620 0.379933 0.104353 0.043496
11 0.578650 0.428775 0.144170 0.048414
0 0.563501 0.428347 0.098116 0.043496
11 0.743829 0.340815 0.165179 0.209994
0 0.743829 0.409343 0.144170 0.032329
11 0.248293 0.528537 0.165179 0.073953
0 0.248293 0.528537 0.144170 0.033344
11 0.413472 0.528537 0.165179 0.073953
0 0.413472 0.528537 0.144170 0.033344
11 0.578650 0.528537 0.165179 0.073953
0 0.578650 0.528537 0.144170 0.033344
1 0.496061 0.591910 0.058774 0.032487
1 0.651622 0.219432 0.016807 0.032773
1 0.651622 0.219289 0.016807 0.032487
0 0.279321 0.586263 0.083279 0.019289
0 0.496049 0.586263 0.125419 0.019289
0 0.712784 0.586263 0.135061 0.019289
9 0.496061 0.814626 0.787815 0.370749
0 0.230978 0.645495 0.099035 0.032487
0 0.323948 0.753918 0.284976 0.135628
0 0.984638 0.645495 0.030725 0.032487
0 0.984638 0.753918 0.030725 0.135628
0 0.902307 0.950841 0.080431 0.047557
