0 0.244576 0.032995 0.059004 0.019289
0 0.513660 0.032995 0.038414 0.019289
0 0.571749 0.032995 0.035747 0.019289
0 0.640005 0.032995 0.058750 0.019289
0 0.723214 0.032995 0.065651 0.019289
0 0.623096 0.197446 0.084805 0.019289
0 0.690327 0.197446 0.041582 0.019289
0 0.490850 0.210668 0.529494 0.045733
0 0.288923 0.223890 0.035846 0.019289
0 0.320005 0.223890 0.018243 0.019289
0 0.347353 0.223890 0.028378 0.019289
0 0.423894 0.223890 0.116629 0.019289
0 0.542620 0.223890 0.112748 0.019289
0 0.661186 0.223890 0.116309 0.019289
0 0.618246 0.276777 0.040753 0.019289
0 0.248470 0.404140 0.058389 0.019289
0 0.732319 0.397636 0.078445 0.019289
1 0.732319 0.398652 0.078445 0.039594
0 0.732319 0.435707 0.044421 0.016244
0 0.247489 0.544940 0.058528 0.019289
0 0.732237 0.538388 0.078445 0.019289
1 0.732237 0.539404 0.078445 0.039594
0 0.732237 0.576459 0.044421 0.016244
0 0.248470 0.679727 0.058389 0.019289
0 0.732319 0.679140 0.074654 0.019289
1 0.732319 0.680155 0.074654 0.039594
0 0.732319 0.717211 0.023987 0.016244
0 0.296969 0.927284 0.157489 0.050952
0 0.447290 0.914499 0.062484 0.025381
0 0.647166 0.914499 0.066570 0.025381
0 0.010504 0.560914 0.016807 0.032487
