20 0.982268 0.888652 0.012645 0.024440
1 0.803259 0.933188 0.051329 0.020367
1 0.596607 0.030041 0.083904 0.017312
10 0.242887 0.118635 0.092202 0.034623
17 0.332694 0.118635 0.049476 0.050916
17 0.358667 0.160387 0.101423 0.032587
17 0.358667 0.166497 0.092993 0.020367
17 0.358667 0.192974 0.101423 0.032587
17 0.358667 0.199084 0.092993 0.020367
17 0.358667 0.225560 0.101423 0.032587
17 0.358667 0.231670 0.092993 0.020367
17 0.358667 0.258147 0.101423 0.032587
17 0.358667 0.264257 0.092993 0.020367
17 0.358667 0.290733 0.101423 0.032587
17 0.358667 0.296843 0.092993 0.020367
17 0.382253 0.118635 0.015921 0.050916
1 0.382253 0.118635 0.015921 0.050916
17 0.418652 0.118635 0.023158 0.050916
1 0.418652 0.118635 0.023158 0.050916
17 0.470981 0.118635 0.047781 0.050916
17 0.489845 0.160387 0.085509 0.032587
17 0.489845 0.166497 0.077079 0.020367
17 0.489845 0.192974 0.085509 0.032587
17 0.489845 0.199084 0.077079 0.020367
17 0.489845 0.225560 0.085509 0.032587
17 0.489845 0.231670 0.077079 0.020367
17 0.489845 0.258147 0.085509 0.032587
17 0.489845 0.264257 0.077079 0.020367
17 0.489845 0.290733 0.085509 0.032587
17 0.489845 0.296843 0.077079 0.020367
17 0.489845 0.323320 0.085509 0.032587
17 0.489845 0.329430 0.077079 0.020367
17 0.522075 0.118635 0.020688 0.050916
1 0.522075 0.118635 0.020688 0.050916
17 0.567501 0.118635 0.036445 0.050916
1 0.567501 0.118635 0.036445 0.050916
17 0.728616 0.160387 0.072025 0.032587
17 0.728616 0.166497 0.063595 0.020367
17 0.728616 0.192974 0.072025 0.032587
17 0.728616 0.199084 0.063595 0.020367
17 0.763435 0.118635 0.058483 0.050916
1 0.763435 0.118635 0.058483 0.050916
1 0.496044 0.359980 0.102205 0.078411
0 0.496048 0.597251 0.094590 0.062118
