0 0.153099 0.046701 0.018908 0.036548
1 0.205804 0.044670 0.061294 0.040609
1 0.283273 0.044670 0.089442 0.040609
1 0.364085 0.044670 0.067982 0.040609
1 0.430172 0.044670 0.059989 0.040609
1 0.497173 0.044670 0.069812 0.040609
1 0.776203 0.044670 0.144548 0.048731
1 0.740645 0.044670 0.063977 0.048731
1 0.812919 0.044670 0.071117 0.048731
1 0.496057 0.506853 0.075491 0.043845
1 0.496057 0.506853 0.075491 0.043845
1 0.496057 0.506853 0.075491 0.043845
1 0.496057 0.506853 0.075491 0.043845
0 0.458500 0.911485 0.068031 0.047081
0 0.532173 0.911485 0.070912 0.047081
0 0.933298 0.870051 0.050420 0.129949
0 0.439268 0.944670 0.117622 0.017259
1 0.725615 0.935025 0.145935 0.048731
1 0.692859 0.935025 0.055213 0.048731
1 0.757423 0.935025 0.057108 0.048731
1 0.811187 0.935025 0.025210 0.048731
1 0.811187 0.935025 0.012605 0.024365
