0 0.164653 0.024365 0.025210 0.048731
11 0.221179 0.024365 0.029018 0.048731
0 0.221179 0.024365 0.029018 0.048731
11 0.267435 0.024365 0.034081 0.048731
0 0.267435 0.024365 0.034081 0.048731
11 0.313485 0.024365 0.028608 0.048731
0 0.313485 0.024365 0.028608 0.048731
11 0.364549 0.024365 0.044109 0.048731
0 0.364549 0.024365 0.044109 0.048731
11 0.434595 0.024365 0.066570 0.048731
0 0.434595 0.024365 0.066570 0.048731
11 0.497317 0.024365 0.029461 0.048731
0 0.497317 0.024365 0.029461 0.048731
2 0.703256 0.024365 0.110819 0.020305
1 0.768120 0.024365 0.012605 0.024365
1 0.814863 0.024365 0.050420 0.048731
1 0.802258 0.024365 0.025210 0.048731
1 0.827468 0.024365 0.025210 0.048731
1 0.011555 0.392640 0.015756 0.030457
1 0.203531 0.490355 0.054646 0.043655
1 0.203531 0.490355 0.019983 0.041624
1 0.980567 0.392640 0.015756 0.030457
12 0.496061 0.707107 0.992122 0.016244
1 0.469275 0.707614 0.031513 0.009137
1 0.491597 0.707614 0.004727 0.009137
1 0.500525 0.707614 0.004727 0.009137
1 0.509454 0.707614 0.004727 0.009137
1 0.518382 0.707614 0.004727 0.009137
1 0.527311 0.707614 0.004727 0.009137
1 0.536239 0.707614 0.004727 0.009137
0 0.277569 0.967766 0.071634 0.064467
0 0.364959 0.967766 0.071634 0.064467
0 0.452349 0.967766 0.071634 0.064467
0 0.539740 0.967766 0.071634 0.064467
0 0.627130 0.967766 0.071634 0.064467
0 0.714520 0.967766 0.071634 0.064467
0 0.637248 0.206615 0.077608 0.017259
0 0.529207 0.249254 0.065011 0.017259
1 0.454073 0.308439 0.076623 0.046288
1 0.541467 0.308439 0.083459 0.046288
1 0.695116 0.124365 0.023109 0.044670
