17 0.015806 0.034623 0.031612 0.069246
17 0.022129 0.034623 0.018967 0.036660
17 0.022129 0.034623 0.010537 0.020367
17 0.086934 0.034623 0.093783 0.069246
17 0.086934 0.034623 0.093783 0.036660
0 0.411280 0.034623 0.086143 0.038697
1 0.411280 0.086558 0.140411 0.048880
1 0.411280 0.151731 0.140411 0.048880
1 0.411280 0.200611 0.140411 0.048880
1 0.411280 0.249491 0.140411 0.048880
1 0.475785 0.034623 0.042866 0.038697
1 0.522186 0.034623 0.049937 0.038697
0 0.585522 0.034623 0.076734 0.038697
1 0.585518 0.086558 0.093388 0.048880
1 0.585518 0.135438 0.093388 0.048880
1 0.585518 0.184318 0.093388 0.048880
1 0.585518 0.233198 0.093388 0.048880
17 0.966807 0.034623 0.050580 0.069246
17 0.966807 0.034623 0.050580 0.069246
17 0.948894 0.034623 0.014752 0.028513
19 0.948894 0.034623 0.014752 0.028513
19 0.948894 0.034623 0.014752 0.028513
18 0.972076 0.034623 0.014752 0.028513
17 0.972076 0.034623 0.014752 0.028513
10 0.496048 0.391039 0.992097 0.782077
10 0.496048 0.391039 0.992097 0.782077
10 0.500000 0.401356 1.000000 0.802712
10 0.496048 0.391039 0.992097 0.782077
10 0.496048 0.391039 0.992097 0.782077
10 0.496048 0.391039 0.992097 0.782077
10 0.496048 0.391039 0.992097 0.782077
10 0.496048 0.391039 0.992097 0.782077
1 0.271635 0.519348 0.326660 0.156823
0 0.113573 0.702648 0.010537 0.024440
0 0.124111 0.702648 0.010537 0.024440
0 0.140971 0.702648 0.023182 0.024440
0 0.157831 0.702648 0.010537 0.024440
0 0.168368 0.702648 0.010537 0.024440
0 0.178905 0.702648 0.010537 0.024440
0 0.189443 0.702648 0.010537 0.024440
0 0.199980 0.702648 0.010537 0.024440
0 0.063685 0.804481 0.089173 0.036660
0 0.856658 0.857434 0.054334 0.036660
1 0.200462 0.960285 0.184380 0.079430
1 0.397487 0.960285 0.184380 0.079430
1 0.594511 0.960285 0.184380 0.079430
1 0.791536 0.960285 0.184380 0.079430
1 0.948186 0.960285 0.103629 0.079430
1 0.562311 0.270558 0.050629 0.017312
0 0.496048 0.362716 0.304531 0.061100
0 0.403286 0.356606 0.084299 0.048880
0 0.493908 0.356606 0.084299 0.048880
0 0.586666 0.356606 0.088572 0.048880
