0 0.012118 0.015275 0.016860 0.016293
0 0.209958 0.030550 0.068493 0.032587
1 0.289836 0.030550 0.057544 0.032587
1 0.352291 0.030550 0.050505 0.032587
1 0.734066 0.030550 0.075680 0.048880
1 0.800468 0.030550 0.031834 0.032587
10 0.496048 0.318359 0.490516 0.533287
7 0.496048 0.482688 0.315068 0.114053
0 0.635669 0.505092 0.023182 0.044807
1 0.496048 0.565173 0.102592 0.024440
1 0.234721 0.847752 0.110643 0.304497
10 0.234721 0.802428 0.110643 0.213849
1 0.365385 0.847752 0.110643 0.304497
10 0.365385 0.802428 0.110643 0.213849
1 0.496048 0.847760 0.110643 0.304481
10 0.496048 0.802444 0.110643 0.213849
1 0.626712 0.847752 0.110643 0.304497
10 0.626712 0.802428 0.110643 0.213849
1 0.757376 0.847752 0.110643 0.304497
10 0.757376 0.802428 0.110643 0.213849
4 0.053741 0.010692 0.107482 0.019348
3 0.053741 0.010692 0.107482 0.021385
