0 0.113445 0.034518 0.049895 0.038579
8 0.161990 0.031980 0.043075 0.063959
0 0.165667 0.034208 0.035722 0.037960
8 0.412027 0.091371 0.672269 0.054822
0 0.153567 0.091371 0.134339 0.034518
0 0.295849 0.091371 0.150226 0.034518
0 0.423032 0.091371 0.104139 0.034518
0 0.516072 0.091371 0.081941 0.034518
0 0.601070 0.091371 0.088055 0.034518
0 0.212308 0.034208 0.038734 0.037960
0 0.270729 0.034208 0.059283 0.037960
0 0.262104 0.381678 0.236345 0.231980
1 0.262104 0.528125 0.138655 0.060914
1 0.262104 0.534216 0.126050 0.048731
1 0.262104 0.534216 0.126050 0.048731
1 0.262100 0.535232 0.048360 0.016244
0 0.176996 0.910612 0.202206 0.178775
0 0.389706 0.910612 0.202206 0.178775
0 0.602416 0.910612 0.202206 0.178775
0 0.815126 0.910612 0.202206 0.178775
0 0.425375 0.969036 0.015732 0.019289
1 0.697742 0.954822 0.126050 0.048731
1 0.934111 0.266244 0.008403 0.016244
