1 0.068230 0.039715 0.092202 0.025458
10 0.068230 0.039715 0.092202 0.025458
18 0.433087 0.038697 0.013172 0.036660
18 0.496048 0.039715 0.151739 0.042770
0 0.864314 0.039715 0.027397 0.021385
10 0.864314 0.039715 0.014752 0.021385
0 0.890658 0.039715 0.025290 0.026540
1 0.920294 0.039715 0.033983 0.019953
0 0.920294 0.039715 0.033983 0.019953
1 0.956788 0.039715 0.039005 0.019953
0 0.956788 0.039715 0.039005 0.019953
0 0.496048 0.608357 0.050580 0.048880
10 0.496048 0.608357 0.048472 0.044807
10 0.253161 0.724033 0.020021 0.038697
0 0.216807 0.840695 0.092729 0.030550
0 0.216807 0.964549 0.111697 0.055053
0 0.216807 0.996038 0.111697 0.007924
1 0.297958 0.744702 0.012670 0.047448
1 0.343281 0.744702 0.065332 0.047448
1 0.410494 0.744702 0.056449 0.047448
1 0.473735 0.744702 0.057388 0.047448
0 0.646766 0.744702 0.015806 0.030550
0 0.664647 0.744702 0.015806 0.030550
1 0.382113 0.890323 0.180980 0.219355
10 0.382113 0.890323 0.180980 0.219355
1 0.582060 0.890323 0.180980 0.219355
10 0.582060 0.890323 0.180980 0.219355
1 0.782007 0.890323 0.180980 0.219355
10 0.782007 0.890323 0.180980 0.219355
1 0.945732 0.890323 0.108535 0.219355
10 0.945732 0.890323 0.108535 0.219355
1 0.760274 0.772912 0.137513 0.079430
10 0.712065 0.772912 0.031612 0.061100
1 0.760274 0.860680 0.137513 0.083885
10 0.712065 0.858452 0.031612 0.061100
1 0.760274 0.950675 0.137513 0.083885
10 0.712065 0.948447 0.031612 0.061100
1 0.760274 0.999364 0.137513 0.001273
