0 0.198792 0.056345 0.126050 0.112690
0 0.306632 0.048731 0.057773 0.048731
0 0.312012 0.082741 0.047015 0.015228
1 0.398544 0.139594 0.236345 0.072081
2 0.398544 0.142640 0.236345 0.063959
1 0.398544 0.209137 0.236345 0.048731
0 0.397231 0.263452 0.233718 0.051777
0 0.397231 0.315228 0.233718 0.051777
0 0.397231 0.367005 0.233718 0.051777
0 0.397231 0.418782 0.233718 0.051777
0 0.397231 0.470558 0.233718 0.051777
0 0.397231 0.522335 0.233718 0.051777
0 0.397231 0.574112 0.233718 0.051777
0 0.397231 0.625888 0.233718 0.051777
0 0.397231 0.677665 0.233718 0.051777
0 0.397231 0.729442 0.233718 0.051777
0 0.397231 0.781218 0.233718 0.051777
0 0.397231 0.832995 0.233718 0.051777
0 0.397231 0.884772 0.233718 0.051777
0 0.397231 0.936548 0.233718 0.051777
0 0.397231 0.981218 0.233718 0.037563
1 0.533523 0.144162 0.021008 0.040609
0 0.360241 0.046193 0.029486 0.043655
0 0.362571 0.082741 0.034147 0.019289
0 0.395746 0.082741 0.021698 0.019289
5 0.438025 0.032995 0.000525 0.001015
2 0.506040 0.057868 0.136555 0.050761
1 0.568015 0.051777 0.031513 0.060914
0 0.621061 0.052792 0.031513 0.073096
0 0.666229 0.052792 0.031513 0.073096
0 0.711660 0.052792 0.037290 0.073096
0 0.756565 0.052792 0.031513 0.073096
0 0.803309 0.052792 0.031513 0.073096
0 0.846376 0.052792 0.031513 0.073096
0 0.221171 0.410152 0.170808 0.050761
0 0.583078 0.410152 0.056074 0.030457
0 0.657625 0.410152 0.082515 0.030457
0 0.734658 0.410152 0.061047 0.030457
0 0.813394 0.410152 0.085921 0.030457
0 0.313288 0.660914 0.355042 0.395939
0 0.163078 0.695431 0.022059 0.036548
0 0.205722 0.695431 0.057978 0.019289
0 0.313288 0.790863 0.322479 0.136041
0 0.587447 0.556853 0.172269 0.187817
0 0.587447 0.764975 0.172269 0.187817
0 0.221901 0.939594 0.172269 0.120812
0 0.404674 0.939594 0.172269 0.120812
0 0.587447 0.939594 0.172269 0.120812
0 0.767595 0.497462 0.167017 0.069036
0 0.767595 0.586802 0.167017 0.069036
0 0.767595 0.676142 0.167017 0.069036
0 0.767595 0.765482 0.167017 0.069036
0 0.767595 0.854822 0.167017 0.069036
0 0.767595 0.944162 0.167017 0.069036
0 0.767595 0.998985 0.167017 0.002030
0 0.962973 0.942640 0.032038 0.063959
0 0.470190 0.308122 0.431452 0.039594
0 0.484539 0.744670 0.460150 0.039594
1 0.495536 0.750761 0.526261 0.057868
1 0.309907 0.756853 0.110885 0.045685
1 0.689761 0.756853 0.093693 0.045685
