1 0.584756 0.029442 0.084034 0.032487
1 0.659943 0.029442 0.053736 0.040609
1 0.697315 0.029442 0.008403 0.021320
0 0.057453 0.081726 0.081293 0.021320
0 0.141540 0.081726 0.061671 0.021320
0 0.214499 0.081726 0.059037 0.021320
0 0.276704 0.081726 0.040162 0.021320
0 0.072479 0.158368 0.111345 0.041640
2 0.382936 0.158376 0.454947 0.024365
1 0.621964 0.158376 0.021008 0.040609
0 0.680680 0.158376 0.062812 0.042640
13 0.657678 0.158376 0.016807 0.028426
0 0.758461 0.158376 0.059135 0.024365
13 0.737296 0.158376 0.016807 0.017259
0 0.833964 0.158376 0.058257 0.021320
1 0.901211 0.158376 0.042624 0.028426
13 0.888303 0.158376 0.016807 0.028426
0 0.957323 0.158376 0.035985 0.029442
13 0.947733 0.158376 0.016807 0.029442
11 0.496061 0.227411 0.958508 0.056853
0 0.034963 0.226396 0.036313 0.054822
0 0.088010 0.226396 0.069779 0.054822
0 0.181542 0.226396 0.117286 0.054822
0 0.291455 0.226396 0.102539 0.054822
0 0.380728 0.226396 0.076008 0.054822
0 0.455140 0.226396 0.072815 0.054822
0 0.537499 0.226396 0.091904 0.054822
0 0.610060 0.226396 0.053219 0.054822
0 0.695596 0.226396 0.117852 0.054822
0 0.778727 0.226396 0.048410 0.054822
0 0.852818 0.226396 0.099774 0.054822
0 0.939010 0.226396 0.072610 0.054822
1 0.023634 0.286294 0.013655 0.026396
0 0.608382 0.286294 0.039555 0.024365
0 0.605625 0.286294 0.039555 0.024365
1 0.968487 0.286294 0.013655 0.026396
1 0.390998 0.568115 0.046456 0.048731
1 0.459415 0.568115 0.077772 0.048731
1 0.564478 0.568115 0.119748 0.048731
1 0.029412 0.940799 0.025210 0.048731
1 0.962710 0.940799 0.025210 0.048731
1 0.950409 0.968528 0.070821 0.038579
