1 0.059536 0.040733 0.089568 0.081466
10 0.059532 0.040327 0.089560 0.058252
0 0.156538 0.040733 0.045426 0.081466
0 0.210369 0.040733 0.047484 0.081466
0 0.265506 0.040733 0.048036 0.081466
18 0.494213 0.040733 0.329294 0.028513
0 0.666499 0.040733 0.015279 0.036660
18 0.684940 0.040733 0.021602 0.036660
0 0.901784 0.040733 0.043442 0.038697
0 0.954376 0.040733 0.045937 0.038697
0 0.136706 0.526270 0.071621 0.040733
1 0.192979 0.922098 0.154661 0.155804
10 0.192979 0.922098 0.154661 0.155804
1 0.358704 0.922098 0.154661 0.155804
10 0.358704 0.922098 0.154661 0.155804
1 0.524434 0.922098 0.154669 0.155804
10 0.524434 0.922098 0.154669 0.155804
