0 0.111870 0.028426 0.071954 0.054822
0 0.216563 0.028426 0.103819 0.054822
11 0.293777 0.026396 0.048508 0.052792
1 0.295353 0.026904 0.051659 0.051777
11 0.343631 0.026396 0.047458 0.052792
1 0.345207 0.026904 0.050609 0.051777
11 0.388713 0.024873 0.038964 0.049746
0 0.388713 0.025381 0.034762 0.048731
11 0.433200 0.026396 0.046268 0.052792
1 0.434775 0.026904 0.049419 0.051777
0 0.501128 0.026904 0.065889 0.031472
1 0.831641 0.026904 0.059784 0.051777
0 0.889144 0.027411 0.054170 0.048731
1 0.354623 0.438579 0.557461 0.048731
1 0.107405 0.438579 0.063025 0.048731
1 0.191669 0.438579 0.088695 0.048731
0 0.774792 0.292378 0.282875 0.440593
1 0.178965 0.859391 0.202994 0.281218
1 0.390362 0.859391 0.202994 0.281218
1 0.601759 0.859391 0.202994 0.281218
1 0.813157 0.859391 0.202994 0.281218
