1 0.237719 0.908629 0.053169 0.044670
1 0.500000 0.708629 0.013655 0.026396
0 0.192621 0.019797 0.047006 0.017259
0 0.272843 0.150761 0.207450 0.163452
0 0.269658 0.275635 0.201082 0.041624
0 0.258498 0.382297 0.160903 0.017259
0 0.272543 0.471637 0.188994 0.041624
0 0.556280 0.182265 0.321954 0.350317
0 0.556275 0.382297 0.067498 0.017259
0 0.556280 0.442195 0.265625 0.049746
0 0.782731 0.096129 0.096286 0.104949
0 0.775025 0.219162 0.080874 0.102538
0 0.780516 0.307995 0.091854 0.042640
0 0.777701 0.398858 0.086225 0.074112
0 0.771804 0.473477 0.074432 0.042640
0 0.245273 0.663579 0.152311 0.165609
0 0.196195 0.771256 0.037347 0.017259
0 0.235869 0.839277 0.116695 0.074112
0 0.414916 0.663579 0.152311 0.165609
0 0.382464 0.771256 0.070600 0.017259
0 0.412503 0.839277 0.130679 0.074112
0 0.584559 0.663579 0.152311 0.165609
0 0.553190 0.771256 0.072766 0.017259
0 0.584005 0.839277 0.134396 0.074112
0 0.754464 0.663864 0.152836 0.166180
0 0.720198 0.771827 0.067498 0.017259
0 0.753319 0.839848 0.133740 0.074112
0 0.751773 0.969416 0.130646 0.061168
