0 0.502101 0.042132 0.113445 0.049175
1 0.502101 0.042132 0.113445 0.049175
0 0.861394 0.042132 0.017791 0.030457
0 0.884162 0.042132 0.018292 0.030457
1 0.929848 0.042132 0.056271 0.032487
1 0.972689 0.042132 0.029412 0.040609
1 0.972689 0.042132 0.012605 0.024365
1 0.281533 0.113706 0.055352 0.040609
1 0.268563 0.113706 0.012605 0.024365
1 0.268563 0.113706 0.009979 0.018274
1 0.289936 0.113706 0.021739 0.020305
0 0.319713 0.113706 0.021008 0.040609
1 0.319713 0.113706 0.012605 0.024365
0 0.353282 0.113706 0.011464 0.040609
0 0.414616 0.113706 0.094398 0.040609
0 0.488240 0.113706 0.018185 0.040609
0 0.516556 0.113706 0.021640 0.040609
0 0.546235 0.113706 0.020910 0.040609
0 0.584555 0.113706 0.038923 0.040609
0 0.624360 0.113706 0.023881 0.040609
0 0.663238 0.113706 0.037068 0.040609
0 0.713953 0.113706 0.047556 0.040609
0 0.921218 0.071066 0.156513 0.044670
0 0.895282 0.121320 0.104640 0.039594
0 0.973801 0.121320 0.051347 0.039594
0 0.356441 0.455647 0.221286 0.129569
0 0.292509 0.986977 0.093422 0.026047
0 0.409057 0.987080 0.092634 0.025841
0 0.531861 0.587159 0.104344 0.066862
0 0.531861 0.877776 0.104344 0.089150
0 0.675420 0.649270 0.156513 0.514784
0 0.675420 0.974651 0.157563 0.050698
0 0.500000 0.139594 0.329832 0.024365
0 0.402401 0.395939 0.071609 0.019289
0 0.442929 0.552284 0.047835 0.019289
0 0.516384 0.688325 0.069631 0.019289
1 0.500000 0.749746 0.266807 0.042640
0 0.500000 0.799492 0.055311 0.016244
