1 0.433163 0.445606 0.046719 0.012183
1 0.500000 0.663880 0.351891 0.040609
1 0.343705 0.618195 0.039300 0.040609
1 0.409401 0.663880 0.170693 0.040609
1 0.590599 0.663880 0.170693 0.040609
5 0.172031 0.052792 0.011029 0.018274
0 0.493172 0.056853 0.104517 0.056853
0 0.760570 0.054822 0.042099 0.014213
1 0.820235 0.054822 0.052020 0.040609
0 0.861040 0.090355 0.010160 0.016244
0 0.861549 0.136041 0.011177 0.016244
0 0.860733 0.181726 0.009544 0.016244
0 0.195727 0.128934 0.032128 0.014213
0 0.244083 0.128934 0.030971 0.014213
0 0.292431 0.128934 0.032112 0.014213
0 0.347599 0.128934 0.044610 0.014213
0 0.397912 0.128934 0.022403 0.014213
0 0.459768 0.128934 0.067695 0.014213
0 0.540064 0.128934 0.059283 0.014213
0 0.603688 0.128934 0.034352 0.014213
0 0.657050 0.128934 0.038759 0.014213
0 0.721581 0.128934 0.056690 0.014213
0 0.793535 0.128934 0.053604 0.014213
0 0.155987 0.197970 0.022059 0.042640
0 0.227416 0.197970 0.108193 0.036136
0 0.295956 0.197970 0.028887 0.042640
0 0.370798 0.197970 0.108193 0.036136
0 0.439338 0.197970 0.028887 0.042640
0 0.514181 0.197970 0.108193 0.036136
0 0.582721 0.197970 0.028887 0.042640
0 0.657563 0.197970 0.108193 0.036136
0 0.726103 0.197970 0.028887 0.042640
0 0.800945 0.197970 0.108193 0.036136
0 0.221639 0.665990 0.183824 0.131980
0 0.473739 0.786120 0.288866 0.372240
0 0.221548 0.890831 0.183643 0.032678
0 0.221265 0.947145 0.183077 0.051142
0 0.220929 0.993560 0.182404 0.012881
0 0.840307 0.617259 0.053629 0.016244
13 0.864496 0.617259 0.005252 0.016244
5 0.680758 0.669226 0.076853 0.012183
6 0.739931 0.669226 0.021534 0.014213
0 0.769433 0.718972 0.195378 0.030457
0 0.769433 0.773794 0.195378 0.030457
0 0.769433 0.828617 0.195378 0.030457
0 0.769433 0.883439 0.195378 0.030457
0 0.769433 0.938261 0.195378 0.030457
0 0.486870 0.973604 0.226037 0.026396
0 0.339811 0.922843 0.126050 0.038579
0 0.474355 0.922843 0.126050 0.040609
