0 0.639136 0.029949 0.081120 0.059898
0 0.711799 0.029949 0.050551 0.059898
0 0.764415 0.029949 0.041024 0.059898
0 0.370011 0.127919 0.157563 0.119797
0 0.538078 0.127919 0.157563 0.119797
0 0.706145 0.127919 0.157563 0.119797
0 0.874212 0.127919 0.157563 0.119797
0 0.981749 0.127919 0.036502 0.119797
1 0.817489 0.127919 0.018908 0.036548
1 0.776745 0.218322 0.016364 0.028522
0 0.699842 0.260406 0.170168 0.112690
0 0.200893 0.298477 0.071429 0.052792
0 0.272321 0.298477 0.071429 0.052792
0 0.343750 0.298477 0.071429 0.052792
0 0.415179 0.298477 0.071429 0.052792
0 0.486607 0.298477 0.071429 0.052792
1 0.535977 0.290355 0.021008 0.040609
0 0.176110 0.347716 0.021862 0.017259
0 0.209657 0.347716 0.036830 0.017259
0 0.238154 0.347716 0.011760 0.017259
0 0.270914 0.347716 0.045357 0.017259
0 0.318072 0.347716 0.040556 0.017259
0 0.356125 0.347716 0.027147 0.017259
0 0.396099 0.347716 0.044397 0.017259
0 0.435855 0.347716 0.026712 0.017259
0 0.487920 0.347716 0.069016 0.017259
0 0.541344 0.347716 0.029428 0.017259
0 0.568922 0.347716 0.017324 0.017259
0 0.596975 0.347716 0.030380 0.017259
0 0.634216 0.347716 0.035698 0.017259
0 0.222952 0.407297 0.115546 0.075508
0 0.538078 0.683534 0.493697 0.611739
0 0.622111 0.629442 0.325630 0.503553
1 0.754464 0.907614 0.018908 0.036548
1 0.775473 0.907614 0.018908 0.036548
0 0.349002 0.961707 0.115546 0.055393
0 0.475053 0.961707 0.115546 0.055393
0 0.601103 0.961707 0.115546 0.055393
0 0.727153 0.943242 0.115546 0.018464
