0 0.763699 0.060081 0.158061 0.089613
0 0.715432 0.130855 0.052522 0.049898
0 0.768790 0.130855 0.043656 0.049898
0 0.817057 0.130855 0.042339 0.049898
1 0.187829 0.052444 0.079031 0.050916
10 0.187829 0.052444 0.079031 0.050916
1 0.469129 0.051935 0.064624 0.018330
19 0.528957 0.052444 0.039227 0.014257
1 0.580290 0.052444 0.047632 0.021385
0 0.644914 0.052444 0.065809 0.032587
1 0.169076 0.130346 0.042578 0.050916
1 0.178930 0.202648 0.041211 0.052953
1 0.222776 0.202648 0.041211 0.052953
1 0.178930 0.260692 0.041211 0.052953
1 0.222776 0.260692 0.041211 0.052953
1 0.178930 0.318737 0.041211 0.052953
1 0.222776 0.318737 0.041211 0.052953
1 0.178930 0.376782 0.041211 0.052953
1 0.222776 0.376782 0.041211 0.052953
1 0.222887 0.130346 0.054506 0.050916
1 0.240072 0.202648 0.067802 0.052953
1 0.310508 0.202648 0.067802 0.052953
1 0.240072 0.260692 0.067802 0.052953
1 0.310508 0.260692 0.067802 0.052953
1 0.240072 0.318737 0.067802 0.052953
1 0.310508 0.318737 0.067802 0.052953
1 0.240072 0.376782 0.067802 0.052953
1 0.310508 0.376782 0.067802 0.052953
1 0.240072 0.434827 0.067802 0.052953
1 0.277862 0.130346 0.044907 0.050916
1 0.312628 0.202648 0.093363 0.052953
1 0.408625 0.202648 0.093363 0.052953
1 0.312628 0.260692 0.093363 0.052953
1 0.408625 0.260692 0.093363 0.052953
1 0.312628 0.318737 0.093363 0.052953
1 0.408625 0.318737 0.093363 0.052953
1 0.355407 0.130346 0.099644 0.050916
1 0.378030 0.244399 0.123815 0.052953
10 0.329294 0.244399 0.015806 0.030550
1 0.378030 0.302444 0.123815 0.052953
10 0.329294 0.302444 0.015806 0.030550
1 0.378030 0.360489 0.123815 0.052953
10 0.329294 0.360489 0.015806 0.030550
1 0.378030 0.418534 0.123815 0.052953
10 0.329294 0.418534 0.015806 0.030550
1 0.378030 0.476578 0.123815 0.052953
10 0.329294 0.476578 0.015806 0.030550
1 0.507113 0.244399 0.123815 0.052953
10 0.458377 0.244399 0.015806 0.030550
1 0.507113 0.302444 0.123815 0.052953
10 0.458377 0.302444 0.015806 0.030550
1 0.507113 0.360489 0.123815 0.052953
10 0.458377 0.360489 0.015806 0.030550
1 0.507113 0.418534 0.123815 0.052953
10 0.458377 0.418534 0.015806 0.030550
1 0.507113 0.476578 0.123815 0.052953
10 0.458377 0.476578 0.015806 0.030550
1 0.378030 0.550916 0.123815 0.052953
10 0.329294 0.550916 0.015806 0.030550
1 0.507113 0.550916 0.123815 0.052953
1 0.435899 0.130346 0.050802 0.050916
10 0.543467 0.323192 0.242360 0.263493
1 0.197173 0.201422 0.076643 0.019953
1 0.280032 0.280645 0.242360 0.122200
1 0.280032 0.395717 0.242360 0.097760
1 0.411749 0.492514 0.505796 0.032380
10 0.211209 0.617816 0.125790 0.136759
1 0.203030 0.716745 0.092573 0.019953
1 0.211209 0.784973 0.108930 0.091650
10 0.344903 0.617816 0.125790 0.136759
1 0.311310 0.716745 0.034370 0.024440
1 0.344903 0.773517 0.108930 0.068737
10 0.478596 0.617784 0.125790 0.136695
1 0.441818 0.716682 0.035374 0.019953
1 0.478596 0.784910 0.108930 0.091650
10 0.612289 0.617816 0.125790 0.136759
1 0.611182 0.745052 0.106716 0.019953
1 0.612289 0.808999 0.108930 0.091650
1 0.807758 0.444501 0.061512 0.013238
0 0.718960 0.946506 0.067958 0.042372
0 0.798966 0.946506 0.074042 0.042372
20 0.975237 0.942942 0.023182 0.044807
