0 0.168420 0.031980 0.029592 0.016244
0 0.218602 0.031980 0.049764 0.016244
0 0.269109 0.031980 0.030241 0.032487
0 0.310518 0.031980 0.031570 0.016244
0 0.496061 0.031980 0.075499 0.020305
0 0.833771 0.031980 0.009454 0.018274
0 0.160837 0.087302 0.014427 0.019496
0 0.199752 0.087302 0.038193 0.019496
0 0.262031 0.087302 0.061154 0.019496
0 0.315910 0.087302 0.021394 0.019496
0 0.352133 0.087302 0.025842 0.019496
0 0.400940 0.087302 0.046563 0.019496
0 0.460749 0.087302 0.047843 0.019496
0 0.522990 0.087302 0.051430 0.019496
0 0.572245 0.087302 0.021870 0.019496
0 0.607631 0.087302 0.023692 0.019496
0 0.659885 0.087302 0.055607 0.019496
0 0.406775 0.291371 0.514706 0.280203
0 0.224109 0.468528 0.149373 0.035533
0 0.227498 0.507107 0.156152 0.035533
0 0.221749 0.545685 0.144654 0.035533
0 0.228204 0.771447 0.157563 0.306345
0 0.406775 0.771447 0.157563 0.306345
0 0.763918 0.396256 0.157563 0.061929
0 0.763918 0.480584 0.157563 0.061929
0 0.763918 0.564911 0.157563 0.061929
0 0.763918 0.649239 0.157563 0.061929
0 0.763918 0.751348 0.157563 0.061929
0 0.763918 0.863610 0.157563 0.082234
