1 0.167279 0.063959 0.014706 0.023350
1 0.193540 0.063959 0.012605 0.024365
0 0.228109 0.063959 0.027122 0.016339
0 0.269306 0.063959 0.021657 0.016339
0 0.317937 0.063959 0.041992 0.016339
0 0.496061 0.115276 0.091912 0.187912
0 0.747144 0.061469 0.024800 0.016339
0 0.804273 0.061469 0.055845 0.039689
0 0.496061 0.461009 0.327731 0.422335
0 0.496057 0.744258 0.288020 0.038579
0 0.493956 0.853902 0.052316 0.016244
0 0.718861 0.276237 0.084255 0.044670
0 0.707249 0.320907 0.061031 0.016244
0 0.680935 0.342735 0.008403 0.017259
0 0.811187 0.301309 0.042017 0.102935
0 0.722361 0.419781 0.091255 0.044670
0 0.698529 0.464451 0.043592 0.016244
0 0.680935 0.486279 0.008403 0.017259
0 0.811187 0.444852 0.042017 0.102935
0 0.721470 0.563325 0.089474 0.044670
0 0.709428 0.607995 0.065389 0.016244
0 0.811187 0.577538 0.042017 0.081218
0 0.725635 0.671954 0.097804 0.018274
0 0.702891 0.703426 0.052316 0.016244
0 0.680935 0.725254 0.008403 0.017259
0 0.811187 0.699365 0.042017 0.081218
0 0.237658 0.349841 0.155462 0.200000
0 0.232451 0.519892 0.145048 0.056853
0 0.186084 0.570654 0.052316 0.016244
0 0.237658 0.718369 0.155462 0.200000
0 0.231745 0.872176 0.143637 0.024365
0 0.181723 0.906694 0.043592 0.016244
0 0.164128 0.928522 0.008403 0.017259
