1 0.203519 0.311675 0.019958 0.038579
0 0.252889 0.311675 0.070378 0.023921
0 0.320464 0.311168 0.030109 0.019289
0 0.373966 0.311168 0.047482 0.019289
0 0.430631 0.311168 0.036436 0.019289
0 0.474174 0.311168 0.021238 0.019289
0 0.509474 0.311168 0.019950 0.019289
1 0.641080 0.311675 0.029289 0.036548
1 0.669380 0.311675 0.018908 0.036548
0 0.701155 0.314721 0.022584 0.050761
0 0.721639 0.314721 0.022584 0.050761
0 0.742122 0.314721 0.022584 0.050761
0 0.762605 0.314721 0.022584 0.050761
0 0.783088 0.314721 0.022584 0.050761
0 0.396620 0.750936 0.371496 0.157963
0 0.453556 0.906766 0.225110 0.054204
0 0.368792 0.978728 0.059784 0.022335
0 0.701238 0.746589 0.168412 0.196415
0 0.701238 0.928490 0.168412 0.143020
