0 0.208426 0.028418 0.049731 0.014610
0 0.259265 0.028418 0.035140 0.014610
0 0.301233 0.028418 0.031989 0.014610
0 0.349507 0.028418 0.047753 0.014610
0 0.396850 0.028418 0.030126 0.014610
0 0.435321 0.028418 0.030011 0.014610
0 0.472275 0.028418 0.027089 0.014610
0 0.625788 0.028418 0.012966 0.014610
0 0.666767 0.028418 0.035378 0.014610
0 0.654674 0.277157 0.012605 0.024365
1 0.574293 0.373763 0.136555 0.040609
1 0.574293 0.422494 0.136555 0.040609
1 0.574297 0.466347 0.136596 0.014610
1 0.574293 0.599889 0.136555 0.040609
0 0.574297 0.642544 0.125566 0.014245
1 0.782793 0.028426 0.051536 0.032487
0 0.241071 0.196954 0.115021 0.231472
0 0.360975 0.123858 0.060727 0.040609
0 0.426791 0.123858 0.058298 0.029220
0 0.538078 0.109549 0.087710 0.019480
0 0.513032 0.139792 0.043445 0.014610
0 0.564002 0.139792 0.041689 0.014610
1 0.765494 0.123858 0.086134 0.044670
2 0.770746 0.123850 0.063025 0.014610
0 0.204204 0.210351 0.041286 0.041006
0 0.238195 0.210351 0.026695 0.041006
0 0.269441 0.210351 0.035796 0.041006
0 0.304889 0.210351 0.035099 0.041006
0 0.338937 0.210351 0.032998 0.041006
0 0.375611 0.210351 0.040351 0.041006
0 0.409479 0.210351 0.027385 0.041006
0 0.441078 0.210351 0.035813 0.041006
0 0.474609 0.210351 0.031250 0.041006
0 0.509364 0.210351 0.038258 0.041006
0 0.545459 0.210351 0.033933 0.041006
0 0.571687 0.210351 0.018522 0.041006
0 0.592892 0.210351 0.023889 0.041006
0 0.626182 0.210351 0.042690 0.041006
0 0.661576 0.210351 0.028099 0.041006
0 0.684714 0.210351 0.018177 0.041006
0 0.706625 0.210351 0.025645 0.041006
0 0.731162 0.210351 0.023429 0.041006
0 0.775719 0.210351 0.065684 0.041006
0 0.375919 0.625365 0.384716 0.153490
0 0.375919 0.730536 0.384716 0.024365
0 0.242425 0.845257 0.117729 0.105584
0 0.242425 0.950841 0.117729 0.073096
0 0.375911 0.896233 0.117729 0.207535
0 0.509405 0.896233 0.117729 0.207535
0 0.625788 0.577046 0.066702 0.032487
1 0.588235 0.980917 0.004202 0.038166
1 0.804359 0.980917 0.004202 0.038166
0 0.696408 0.936437 0.224749 0.127126
