1 0.044274 0.022403 0.088547 0.044807
17 0.180054 0.020367 0.029760 0.040733
18 0.218042 0.021385 0.046216 0.042770
0 0.362907 0.020367 0.050975 0.040733
1 0.410234 0.020367 0.026821 0.040733
1 0.443814 0.020367 0.023479 0.040733
1 0.495419 0.020367 0.062870 0.040733
0 0.561199 0.020367 0.051831 0.040733
0 0.619896 0.020367 0.048703 0.040733
0 0.770548 0.020367 0.021075 0.040733
19 0.804099 0.020367 0.045648 0.040733
1 0.209431 0.092159 0.088514 0.068228
10 0.188620 0.092159 0.046891 0.068228
1 0.496048 0.092159 0.179663 0.045825
1 0.792351 0.092159 0.069144 0.052953
1 0.271157 0.153768 0.076248 0.020367
1 0.364096 0.153768 0.092770 0.020367
1 0.438760 0.153768 0.039696 0.020367
1 0.489895 0.153768 0.027801 0.020367
1 0.532328 0.153768 0.040207 0.020367
1 0.576186 0.153768 0.030649 0.020367
1 0.611326 0.153768 0.022771 0.020367
1 0.636575 0.153768 0.010867 0.020367
1 0.658987 0.153768 0.017099 0.020367
1 0.687315 0.153768 0.022697 0.020367
1 0.720429 0.153768 0.026673 0.020367
0 0.746411 0.153768 0.008430 0.016293
1 0.047081 0.022403 0.094162 0.044807
1 0.047081 0.022403 0.094162 0.044807
19 0.489726 0.481670 0.324552 0.097760
19 0.489726 0.723269 0.324083 0.352851
1 0.047081 0.022403 0.094162 0.044807
1 0.047081 0.022403 0.094162 0.044807
4 0.749210 0.502037 0.142782 0.020367
1 0.751408 0.577393 0.097290 0.081466
1 0.751408 0.685336 0.097290 0.101833
1 0.751408 0.783096 0.097290 0.061100
1 0.751408 0.870672 0.097290 0.081466
1 0.751408 0.963849 0.097290 0.072301
0 0.749210 0.526477 0.072609 0.036660
1 0.749210 0.963340 0.142782 0.038697
1 0.047081 0.022403 0.094162 0.044807
10 0.211538 0.471487 0.057956 0.028513
10 0.193098 0.516293 0.021075 0.040733
0 0.282139 0.471487 0.016860 0.032587
10 0.282139 0.471487 0.012118 0.023422
19 0.236565 0.648676 0.130137 0.073320
19 0.236565 0.772371 0.129824 0.141484
19 0.236565 0.913378 0.130137 0.073320
19 0.236565 0.983166 0.129824 0.033669
1 0.047081 0.022403 0.094162 0.044807
1 0.047081 0.022403 0.094162 0.044807
1 0.047081 0.022403 0.094162 0.044807
1 0.047081 0.022403 0.094162 0.044807
1 0.047081 0.022403 0.094162 0.044807
1 0.047081 0.022403 0.094162 0.044807
1 0.047081 0.022403 0.094162 0.044807
1 0.047081 0.022403 0.094162 0.044807
1 0.047081 0.022403 0.094162 0.044807
1 0.483404 0.973523 0.966807 0.052953
20 0.979452 0.973523 0.025290 0.048880
