0 0.206867 0.070051 0.062369 0.101523
2 0.369937 0.060914 0.110294 0.037563
1 0.443975 0.060914 0.032530 0.037563
0 0.342700 0.091371 0.055820 0.013198
0 0.387888 0.091371 0.026154 0.013198
5 0.609244 0.070051 0.009979 0.013198
2 0.608993 0.070051 0.009478 0.013198
0 0.210950 0.158376 0.061080 0.054822
0 0.280520 0.158376 0.038143 0.054822
0 0.330841 0.158376 0.022584 0.054822
0 0.376805 0.158376 0.029428 0.054822
0 0.423405 0.158376 0.023856 0.054822
0 0.463703 0.158376 0.016823 0.054822
0 0.507275 0.158376 0.030405 0.054822
0 0.548467 0.158376 0.012063 0.054822
0 0.587255 0.158376 0.025596 0.054822
0 0.635049 0.158376 0.030076 0.054822
0 0.683951 0.158376 0.027812 0.054822
0 0.729931 0.158376 0.024234 0.054822
0 0.779818 0.158376 0.035624 0.054822
0 0.310448 0.632107 0.280035 0.261168
0 0.303785 0.716751 0.254103 0.083249
0 0.298927 0.787310 0.241236 0.019289
0 0.302320 0.815736 0.248022 0.019289
0 0.548881 0.593718 0.175839 0.184391
0 0.548529 0.750888 0.175133 0.046701
0 0.547392 0.808756 0.157103 0.038579
0 0.412265 0.662437 0.149685 0.321827
0 0.567202 0.662437 0.149685 0.321827
0 0.722139 0.662437 0.149685 0.321827
0 0.877076 0.662437 0.149685 0.321827
1 0.660427 0.620558 0.015756 0.030457
1 0.783950 0.620558 0.015756 0.030457
0 0.238470 0.928934 0.136079 0.142132
0 0.382427 0.928934 0.136079 0.142132
0 0.548881 0.928934 0.175839 0.142132
0 0.722188 0.928934 0.149783 0.142132
0 0.873580 0.251332 0.153476 0.039594
0 0.878919 0.261992 0.056797 0.018274
1 0.875624 0.298541 0.105042 0.030457
