0 0.634846 0.190428 0.114924 0.024440
1 0.369447 0.326375 0.055017 0.017312
1 0.406592 0.611507 0.129306 0.017312
1 0.500000 0.621690 0.316122 0.037678
0 0.500000 0.713849 0.331928 0.040733
0 0.542150 0.713849 0.079031 0.040733
20 0.626449 0.713849 0.079031 0.040733
0 0.280019 0.018330 0.077425 0.036660
0 0.280019 0.018330 0.060565 0.017821
1 0.192571 0.028513 0.084826 0.057026
10 0.192571 0.028513 0.084826 0.040733
18 0.505791 0.028513 0.055116 0.057026
1 0.505791 0.028513 0.055116 0.057026
18 0.485610 0.028513 0.010537 0.020367
18 0.484556 0.026477 0.007376 0.014257
1 0.571177 0.028513 0.050366 0.057026
1 0.630396 0.028513 0.059643 0.057026
1 0.680663 0.028513 0.032460 0.057026
0 0.738108 0.028513 0.057141 0.057026
1 0.738104 0.078666 0.069983 0.043279
1 0.738104 0.122454 0.069983 0.042261
1 0.738104 0.165733 0.069983 0.042261
1 0.738104 0.209012 0.069983 0.042261
0 0.814583 0.028513 0.070518 0.057026
0 0.814583 0.078157 0.061545 0.042261
0 0.814583 0.121436 0.061545 0.042261
1 0.172163 0.086558 0.044010 0.057026
17 0.225863 0.086558 0.038099 0.057026
0 0.225863 0.086558 0.038099 0.057026
17 0.214189 0.086558 0.010537 0.020367
17 0.214189 0.081466 0.008430 0.001527
1 0.286683 0.086558 0.058252 0.057026
1 0.337897 0.086558 0.035745 0.057026
1 0.382660 0.086558 0.045352 0.057026
1 0.461958 0.086558 0.087954 0.057026
1 0.560298 0.086558 0.100295 0.057026
1 0.670134 0.086558 0.110947 0.057026
17 0.098788 0.081769 0.197576 0.047448
1 0.098788 0.128707 0.197576 0.046429
1 0.098788 0.175137 0.197576 0.046429
1 0.098788 0.221566 0.197576 0.046429
1 0.098788 0.267996 0.197576 0.046429
17 0.098788 0.081769 0.197576 0.047448
0 0.098788 0.144189 0.172287 0.044807
0 0.089305 0.144189 0.090375 0.020367
0 0.146083 0.144189 0.014752 0.028513
1 0.098788 0.263127 0.197576 0.046429
1 0.098788 0.364037 0.197576 0.046429
1 0.098788 0.410467 0.197576 0.046429
1 0.098788 0.456896 0.197576 0.046429
1 0.098788 0.503325 0.197576 0.046429
1 0.098788 0.549755 0.197576 0.046429
1 0.098788 0.596184 0.197576 0.046429
1 0.098788 0.642614 0.197576 0.046429
1 0.098788 0.700038 0.197576 0.068419
1 0.098788 0.757462 0.197576 0.046429
1 0.098788 0.858373 0.197576 0.046429
1 0.098788 0.904802 0.197576 0.046429
1 0.098788 0.951232 0.197576 0.046429
1 0.098788 0.987223 0.197576 0.025554
17 0.098788 0.081769 0.197576 0.047448
0 0.098788 0.144189 0.172287 0.044807
0 0.089305 0.144189 0.090655 0.020367
0 0.146223 0.144189 0.014752 0.028513
1 0.098788 0.260581 0.197576 0.046429
1 0.098788 0.307011 0.197576 0.046429
1 0.098788 0.407921 0.197576 0.046429
1 0.098788 0.454350 0.197576 0.046429
1 0.098788 0.500780 0.197576 0.046429
1 0.098788 0.547209 0.197576 0.046429
1 0.098788 0.593639 0.197576 0.046429
1 0.098788 0.640068 0.197576 0.046429
1 0.098788 0.686498 0.197576 0.046429
1 0.098788 0.732927 0.197576 0.046429
1 0.098788 0.779357 0.197576 0.046429
17 0.098788 0.081769 0.197576 0.047448
0 0.098788 0.144189 0.172287 0.044807
0 0.089300 0.144189 0.108642 0.020367
0 0.155213 0.144189 0.014752 0.028513
1 0.098788 0.260581 0.197576 0.046429
1 0.098788 0.307011 0.197576 0.046429
1 0.098788 0.407921 0.197576 0.046429
1 0.098788 0.454350 0.197576 0.046429
1 0.098788 0.500780 0.197576 0.046429
1 0.098788 0.547209 0.197576 0.046429
1 0.098788 0.593639 0.197576 0.046429
1 0.098788 0.640068 0.197576 0.046429
1 0.098788 0.686498 0.197576 0.046429
1 0.098788 0.732927 0.197576 0.046429
1 0.098788 0.779357 0.197576 0.046429
1 0.098788 0.825786 0.197576 0.046429
1 0.098788 0.872216 0.197576 0.046429
1 0.098788 0.918645 0.197576 0.046429
1 0.098788 0.965074 0.197576 0.046429
1 0.098788 0.994145 0.197576 0.011711
17 0.098788 0.081769 0.197576 0.047448
0 0.098788 0.144189 0.172287 0.044807
0 0.089300 0.144189 0.097940 0.020367
0 0.149862 0.144189 0.014752 0.028513
1 0.098788 0.260581 0.197576 0.046429
1 0.098788 0.307011 0.197576 0.046429
1 0.098788 0.353440 0.197576 0.046429
1 0.098788 0.410864 0.197576 0.068419
1 0.098788 0.468289 0.197576 0.046429
1 0.098788 0.569199 0.197576 0.046429
1 0.098788 0.615628 0.197576 0.046429
1 0.098788 0.662058 0.197576 0.046429
1 0.098788 0.708487 0.197576 0.046429
1 0.098788 0.754917 0.197576 0.046429
1 0.098788 0.801346 0.197576 0.046429
1 0.098788 0.847776 0.197576 0.046429
1 0.098788 0.894205 0.197576 0.046429
1 0.098788 0.940635 0.197576 0.046429
1 0.098788 0.981925 0.197576 0.036151
17 0.098788 0.081769 0.197576 0.047448
0 0.098788 0.144189 0.172287 0.044807
0 0.089300 0.144189 0.092178 0.020367
0 0.146980 0.144189 0.014752 0.028513
1 0.098788 0.260581 0.197576 0.046429
1 0.098788 0.307011 0.197576 0.046429
1 0.098788 0.353440 0.197576 0.046429
1 0.098788 0.399870 0.197576 0.046429
1 0.098788 0.446299 0.197576 0.046429
1 0.098788 0.492728 0.197576 0.046429
1 0.098788 0.593639 0.197576 0.046429
1 0.098788 0.640068 0.197576 0.046429
1 0.098788 0.686498 0.197576 0.046429
1 0.098788 0.732927 0.197576 0.046429
1 0.098788 0.779357 0.197576 0.046429
1 0.098788 0.825786 0.197576 0.046429
1 0.098788 0.872216 0.197576 0.046429
1 0.098788 0.918645 0.197576 0.046429
1 0.098788 0.965074 0.197576 0.046429
1 0.098788 0.994145 0.197576 0.011711
17 0.098788 0.081769 0.197576 0.047448
0 0.098788 0.144189 0.172287 0.044807
0 0.089305 0.144189 0.123238 0.020367
0 0.162515 0.144189 0.014752 0.028513
1 0.098788 0.260581 0.197576 0.046429
1 0.098788 0.307011 0.197576 0.046429
1 0.098788 0.353440 0.197576 0.046429
1 0.098788 0.399870 0.197576 0.046429
1 0.098788 0.500780 0.197576 0.046429
1 0.098788 0.547209 0.197576 0.046429
1 0.098788 0.593639 0.197576 0.046429
1 0.098788 0.640068 0.197576 0.046429
1 0.098788 0.686498 0.197576 0.046429
1 0.098788 0.732927 0.197576 0.046429
1 0.098788 0.779357 0.197576 0.046429
1 0.098788 0.825786 0.197576 0.046429
1 0.098788 0.872216 0.197576 0.046429
1 0.098788 0.918645 0.197576 0.046429
1 0.098788 0.965074 0.197576 0.046429
1 0.098788 0.994145 0.197576 0.011711
17 0.098788 0.081769 0.197576 0.047448
0 0.098788 0.144189 0.172287 0.044807
0 0.089300 0.144189 0.084686 0.020367
0 0.143235 0.144189 0.014752 0.028513
1 0.098788 0.260581 0.197576 0.046429
1 0.098788 0.307011 0.197576 0.046429
1 0.098788 0.353440 0.197576 0.046429
1 0.098788 0.454350 0.197576 0.046429
1 0.098788 0.500780 0.197576 0.046429
1 0.098788 0.547209 0.197576 0.046429
1 0.098788 0.593639 0.197576 0.046429
1 0.098788 0.640068 0.197576 0.046429
1 0.098788 0.686498 0.197576 0.046429
1 0.098788 0.732927 0.197576 0.046429
1 0.098788 0.779357 0.197576 0.046429
1 0.098788 0.825786 0.197576 0.046429
1 0.098788 0.872216 0.197576 0.046429
1 0.098788 0.918645 0.197576 0.046429
1 0.098788 0.965074 0.197576 0.046429
1 0.098788 0.994145 0.197576 0.011711
17 0.098788 0.081769 0.197576 0.047448
0 0.098788 0.144189 0.172287 0.044807
0 0.089305 0.144189 0.092746 0.020367
0 0.147269 0.144189 0.014752 0.028513
1 0.098788 0.260581 0.197576 0.046429
1 0.098788 0.307011 0.197576 0.046429
1 0.098788 0.407921 0.197576 0.046429
1 0.098788 0.454350 0.197576 0.046429
1 0.098788 0.500780 0.197576 0.046429
1 0.098788 0.547209 0.197576 0.046429
1 0.098788 0.593639 0.197576 0.046429
1 0.098788 0.640068 0.197576 0.046429
1 0.098788 0.686498 0.197576 0.046429
1 0.098788 0.732927 0.197576 0.046429
1 0.098788 0.779357 0.197576 0.046429
1 0.098788 0.825786 0.197576 0.046429
1 0.098788 0.872216 0.197576 0.046429
1 0.098788 0.918645 0.197576 0.046429
1 0.098788 0.965074 0.197576 0.046429
1 0.098788 0.994145 0.197576 0.011711
17 0.098788 0.081769 0.197576 0.047448
0 0.098788 0.144189 0.172287 0.044807
0 0.089300 0.144189 0.110239 0.020367
0 0.156011 0.144189 0.014752 0.028513
1 0.098788 0.260581 0.197576 0.046429
1 0.098788 0.307011 0.197576 0.046429
1 0.098788 0.353440 0.197576 0.046429
1 0.098788 0.454350 0.197576 0.046429
1 0.098788 0.500780 0.197576 0.046429
1 0.098788 0.547209 0.197576 0.046429
1 0.098788 0.593639 0.197576 0.046429
1 0.098788 0.640068 0.197576 0.046429
1 0.098788 0.686498 0.197576 0.046429
1 0.098788 0.732927 0.197576 0.046429
1 0.098788 0.779357 0.197576 0.046429
1 0.098788 0.825786 0.197576 0.046429
1 0.098788 0.872216 0.197576 0.046429
1 0.098788 0.918645 0.197576 0.046429
1 0.098788 0.965074 0.197576 0.046429
1 0.098788 0.994145 0.197576 0.011711
17 0.098788 0.081769 0.197576 0.047448
0 0.098788 0.144189 0.172287 0.044807
0 0.089305 0.144189 0.086176 0.020367
0 0.143984 0.144189 0.014752 0.028513
1 0.098788 0.260581 0.197576 0.046429
1 0.098788 0.307011 0.197576 0.046429
1 0.098788 0.407921 0.197576 0.046429
1 0.098788 0.454350 0.197576 0.046429
1 0.098788 0.500780 0.197576 0.046429
1 0.098788 0.547209 0.197576 0.046429
1 0.098788 0.593639 0.197576 0.046429
1 0.098788 0.640068 0.197576 0.046429
1 0.098788 0.686498 0.197576 0.046429
1 0.098788 0.732927 0.197576 0.046429
1 0.098788 0.779357 0.197576 0.046429
1 0.098788 0.825786 0.197576 0.046429
1 0.098788 0.872216 0.197576 0.046429
1 0.098788 0.918645 0.197576 0.046429
1 0.098788 0.965074 0.197576 0.046429
1 0.098788 0.994145 0.197576 0.011711
17 0.098788 0.081769 0.197576 0.047448
0 0.098788 0.150299 0.172287 0.057026
0 0.089305 0.150299 0.132244 0.040733
0 0.167018 0.150299 0.014752 0.028513
1 0.098788 0.272801 0.197576 0.046429
1 0.098788 0.319231 0.197576 0.046429
1 0.098788 0.365660 0.197576 0.046429
1 0.098788 0.466570 0.197576 0.046429
1 0.098788 0.513000 0.197576 0.046429
1 0.098788 0.559429 0.197576 0.046429
1 0.098788 0.605859 0.197576 0.046429
1 0.098788 0.652288 0.197576 0.046429
1 0.098788 0.698718 0.197576 0.046429
1 0.098788 0.745147 0.197576 0.046429
1 0.098788 0.791577 0.197576 0.046429
1 0.098788 0.838006 0.197576 0.046429
1 0.098788 0.884435 0.197576 0.046429
1 0.098788 0.930865 0.197576 0.046429
1 0.098788 0.977040 0.197576 0.045920
17 0.098788 0.081769 0.197576 0.047448
0 0.098788 0.144189 0.172287 0.044807
0 0.089300 0.144189 0.024524 0.020367
0 0.113154 0.144189 0.014752 0.028513
1 0.098788 0.206100 0.197576 0.046429
1 0.098788 0.252530 0.197576 0.046429
1 0.098788 0.298959 0.197576 0.046429
1 0.098788 0.345389 0.197576 0.046429
1 0.098788 0.391818 0.197576 0.046429
1 0.098788 0.438248 0.197576 0.046429
1 0.098788 0.484677 0.197576 0.046429
1 0.098788 0.531107 0.197576 0.046429
1 0.098788 0.577536 0.197576 0.046429
1 0.098788 0.623966 0.197576 0.046429
1 0.098788 0.670395 0.197576 0.046429
1 0.098788 0.716825 0.197576 0.046429
1 0.098788 0.763254 0.197576 0.046429
1 0.098788 0.809684 0.197576 0.046429
1 0.098788 0.856113 0.197576 0.046429
17 0.098788 0.081769 0.197576 0.047448
0 0.098788 0.144189 0.172287 0.044807
0 0.089305 0.144189 0.017914 0.020367
0 0.109852 0.144189 0.014752 0.028513
1 0.098788 0.206100 0.197576 0.046429
1 0.098788 0.252530 0.197576 0.046429
1 0.098788 0.298959 0.197576 0.046429
1 0.098788 0.345389 0.197576 0.046429
1 0.098788 0.391818 0.197576 0.046429
1 0.098788 0.438248 0.197576 0.046429
1 0.098788 0.484677 0.197576 0.046429
1 0.098788 0.531107 0.197576 0.046429
1 0.098788 0.577536 0.197576 0.046429
17 0.098788 0.081769 0.197576 0.047448
0 0.098788 0.144189 0.172287 0.044807
0 0.089305 0.144189 0.037391 0.020367
0 0.119591 0.144189 0.014752 0.028513
1 0.098788 0.206100 0.197576 0.046429
1 0.098788 0.252530 0.197576 0.046429
1 0.098788 0.298959 0.197576 0.046429
1 0.098788 0.345389 0.197576 0.046429
1 0.098788 0.391818 0.197576 0.046429
1 0.098788 0.438248 0.197576 0.046429
1 0.098788 0.484677 0.197576 0.046429
1 0.098788 0.531107 0.197576 0.046429
1 0.098788 0.577536 0.197576 0.046429
1 0.098788 0.623966 0.197576 0.046429
17 0.098788 0.081769 0.197576 0.047448
0 0.098788 0.144189 0.172287 0.044807
0 0.089305 0.144189 0.047863 0.020367
0 0.124827 0.144189 0.014752 0.028513
1 0.098788 0.206100 0.197576 0.046429
1 0.098788 0.252530 0.197576 0.046429
1 0.098788 0.298959 0.197576 0.046429
1 0.098788 0.345389 0.197576 0.046429
1 0.098788 0.391818 0.197576 0.046429
1 0.098788 0.438248 0.197576 0.046429
1 0.098788 0.484677 0.197576 0.046429
1 0.098788 0.531107 0.197576 0.046429
1 0.404110 0.337767 0.507903 0.361889
10 0.272919 0.319947 0.245522 0.326247
1 0.229189 0.621309 0.158061 0.140020
1 0.404110 0.647531 0.158061 0.192464
1 0.579031 0.621309 0.158061 0.140020
1 0.272919 0.909050 0.245522 0.181899
10 0.272919 0.909050 0.245522 0.181899
1 0.535300 0.909050 0.245522 0.181899
10 0.535300 0.909050 0.245522 0.181899
1 0.771075 0.399790 0.140674 0.371054
10 0.771075 0.350210 0.140674 0.271894
1 0.743262 0.610521 0.085048 0.017821
1 0.727781 0.632415 0.054087 0.017821
