0 0.221639 0.055838 0.126050 0.018274
0 0.778361 0.030457 0.021008 0.040609
11 0.804622 0.030457 0.021008 0.040609
10 0.830882 0.030457 0.021008 0.040609
0 0.216563 0.103553 0.104344 0.044670
0 0.334206 0.103553 0.123588 0.044670
0 0.488027 0.103553 0.176717 0.044670
0 0.638815 0.103553 0.117508 0.044670
0 0.761600 0.103553 0.120724 0.044670
0 0.879333 0.103553 0.107405 0.044670
0 0.968356 0.103553 0.063288 0.044670
1 0.799370 0.103553 0.023109 0.044670
1 0.824055 0.103553 0.023109 0.044670
0 0.373162 0.364467 0.417542 0.456853
0 0.223637 0.158780 0.093282 0.021114
0 0.373162 0.458883 0.417542 0.268020
0 0.571954 0.571574 0.013655 0.026396
0 0.711397 0.247716 0.248424 0.223350
0 0.608710 0.156797 0.030446 0.017148
0 0.711397 0.242552 0.248424 0.233677
0 0.825630 0.338071 0.013655 0.026396
0 0.825630 0.571574 0.013655 0.026396
0 0.711397 0.390300 0.235819 0.017148
0 0.711397 0.481218 0.248424 0.223350
0 0.269158 0.618274 0.209534 0.030457
0 0.449284 0.618274 0.143366 0.030457
0 0.587903 0.618274 0.126518 0.030457
0 0.745216 0.618274 0.180754 0.030457
0 0.500000 0.821827 0.671218 0.356345
0 0.299989 0.666394 0.245987 0.021114
0 0.500000 0.936548 0.671218 0.126904
1 0.277081 0.104346 0.041557 0.016244
1 0.427554 0.125048 0.038422 0.019892
1 0.644605 0.144940 0.067851 0.019892
1 0.319693 0.272827 0.126781 0.036136
1 0.699920 0.272827 0.087554 0.036136
0 0.191439 0.947081 0.055147 0.022081
0 0.366991 0.957868 0.273897 0.084264
0 0.646140 0.957868 0.273897 0.084264
0 0.894170 0.957868 0.211660 0.084264
