8 0.496061 0.030457 0.992122 0.060914
0 0.212505 0.030457 0.104106 0.060914
0 0.292997 0.030457 0.031669 0.060914
0 0.338785 0.030457 0.034697 0.060914
0 0.381311 0.030457 0.025144 0.060914
1 0.417764 0.030457 0.022551 0.060914
8 0.456826 0.022843 0.100676 0.045685
8 0.456826 0.016751 0.100676 0.033503
0 0.456826 0.016751 0.100676 0.033503
0 0.455345 0.030457 0.027401 0.060914
0 0.499549 0.030457 0.035796 0.060914
8 0.551397 0.022843 0.139493 0.045685
8 0.551397 0.016751 0.139493 0.033503
0 0.551397 0.016751 0.139493 0.033503
0 0.545841 0.030457 0.031578 0.060914
0 0.589015 0.030457 0.029559 0.060914
0 0.629735 0.030457 0.026671 0.060914
0 0.669434 0.030457 0.027516 0.060914
0 0.294228 0.091371 0.034130 0.060914
0 0.785550 0.030457 0.025013 0.060914
8 0.718340 0.091371 0.193048 0.060914
0 0.720326 0.093909 0.010504 0.018274
0 0.741334 0.094131 0.010504 0.018274
0 0.762342 0.093909 0.010504 0.018274
1 0.793855 0.089848 0.042017 0.060914
1 0.827468 0.030457 0.025210 0.038579
1 0.979517 0.024365 0.016807 0.032487
2 0.486607 0.493401 0.485294 0.073096
1 0.739758 0.493401 0.016807 0.032487
1 0.739758 0.494924 0.016807 0.035533
0 0.327731 0.082931 0.055541 0.042005
0 0.383243 0.082931 0.055484 0.042005
0 0.436573 0.082931 0.051175 0.042005
0 0.482927 0.082931 0.041533 0.042005
0 0.528390 0.082931 0.049394 0.042005
0 0.586783 0.082931 0.067391 0.042005
0 0.656316 0.082931 0.071675 0.042005
1 0.208246 0.280584 0.023109 0.044670
1 0.205620 0.508154 0.028361 0.033503
1 0.319902 0.508154 0.018908 0.029442
1 0.385603 0.508154 0.023634 0.019289
1 0.414489 0.508154 0.021534 0.019289
1 0.442063 0.508154 0.021008 0.027411
0 0.325384 0.607646 0.267890 0.070051
0 0.254583 0.752824 0.126288 0.063959
0 0.395783 0.752824 0.128652 0.063959
0 0.562553 0.351919 0.161133 0.207646
0 0.558434 0.500412 0.152894 0.077157
0 0.556107 0.670463 0.148241 0.063959
0 0.558179 0.754727 0.152385 0.043655
1 0.326205 0.973786 0.040441 0.052427
1 0.445214 0.984454 0.012605 0.024365
1 0.326205 0.920828 0.269531 0.158344
1 0.562553 0.920828 0.161133 0.158344
0 0.736431 0.386675 0.123597 0.061929
0 0.734326 0.509518 0.119387 0.061929
0 0.731966 0.632360 0.114668 0.061929
0 0.732705 0.817132 0.116145 0.061929
0 0.731380 0.929822 0.113495 0.041624
