0 0.222426 0.248731 0.119223 0.053807
0 0.674017 0.248731 0.101546 0.044670
1 0.772584 0.248731 0.079832 0.044670
0 0.831933 0.247208 0.023109 0.040609
0 0.208533 0.317259 0.029116 0.012183
0 0.269511 0.317259 0.080234 0.012183
0 0.351242 0.317259 0.070624 0.012183
0 0.408970 0.317259 0.032227 0.012183
0 0.460691 0.317259 0.058610 0.012183
0 0.518875 0.317259 0.045152 0.012183
0 0.564351 0.317259 0.033195 0.012183
0 0.610610 0.317259 0.046719 0.012183
0 0.672581 0.317259 0.064617 0.012183
0 0.732894 0.317259 0.043404 0.012183
5 0.158876 0.365990 0.013130 0.025381
0 0.204409 0.366497 0.062180 0.013198
0 0.256048 0.366497 0.030593 0.013198
0 0.295172 0.366497 0.037150 0.013198
0 0.336217 0.366497 0.034434 0.013198
0 0.371828 0.366497 0.026285 0.013198
0 0.407407 0.366497 0.034368 0.013198
0 0.455456 0.366497 0.051224 0.013198
0 0.493455 0.366497 0.014271 0.013198
0 0.519141 0.366497 0.026597 0.013198
0 0.549247 0.366497 0.023109 0.013198
0 0.327612 0.426396 0.243788 0.016244
0 0.548184 0.426396 0.158490 0.016244
0 0.665728 0.426396 0.037733 0.016244
0 0.726493 0.426396 0.044930 0.016244
1 0.973739 0.040609 0.026261 0.050761
0 0.322479 0.755330 0.340336 0.489340
0 0.585609 0.670558 0.164916 0.319797
0 0.761029 0.670558 0.164916 0.319797
0 0.585609 0.925381 0.164916 0.149239
0 0.761029 0.921827 0.164916 0.142132
