0 0.042201 0.037563 0.048689 0.018274
1 0.924370 0.037563 0.016807 0.032487
0 0.959748 0.037563 0.038488 0.038579
2 0.481092 0.320812 0.396008 0.054822
1 0.688550 0.320812 0.018908 0.036548
1 0.707458 0.320812 0.018908 0.036548
1 0.983193 0.032487 0.012605 0.024365
1 0.500000 0.207107 0.362920 0.002030
0 0.345588 0.531980 0.133403 0.073096
0 0.500000 0.531980 0.133403 0.073096
0 0.654412 0.531980 0.133403 0.073096
0 0.345588 0.629442 0.133403 0.073096
0 0.500000 0.629442 0.133403 0.073096
0 0.654412 0.629442 0.133403 0.073096
0 0.500000 0.702538 0.100405 0.016244
0 0.453999 0.702538 0.008403 0.016244
0 0.363035 0.975127 0.014148 0.015228
0 0.389673 0.975127 0.022321 0.015228
0 0.418465 0.975127 0.018456 0.015228
0 0.472303 0.975127 0.072413 0.015228
0 0.531915 0.975127 0.030003 0.015228
0 0.571256 0.975127 0.031874 0.015228
0 0.619818 0.975127 0.048442 0.015228
