0 0.253438 0.020305 0.030511 0.040609
0 0.298397 0.020305 0.046801 0.040609
0 0.341821 0.020305 0.027442 0.040609
0 0.380597 0.020305 0.037503 0.040609
0 0.422749 0.020305 0.034196 0.040609
0 0.453470 0.020305 0.014640 0.040609
1 0.500661 0.020305 0.067137 0.040609
0 0.500661 0.061112 0.058733 0.014610
0 0.500661 0.087905 0.058733 0.014610
0 0.500661 0.114697 0.058733 0.014610
0 0.500661 0.141490 0.058733 0.014610
0 0.500661 0.168282 0.058733 0.014610
0 0.500661 0.195075 0.058733 0.014610
0 0.500661 0.221867 0.058733 0.014610
0 0.290704 0.086294 0.105042 0.040609
11 0.501838 0.086294 0.189076 0.048731
5 0.471946 0.087310 0.128242 0.048731
2 0.471946 0.087310 0.128242 0.048731
1 0.564121 0.086294 0.060309 0.040609
1 0.719550 0.086294 0.084534 0.048731
1 0.749212 0.082772 0.010389 0.009076
1 0.749212 0.086294 0.011029 0.017259
0 0.252675 0.152284 0.028985 0.040609
0 0.254169 0.196447 0.019367 0.017259
0 0.259770 0.225682 0.030569 0.017259
0 0.259844 0.254918 0.030717 0.017259
0 0.251883 0.284153 0.014796 0.017259
0 0.259782 0.313388 0.030593 0.017259
0 0.262589 0.342624 0.036207 0.017259
0 0.284237 0.152284 0.017332 0.040609
0 0.311864 0.152284 0.021115 0.040609
0 0.328228 0.196447 0.041237 0.017259
0 0.321088 0.225682 0.026958 0.017259
0 0.331005 0.254918 0.046793 0.017259
0 0.328404 0.284153 0.041590 0.017259
0 0.343491 0.152284 0.025333 0.040609
0 0.373646 0.152284 0.018169 0.040609
0 0.389296 0.196447 0.036863 0.017259
0 0.393391 0.225682 0.045053 0.017259
0 0.383206 0.254918 0.024685 0.017259
0 0.393879 0.284153 0.046030 0.017259
0 0.402561 0.313388 0.063394 0.017259
0 0.385430 0.342624 0.029133 0.017259
0 0.390395 0.371859 0.039062 0.017259
0 0.389468 0.401095 0.037208 0.017259
0 0.387043 0.430330 0.032358 0.017259
0 0.389197 0.459565 0.036666 0.017259
0 0.427603 0.152284 0.072939 0.040609
0 0.412992 0.196447 0.031110 0.017259
0 0.407083 0.225682 0.019293 0.017259
0 0.415995 0.254918 0.037118 0.017259
0 0.416541 0.284153 0.038209 0.017259
0 0.423520 0.313388 0.052168 0.017259
0 0.412483 0.342624 0.030093 0.017259
0 0.431522 0.371859 0.068171 0.017259
0 0.418478 0.401095 0.042082 0.017259
0 0.429088 0.430330 0.063304 0.017259
0 0.413550 0.459565 0.032227 0.017259
0 0.434464 0.544734 0.074055 0.034105
0 0.434464 0.582495 0.074055 0.017053
0 0.434464 0.620257 0.074055 0.034105
0 0.434464 0.666545 0.074055 0.034105
0 0.493989 0.152284 0.043026 0.040609
0 0.497243 0.196447 0.036929 0.017259
0 0.487485 0.225682 0.017414 0.017259
0 0.489832 0.254918 0.022108 0.017259
0 0.486226 0.284153 0.014895 0.017259
0 0.483489 0.313388 0.009421 0.017259
0 0.488889 0.342624 0.020221 0.017259
0 0.540782 0.152284 0.033753 0.040609
0 0.550925 0.196447 0.041434 0.017259
0 0.547388 0.225682 0.034360 0.017259
0 0.549452 0.254918 0.038488 0.017259
0 0.545652 0.284153 0.030889 0.017259
0 0.548746 0.313388 0.037077 0.017259
0 0.563017 0.342624 0.065618 0.017259
0 0.537651 0.371859 0.014886 0.017259
0 0.557872 0.401095 0.055328 0.017259
0 0.541167 0.430330 0.021919 0.017259
0 0.584895 0.152284 0.037667 0.040609
0 0.587919 0.196447 0.031110 0.017259
0 0.595617 0.234208 0.046506 0.034312
0 0.584235 0.271970 0.023741 0.017259
0 0.589417 0.301206 0.034106 0.017259
0 0.584423 0.330441 0.024119 0.017259
0 0.594928 0.359676 0.045127 0.017259
0 0.588506 0.388912 0.032284 0.017259
0 0.601156 0.418147 0.057584 0.017259
0 0.591042 0.447383 0.037356 0.017259
0 0.622230 0.152284 0.020196 0.040609
0 0.633990 0.196447 0.031110 0.017259
0 0.644974 0.225682 0.053079 0.017259
0 0.629682 0.254918 0.022494 0.017259
0 0.630457 0.284153 0.024045 0.017259
0 0.641565 0.313388 0.046260 0.017259
0 0.640851 0.342624 0.044832 0.017259
0 0.627446 0.371859 0.018021 0.017259
0 0.643489 0.401095 0.050108 0.017259
0 0.625878 0.430330 0.014886 0.017259
0 0.640728 0.459565 0.044585 0.017259
0 0.655462 0.544734 0.074055 0.034105
0 0.650986 0.152284 0.020508 0.040609
0 0.669310 0.196447 0.044553 0.017259
0 0.671752 0.225682 0.049435 0.017259
0 0.672158 0.254918 0.050248 0.017259
0 0.663591 0.284153 0.033113 0.017259
0 0.668375 0.321915 0.042682 0.034312
0 0.672503 0.359676 0.050937 0.017259
0 0.669713 0.388912 0.045357 0.017259
0 0.673397 0.418147 0.052726 0.017259
0 0.661477 0.447383 0.028887 0.017259
0 0.659524 0.476618 0.024980 0.017259
0 0.661929 0.505853 0.029789 0.017259
0 0.679080 0.152284 0.018875 0.040609
0 0.699354 0.196447 0.046818 0.017259
0 0.702793 0.225682 0.053695 0.017259
0 0.705640 0.254918 0.059390 0.017259
0 0.708008 0.284153 0.064125 0.017259
0 0.696671 0.313388 0.041451 0.017259
0 0.703100 0.342624 0.054310 0.017259
0 0.711672 0.152284 0.029502 0.040609
0 0.718779 0.196447 0.031110 0.017259
0 0.712895 0.225682 0.019343 0.017259
0 0.716387 0.254918 0.026326 0.017259
0 0.739845 0.284153 0.073242 0.017259
0 0.721790 0.313388 0.037134 0.017259
0 0.723846 0.342624 0.041245 0.017259
0 0.722197 0.371859 0.037946 0.017259
0 0.733760 0.401095 0.061072 0.017259
0 0.745454 0.152284 0.021255 0.040609
0 0.756684 0.196447 0.031110 0.017259
0 0.761468 0.225682 0.040679 0.017259
0 0.775506 0.254918 0.068753 0.017259
0 0.753923 0.284153 0.025588 0.017259
0 0.757931 0.313388 0.033605 0.017259
0 0.754120 0.342624 0.025981 0.017259
0 0.759105 0.371859 0.035952 0.017259
0 0.788669 0.152284 0.048369 0.040609
0 0.832216 0.152284 0.021919 0.040609
0 0.874032 0.152284 0.044905 0.040609
0 0.914407 0.152284 0.019039 0.040609
0 0.947742 0.152284 0.030823 0.040609
0 0.985778 0.152284 0.028443 0.040609
1 0.751313 0.152284 0.021008 0.040609
0 0.116203 0.649239 0.232405 0.368528
0 0.116203 0.878069 0.232405 0.137865
0 0.408351 0.649239 0.339286 0.368528
0 0.408351 0.902435 0.339286 0.186596
0 0.753939 0.649239 0.339286 0.368528
0 0.753939 0.902435 0.339286 0.186596
0 0.964942 0.649239 0.070116 0.368528
0 0.964942 0.902435 0.070116 0.186596
0 0.251313 0.638261 0.025210 0.048731
0 0.565389 0.638261 0.025210 0.048731
0 0.618258 0.508423 0.054269 0.038166
0 0.669905 0.536033 0.157563 0.017053
0 0.669905 0.569329 0.157563 0.017053
0 0.669905 0.602625 0.157563 0.017053
0 0.669905 0.635922 0.157563 0.017053
0 0.669905 0.669218 0.157563 0.017053
0 0.669905 0.702514 0.157563 0.017053
0 0.669905 0.735811 0.157563 0.017053
0 0.669905 0.769107 0.157563 0.017053
0 0.669905 0.802403 0.157563 0.017053
0 0.669905 0.835700 0.157563 0.017053
0 0.669905 0.868996 0.157563 0.017053
0 0.669905 0.902292 0.157563 0.017053
0 0.669905 0.952951 0.157563 0.017259
