0 0.031431 0.012587 0.062861 0.025174
0 0.199055 0.295431 0.162290 0.062944
12 0.456379 0.298477 0.167140 0.069036
0 0.445912 0.279188 0.057970 0.016244
12 0.623515 0.298477 0.167132 0.069036
0 0.630827 0.279188 0.093520 0.016244
12 0.790646 0.298477 0.167132 0.069036
0 0.803781 0.279188 0.105165 0.016244
0 0.132657 0.381726 0.029494 0.064975
0 0.169967 0.381726 0.045127 0.064975
0 0.207273 0.381726 0.029486 0.064975
0 0.243152 0.381726 0.042271 0.064975
0 0.281476 0.381726 0.034377 0.064975
0 0.314568 0.381726 0.031808 0.064975
0 0.344911 0.381726 0.028878 0.064975
0 0.378894 0.381726 0.039087 0.064975
0 0.417526 0.381726 0.038176 0.064975
0 0.453494 0.381726 0.033761 0.064975
0 0.503775 0.381726 0.066800 0.064975
0 0.557675 0.381726 0.040999 0.064975
0 0.596557 0.381726 0.036765 0.064975
0 0.633728 0.381726 0.037577 0.064975
0 0.674041 0.381726 0.043051 0.064975
1 0.641023 0.381718 0.067087 0.053601
1 0.779186 0.381726 0.190052 0.064975
1 0.700179 0.381726 0.032038 0.064975
1 0.700179 0.381726 0.032038 0.064975
1 0.700442 0.381726 0.006303 0.016244
1 0.757070 0.381726 0.081744 0.064975
1 0.757070 0.381726 0.081744 0.064975
1 0.757070 0.381726 0.056534 0.016244
1 0.757070 0.381726 0.056534 0.016244
1 0.822159 0.381726 0.048434 0.064975
1 0.822159 0.381726 0.048434 0.064975
1 0.860294 0.381726 0.027836 0.064975
1 0.860294 0.381726 0.027836 0.064975
1 0.864758 0.381726 0.010504 0.014213
12 0.198673 0.657075 0.161527 0.408566
0 0.198673 0.529101 0.161527 0.152617
0 0.453572 0.653014 0.331465 0.400444
12 0.177431 0.928363 0.119042 0.101523
0 0.177431 0.913301 0.119042 0.071399
12 0.304880 0.928363 0.119050 0.101523
0 0.304880 0.911104 0.119050 0.067005
12 0.432330 0.928363 0.119042 0.101523
0 0.432330 0.922272 0.119042 0.089340
12 0.559780 0.928363 0.119050 0.101523
0 0.559780 0.911104 0.119050 0.067005
12 0.753061 0.974619 0.242302 0.050761
0 0.753061 0.974619 0.031513 0.050761
