1 0.162027 0.160406 0.021008 0.040609
1 0.161502 0.160406 0.012605 0.024365
2 0.225840 0.160406 0.098214 0.040609
1 0.263918 0.160406 0.022059 0.040609
0 0.496061 0.160406 0.179097 0.044670
1 0.775514 0.160406 0.045168 0.040609
1 0.775514 0.160398 0.031513 0.020098
1 0.821449 0.160406 0.038299 0.040609
1 0.821449 0.160398 0.024644 0.020098
1 0.362255 0.223350 0.047794 0.024365
1 0.362255 0.223350 0.034139 0.021764
1 0.402003 0.223350 0.027500 0.024365
1 0.402003 0.223350 0.013844 0.021764
1 0.443441 0.223350 0.051175 0.024365
1 0.443441 0.223350 0.037520 0.021764
1 0.498441 0.223350 0.054622 0.024365
1 0.498441 0.223350 0.040966 0.021764
1 0.555163 0.223350 0.054622 0.024365
1 0.555163 0.223350 0.040966 0.021764
1 0.619169 0.223350 0.069188 0.024365
1 0.612867 0.223350 0.042928 0.021764
0 0.261358 0.276142 0.040441 0.040609
0 0.298385 0.276142 0.033613 0.040609
0 0.338691 0.276142 0.046998 0.040609
0 0.389238 0.276142 0.054097 0.040609
0 0.433093 0.276142 0.033613 0.040609
0 0.466707 0.276142 0.033613 0.040609
0 0.510393 0.276142 0.053760 0.040609
0 0.633309 0.272081 0.057617 0.032487
0 0.706547 0.272081 0.088859 0.032487
0 0.202825 0.316751 0.102605 0.013198
0 0.312315 0.316751 0.091165 0.013198
0 0.419171 0.316751 0.097336 0.013198
0 0.520258 0.316751 0.079627 0.013198
0 0.612649 0.316751 0.079947 0.013198
0 0.678883 0.316751 0.027311 0.013198
0 0.826418 0.316751 0.028361 0.016244
0 0.407826 0.481980 0.512605 0.241117
0 0.506742 0.398192 0.277664 0.073541
0 0.407826 0.643655 0.504202 0.025381
0 0.407805 0.749350 0.512564 0.021320
0 0.276523 0.905893 0.250000 0.188214
0 0.220851 0.861532 0.138655 0.097462
0 0.539128 0.905893 0.250000 0.188214
0 0.485520 0.861532 0.142783 0.097462
0 0.768120 0.381726 0.132353 0.024365
0 0.766544 0.736596 0.113445 0.023445
0 0.760767 0.788365 0.159664 0.063848
0 0.773011 0.844147 0.133732 0.045685
0 0.760767 0.918203 0.159664 0.063848
0 0.770327 0.973985 0.128365 0.045685
0 0.314338 0.955742 0.064076 0.019289
1 0.314338 0.947208 0.064076 0.040609
1 0.366859 0.947208 0.032563 0.040609
