1 0.145153 0.025458 0.025290 0.048880
0 0.209172 0.025458 0.044002 0.048880
1 0.267576 0.025458 0.059108 0.034623
1 0.718898 0.024440 0.066303 0.048880
1 0.786552 0.024440 0.069004 0.048880
1 0.836897 0.024440 0.031686 0.048880
1 0.231033 0.090631 0.184405 0.040733
10 0.231033 0.090631 0.184405 0.040733
18 0.729983 0.108961 0.238137 0.044807
18 0.836407 0.107943 0.016860 0.024440
1 0.404636 0.483388 0.531612 0.594068
10 0.404636 0.483388 0.531612 0.594068
1 0.770285 0.326470 0.165964 0.280232
10 0.770285 0.276572 0.165964 0.180435
1 0.770285 0.640307 0.165964 0.280232
10 0.770285 0.590409 0.165964 0.180435
1 0.313224 0.907014 0.348788 0.185973
10 0.313224 0.907014 0.348788 0.185973
1 0.678872 0.907014 0.348788 0.185973
10 0.678872 0.907014 0.348788 0.185973
