0 0.548090 0.954315 0.045267 0.018274
0 0.185137 0.318782 0.012605 0.024365
0 0.564338 0.318782 0.046744 0.012183
0 0.769892 0.318782 0.022239 0.014213
0 0.496061 0.371574 0.283088 0.056853
0 0.292747 0.429434 0.020467 0.017053
0 0.319677 0.429434 0.018686 0.017053
0 0.351542 0.429434 0.030339 0.017053
0 0.378997 0.429434 0.009864 0.017053
0 0.398474 0.429434 0.014386 0.017053
0 0.427907 0.429434 0.029773 0.017053
0 0.458061 0.429434 0.015830 0.017053
0 0.487075 0.429434 0.027491 0.017053
0 0.535242 0.429434 0.054138 0.017053
0 0.579184 0.429434 0.019039 0.017053
0 0.608595 0.429434 0.025079 0.017053
0 0.637843 0.429434 0.018711 0.017053
0 0.663435 0.429434 0.017767 0.017053
0 0.386226 0.479188 0.065618 0.014213
0 0.461963 0.479188 0.057560 0.014213
0 0.530109 0.479188 0.050437 0.014213
0 0.615119 0.479188 0.091288 0.014213
0 0.677825 0.479188 0.005827 0.014213
0 0.500263 0.709304 0.268908 0.346526
0 0.266019 0.616751 0.174370 0.161421
0 0.266019 0.792893 0.174370 0.042640
0 0.195661 0.854822 0.033654 0.016244
1 0.336824 0.854822 0.032760 0.020305
0 0.191927 0.955155 0.026187 0.013198
0 0.249212 0.985446 0.140756 0.029109
0 0.353196 0.955155 0.033597 0.013198
0 0.406775 0.985446 0.140756 0.029109
0 0.513495 0.955155 0.039071 0.013198
0 0.564338 0.985446 0.140756 0.029109
0 0.734506 0.769416 0.157563 0.226142
