17 0.163593 0.144603 0.022129 0.040733
1 0.213646 0.143585 0.061117 0.046843
17 0.273849 0.144603 0.035053 0.042770
17 0.309573 0.144603 0.034288 0.042770
17 0.350723 0.144603 0.045904 0.042770
17 0.367089 0.144603 0.013172 0.042770
17 0.390835 0.144603 0.032213 0.042770
1 0.792006 0.144595 0.076635 0.040176
10 0.812146 0.143067 0.023709 0.024901
17 0.178140 0.210794 0.051222 0.018330
17 0.304206 0.210794 0.062064 0.018330
17 0.359890 0.210794 0.014530 0.018330
17 0.404459 0.210794 0.039836 0.018330
17 0.507907 0.210794 0.028212 0.018330
17 0.570963 0.210794 0.063126 0.018330
17 0.648207 0.210794 0.056589 0.018330
1 0.472578 0.441255 0.266596 0.289842
10 0.472578 0.441255 0.266596 0.289842
1 0.176588 0.335349 0.022828 0.014257
1 0.245904 0.411724 0.161461 0.122200
1 0.238981 0.496754 0.133916 0.035642
1 0.240426 0.537487 0.136805 0.035642
10 0.725533 0.417253 0.222455 0.241837
0 0.725533 0.417245 0.031612 0.061100
1 0.662305 0.558538 0.036889 0.021067
1 0.206035 0.660634 0.107012 0.116328
10 0.206035 0.660634 0.107012 0.116328
1 0.172517 0.734073 0.039976 0.014257
1 0.206035 0.781934 0.107012 0.073320
1 0.321477 0.660634 0.107012 0.116328
10 0.321477 0.660634 0.107012 0.116328
1 0.279385 0.734073 0.022828 0.014257
1 0.321477 0.781934 0.107012 0.073320
1 0.436920 0.660634 0.107012 0.116328
10 0.436920 0.660634 0.107012 0.116328
1 0.401220 0.734073 0.035613 0.014257
1 0.436920 0.772769 0.107012 0.054990
1 0.552362 0.660634 0.107012 0.116328
10 0.552362 0.660634 0.107012 0.116328
1 0.512015 0.734073 0.026319 0.014257
1 0.552362 0.772769 0.107012 0.054990
1 0.206035 0.893051 0.107012 0.116328
10 0.206035 0.893051 0.107012 0.116328
1 0.165688 0.966491 0.026319 0.014257
1 0.206035 0.988846 0.107012 0.022308
1 0.321477 0.893051 0.107012 0.116328
10 0.321477 0.893051 0.107012 0.116328
1 0.282081 0.966491 0.028220 0.014257
1 0.321477 0.988846 0.107012 0.022308
1 0.436920 0.893051 0.107012 0.116328
10 0.436920 0.893051 0.107012 0.116328
1 0.396573 0.966491 0.026319 0.014257
1 0.436920 0.988846 0.107012 0.022308
1 0.552362 0.893051 0.107012 0.116328
10 0.552362 0.893051 0.107012 0.116328
1 0.505310 0.966491 0.012908 0.014257
1 0.552362 0.988846 0.107012 0.022308
1 0.707463 0.672933 0.150487 0.018728
1 0.708262 0.724757 0.152084 0.018728
1 0.713716 0.776580 0.162992 0.018728
1 0.724570 0.828403 0.184701 0.018728
1 0.702862 0.880227 0.141284 0.018728
1 0.713275 0.932050 0.162111 0.018728
1 0.727007 0.983874 0.189575 0.018728
