1 0.483230 0.212183 0.066776 0.034518
1 0.556760 0.212183 0.071880 0.034518
1 0.212447 0.270051 0.089286 0.032487
8 0.212447 0.270051 0.089286 0.032487
8 0.212447 0.338071 0.089286 0.103553
0 0.212447 0.303553 0.089286 0.034518
0 0.212447 0.338071 0.089286 0.034518
0 0.212447 0.372589 0.089286 0.034518
0 0.707405 0.270051 0.063181 0.032487
0 0.781394 0.270051 0.084797 0.032487
0 0.260242 0.325888 0.184874 0.077157
0 0.589023 0.325888 0.073529 0.032487
0 0.670956 0.325888 0.073529 0.032487
1 0.187295 0.382741 0.037930 0.034518
0 0.187356 0.382741 0.038053 0.034518
1 0.231564 0.382741 0.050363 0.034518
0 0.231675 0.382741 0.050584 0.034518
1 0.276810 0.382741 0.039686 0.034518
0 0.276892 0.382741 0.039850 0.034518
1 0.317846 0.382741 0.042058 0.034518
0 0.317941 0.382741 0.042247 0.034518
1 0.363257 0.382741 0.048385 0.034518
0 0.363367 0.382741 0.048607 0.034518
1 0.413931 0.636548 0.052521 0.034518
0 0.414071 0.636548 0.052800 0.034518
1 0.466030 0.636548 0.051118 0.034518
0 0.466157 0.636548 0.051372 0.034518
1 0.513528 0.636548 0.043371 0.034518
0 0.513623 0.636548 0.043560 0.034518
1 0.554577 0.636548 0.038349 0.034518
0 0.798845 0.636548 0.033088 0.034518
0 0.409926 0.863959 0.336134 0.272081
0 0.264964 0.739086 0.046210 0.022335
0 0.668330 0.833503 0.163866 0.211168
0 0.612161 0.739086 0.051528 0.022335
0 0.662380 0.967513 0.135160 0.064975
