1 0.205940 0.070265 0.062566 0.101833
10 0.205940 0.070265 0.062566 0.101833
2 0.369550 0.061100 0.110643 0.037678
0 0.443822 0.061100 0.032633 0.037678
1 0.342227 0.091650 0.055996 0.013238
1 0.387558 0.091650 0.026236 0.013238
4 0.609589 0.070265 0.010011 0.013238
2 0.609338 0.070265 0.009508 0.013238
1 0.210036 0.158859 0.061273 0.054990
1 0.279826 0.158859 0.038264 0.054990
1 0.330307 0.158859 0.022655 0.054990
1 0.376416 0.158859 0.029521 0.054990
1 0.423163 0.158859 0.023931 0.054990
1 0.463588 0.158859 0.016876 0.054990
1 0.507298 0.158859 0.030501 0.054990
1 0.548620 0.158859 0.012102 0.054990
1 0.587530 0.158859 0.025677 0.054990
1 0.635476 0.158859 0.030172 0.054990
1 0.684532 0.158859 0.027899 0.054990
1 0.730658 0.158859 0.024310 0.054990
1 0.780703 0.158859 0.035737 0.054990
1 0.309849 0.634038 0.280921 0.261965
10 0.309849 0.635438 0.280921 0.264766
1 0.293512 0.698574 0.235602 0.124236
1 0.294776 0.789715 0.234968 0.019348
1 0.297497 0.818228 0.240409 0.019348
1 0.549036 0.595532 0.176395 0.184954
10 0.549036 0.598794 0.176395 0.191478
1 0.543837 0.753182 0.165997 0.046843
1 0.546188 0.811227 0.154892 0.038697
1 0.722891 0.664460 0.150257 0.322811
10 0.722891 0.595214 0.150257 0.184318
1 0.873148 0.664460 0.150257 0.322811
10 0.873148 0.595214 0.150257 0.184318
0 0.658300 0.617363 0.010537 0.020367
0 0.787482 0.617363 0.010537 0.020367
1 0.237643 0.930244 0.136509 0.139511
10 0.237643 0.930244 0.136509 0.139511
1 0.382055 0.930244 0.136509 0.139511
10 0.382055 0.930244 0.136509 0.139511
1 0.549036 0.930244 0.176395 0.139511
10 0.549036 0.930244 0.176395 0.139511
1 0.722891 0.930244 0.150257 0.139511
10 0.722891 0.930244 0.150257 0.139511
1 0.873815 0.251082 0.153961 0.039715
1 0.879170 0.261774 0.056976 0.018330
0 0.875864 0.298434 0.105374 0.030550
