1 0.710864 0.018274 0.051471 0.025761
1 0.773626 0.018274 0.058298 0.019670
1 0.773626 0.017576 0.051996 0.014213
1 0.837603 0.018274 0.031201 0.036548
0 0.048319 0.231068 0.096639 0.051793
0 0.048319 0.282860 0.096639 0.051793
0 0.048319 0.334653 0.096639 0.051793
0 0.048319 0.386445 0.096639 0.051793
0 0.048319 0.438238 0.096639 0.051793
0 0.048319 0.490030 0.096639 0.051793
0 0.048319 0.541823 0.096639 0.051793
0 0.048319 0.593615 0.096639 0.051793
0 0.048319 0.645408 0.096639 0.051793
0 0.048319 0.697200 0.096639 0.051793
0 0.048319 0.748993 0.096639 0.051793
0 0.048319 0.800785 0.096639 0.051793
0 0.048319 0.852578 0.096639 0.051793
0 0.048319 0.904370 0.096639 0.051793
0 0.048319 0.956163 0.096639 0.051793
0 0.048319 0.991030 0.096639 0.017941
1 0.143120 0.078173 0.025210 0.048731
0 0.179884 0.078173 0.039916 0.024683
11 0.237752 0.078165 0.050609 0.025650
0 0.237752 0.077522 0.050609 0.034518
11 0.279642 0.078165 0.033170 0.025650
0 0.279642 0.077522 0.033170 0.034518
11 0.309209 0.078165 0.025965 0.025650
0 0.309209 0.077522 0.025965 0.034518
11 0.337251 0.078165 0.030118 0.025650
0 0.337251 0.077522 0.030118 0.034518
11 0.377778 0.078165 0.050937 0.025650
0 0.377778 0.077522 0.050937 0.034518
11 0.420968 0.078165 0.035443 0.025650
0 0.420968 0.077522 0.035443 0.034518
11 0.463596 0.078165 0.049813 0.025650
0 0.463596 0.077522 0.049813 0.034518
11 0.504444 0.078165 0.031882 0.025650
0 0.504444 0.077522 0.031882 0.034518
11 0.545045 0.078165 0.049321 0.025650
0 0.545045 0.077522 0.049321 0.034518
0 0.685498 0.077522 0.041820 0.014213
0 0.741991 0.077522 0.045956 0.014213
13 0.815389 0.078157 0.075630 0.016244
0 0.781775 0.078157 0.008403 0.016244
0 0.798582 0.078157 0.008403 0.016244
0 0.815389 0.078157 0.008403 0.016244
0 0.832195 0.078157 0.008403 0.016244
0 0.849002 0.078157 0.008403 0.016244
0 0.359506 0.459645 0.483193 0.525381
0 0.370006 0.734518 0.013417 0.014213
0 0.370011 0.809914 0.420168 0.091371
0 0.375209 0.877935 0.055467 0.014213
0 0.254464 0.963206 0.231092 0.073588
0 0.485819 0.963206 0.230567 0.073588
0 0.737920 0.345146 0.272584 0.296383
0 0.628508 0.545622 0.011743 0.013198
0 0.737658 0.592941 0.230042 0.050761
0 0.650374 0.689610 0.034664 0.014213
0 0.761817 0.884787 0.182773 0.040609
0 0.643120 0.891133 0.042017 0.081218
0 0.761817 0.991632 0.182773 0.016735
0 0.643120 0.984653 0.042017 0.030695
