17 0.160959 0.160896 0.021075 0.040733
0 0.160432 0.160896 0.012645 0.024440
18 0.224974 0.160896 0.098525 0.040733
18 0.263172 0.160896 0.022129 0.040733
1 0.496048 0.160896 0.179663 0.044807
10 0.496048 0.160896 0.179663 0.044807
19 0.776385 0.160896 0.045311 0.040733
0 0.776385 0.160888 0.031612 0.020160
19 0.822465 0.160896 0.038420 0.040733
0 0.822465 0.160888 0.024722 0.020160
0 0.361820 0.224033 0.047945 0.024440
0 0.361820 0.224033 0.034247 0.021830
0 0.401693 0.224033 0.027587 0.024440
0 0.401693 0.224033 0.013888 0.021830
0 0.443263 0.224033 0.051337 0.024440
0 0.443263 0.224033 0.037638 0.021830
0 0.498436 0.224033 0.054795 0.024440
0 0.498436 0.224033 0.041096 0.021830
0 0.555338 0.224033 0.054795 0.024440
0 0.555338 0.224033 0.041096 0.021830
0 0.619546 0.224033 0.069407 0.024440
0 0.613224 0.224033 0.043063 0.021830
1 0.260603 0.276986 0.040569 0.040733
1 0.297748 0.276986 0.033720 0.040733
1 0.338181 0.276986 0.047147 0.040733
1 0.388888 0.276986 0.054268 0.040733
1 0.432882 0.276986 0.033720 0.040733
1 0.466601 0.276986 0.033720 0.040733
1 0.510426 0.276986 0.053930 0.040733
1 0.633730 0.272912 0.057799 0.032587
1 0.707200 0.272912 0.089140 0.032587
1 0.200993 0.317719 0.101143 0.013238
1 0.308948 0.317719 0.089477 0.013238
1 0.416145 0.317719 0.099628 0.013238
1 0.520507 0.317719 0.083805 0.013238
1 0.615154 0.317719 0.080200 0.013238
1 0.681597 0.317719 0.027397 0.013238
1 0.827450 0.317719 0.028451 0.016293
1 0.407534 0.483452 0.514226 0.241853
10 0.250527 0.483452 0.200211 0.241853
1 0.506104 0.399408 0.277224 0.073765
10 0.540832 0.418852 0.008430 0.016293
1 0.407534 0.645621 0.505796 0.025458
10 0.159905 0.645621 0.010537 0.025458
1 0.407514 0.751639 0.514184 0.021385
10 0.407514 0.725616 0.514184 0.077504
1 0.275817 0.907133 0.250790 0.185734
1 0.222866 0.864164 0.144889 0.097760
10 0.193864 0.898533 0.008430 0.016293
10 0.162013 0.931374 0.023182 0.016293
10 0.353164 0.872303 0.096096 0.116074
1 0.539252 0.907133 0.250790 0.185734
1 0.437829 0.825181 0.047945 0.021830
1 0.483404 0.890068 0.139094 0.097760
10 0.503425 0.924437 0.008430 0.016293
10 0.616599 0.872303 0.096096 0.116074
1 0.768967 0.382892 0.132771 0.024440
10 0.695996 0.738846 0.028978 0.020367
1 0.767387 0.738846 0.113804 0.023517
1 0.761591 0.790773 0.160169 0.064043
10 0.694152 0.783191 0.016860 0.032587
1 0.772384 0.846725 0.131174 0.045825
1 0.761591 0.921008 0.160169 0.064043
10 0.694152 0.913426 0.016860 0.032587
1 0.769490 0.976960 0.125387 0.045825
10 0.788462 0.991726 0.008430 0.016293
1 0.313751 0.955607 0.064278 0.019348
0 0.313751 0.947047 0.064278 0.040733
0 0.366438 0.947047 0.032666 0.040733
