0 0.000263 0.134518 0.000525 0.001015
1 0.496061 0.329188 0.992122 0.658376
1 0.180118 0.158376 0.040384 0.022335
0 0.498950 0.158376 0.042542 0.025381
1 0.735044 0.158376 0.042435 0.020305
1 0.801581 0.157360 0.044421 0.022335
0 0.175855 0.206187 0.026605 0.019289
0 0.220744 0.206187 0.037963 0.019289
1 0.821691 0.207107 0.021008 0.044670
0 0.207856 0.268020 0.095859 0.040609
0 0.240809 0.340102 0.161765 0.095431
0 0.410977 0.340102 0.161765 0.095431
0 0.581145 0.340102 0.161765 0.095431
0 0.751313 0.340102 0.161765 0.095431
1 0.315988 0.791854 0.254349 0.416291
0 0.628488 0.791854 0.349642 0.416291
