0 0.158325 0.050407 0.018440 0.035642
1 0.039120 0.057026 0.052950 0.020367
10 0.037935 0.050916 0.050580 0.024440
1 0.077450 0.119654 0.129610 0.039715
1 0.077450 0.161405 0.129610 0.039715
1 0.077450 0.203157 0.129610 0.039715
17 0.077450 0.244908 0.129610 0.039715
1 0.077450 0.286660 0.129610 0.039715
1 0.077450 0.328411 0.129610 0.039715
1 0.077450 0.370163 0.129610 0.039715
1 0.077450 0.411914 0.129610 0.039715
1 0.077450 0.453666 0.129610 0.039715
1 0.077450 0.495418 0.129610 0.039715
1 0.077450 0.537169 0.129610 0.039715
17 0.077450 0.578921 0.129610 0.039715
1 0.077450 0.620672 0.129610 0.039715
17 0.077450 0.662424 0.129610 0.039715
1 0.077450 0.704175 0.129610 0.039715
1 0.077450 0.745927 0.129610 0.039715
17 0.077450 0.787678 0.129610 0.039715
17 0.077450 0.829430 0.129610 0.039715
1 0.077450 0.917515 0.129610 0.052953
2 0.080451 0.918534 0.088193 0.034623
0 0.147610 0.046843 0.032839 0.016293
4 0.154986 0.046843 0.018086 0.015116
1 0.197576 0.177699 0.132771 0.039715
1 0.197576 0.219450 0.132771 0.039715
1 0.197576 0.261202 0.132771 0.039715
1 0.197576 0.302953 0.132771 0.039715
1 0.197576 0.344705 0.132771 0.039715
1 0.197576 0.386456 0.132771 0.039715
0 0.147610 0.046843 0.032839 0.016293
4 0.154986 0.046843 0.018086 0.015116
1 0.197576 0.177699 0.132771 0.039715
1 0.197576 0.219450 0.132771 0.039715
1 0.197576 0.261202 0.132771 0.039715
1 0.197576 0.302953 0.132771 0.039715
1 0.197576 0.344705 0.132771 0.039715
1 0.197576 0.386456 0.132771 0.039715
0 0.147610 0.046843 0.032839 0.016293
4 0.154986 0.046843 0.018086 0.015116
1 0.197576 0.177699 0.132771 0.039715
1 0.197576 0.219450 0.132771 0.039715
1 0.197576 0.261202 0.132771 0.039715
0 0.147610 0.046843 0.032839 0.016293
4 0.154986 0.046843 0.018086 0.015116
1 0.197576 0.177699 0.132771 0.039715
1 0.197576 0.219450 0.132771 0.039715
1 0.197576 0.261202 0.132771 0.039715
1 0.197576 0.302953 0.132771 0.039715
0 0.147610 0.046843 0.032839 0.016293
4 0.154986 0.046843 0.018086 0.015116
1 0.197576 0.177699 0.132771 0.039715
1 0.197576 0.219450 0.132771 0.039715
1 0.197576 0.261202 0.132771 0.039715
1 0.197576 0.302953 0.132771 0.039715
1 0.197576 0.344705 0.132771 0.039715
1 0.197576 0.386456 0.132771 0.039715
1 0.197576 0.428208 0.132771 0.039715
1 0.197576 0.469959 0.132771 0.039715
1 0.197576 0.670236 0.121180 0.066191
1 0.197576 0.576773 0.121180 0.039715
3 0.079031 0.886456 0.132771 0.035642
0 0.079031 0.961303 0.132771 0.035642
0 0.044257 0.961303 0.063224 0.035642
0 0.113804 0.961303 0.063224 0.035642
1 0.575079 0.584521 0.632244 0.610998
1 0.334826 0.961303 0.151739 0.077393
10 0.334826 0.961303 0.151739 0.077393
1 0.496048 0.961303 0.145416 0.077393
10 0.496048 0.961303 0.145416 0.077393
1 0.654110 0.961303 0.145416 0.077393
10 0.654110 0.961303 0.145416 0.077393
1 0.815332 0.961303 0.151739 0.077393
10 0.815332 0.961303 0.151739 0.077393
