17 0.216280 0.024440 0.010537 0.014257
18 0.496048 0.023422 0.200211 0.034623
2 0.496048 0.023422 0.200211 0.034623
18 0.580348 0.023422 0.031612 0.034623
2 0.469001 0.023422 0.146116 0.034623
18 0.526253 0.023422 0.031612 0.034623
18 0.570951 0.023215 0.049353 0.034210
10 0.503713 0.073113 0.006322 0.015275
1 0.491834 0.108548 0.200211 0.034623
10 0.579821 0.108548 0.009484 0.018330
1 0.491834 0.143171 0.200211 0.034623
10 0.579821 0.143171 0.009484 0.018330
1 0.491834 0.177794 0.200211 0.034623
10 0.579821 0.177794 0.009484 0.018330
1 0.491834 0.212417 0.200211 0.034623
1 0.491834 0.247040 0.200211 0.034623
0 0.709847 0.023931 0.056927 0.031568
0 0.760542 0.023931 0.040034 0.031568
1 0.288198 0.404277 0.139621 0.051585
10 0.288198 0.404277 0.139621 0.051585
1 0.246332 0.487876 0.047459 0.042961
1 0.297867 0.487876 0.055610 0.042961
1 0.346207 0.487876 0.041071 0.042961
1 0.387826 0.487876 0.042166 0.042961
1 0.432688 0.487876 0.047558 0.042961
1 0.477024 0.487876 0.041112 0.042961
1 0.522083 0.487876 0.049007 0.042961
1 0.569514 0.487876 0.045854 0.042961
1 0.618258 0.487876 0.051633 0.042961
1 0.663861 0.487876 0.039573 0.042961
1 0.702096 0.487876 0.036897 0.042961
1 0.742916 0.487876 0.044743 0.042961
1 0.239302 0.530836 0.033399 0.042961
1 0.279554 0.530836 0.047106 0.042961
1 0.322087 0.530836 0.037959 0.042961
1 0.353205 0.530836 0.024277 0.042961
1 0.384780 0.530836 0.038873 0.042961
1 0.416293 0.530836 0.024154 0.042961
1 0.484713 0.530836 0.112684 0.042961
1 0.567699 0.530836 0.053288 0.042961
1 0.606345 0.530836 0.024006 0.042961
1 0.655826 0.530836 0.074956 0.042961
1 0.268440 0.730970 0.100105 0.108834
1 0.268033 0.825293 0.099290 0.053335
1 0.382244 0.730970 0.100105 0.108834
1 0.374856 0.825293 0.085328 0.053335
1 0.496048 0.730970 0.100105 0.108834
1 0.495098 0.825293 0.098204 0.053335
1 0.609852 0.730970 0.100105 0.108834
1 0.601505 0.825293 0.083410 0.053335
1 0.723656 0.730970 0.100105 0.108834
1 0.720117 0.825293 0.093026 0.053335
1 0.401212 0.944915 0.365648 0.110171
