0 0.110011 0.012183 0.013614 0.014213
0 0.131003 0.012183 0.012613 0.014213
0 0.151498 0.012183 0.012621 0.014213
0 0.170065 0.012183 0.008756 0.014213
0 0.186523 0.012183 0.008403 0.014213
0 0.202981 0.012183 0.008756 0.014213
0 0.304679 0.012690 0.025210 0.017259
0 0.335929 0.012690 0.011029 0.019289
0 0.358567 0.012690 0.007985 0.019289
0 0.386981 0.012690 0.022584 0.011168
0 0.427160 0.012690 0.031513 0.017259
0 0.551372 0.012183 0.056920 0.016244
0 0.605838 0.012183 0.039407 0.016244
0 0.718643 0.012183 0.052488 0.024365
0 0.812525 0.012183 0.007862 0.018274
0 0.826689 0.012183 0.007862 0.018274
0 0.840599 0.012183 0.007353 0.018274
0 0.856092 0.012183 0.011029 0.018274
0 0.871586 0.012183 0.007353 0.018274
0 0.885242 0.012183 0.007353 0.018274
0 0.129727 0.076142 0.053046 0.101523
0 0.218890 0.065688 0.093766 0.029854
0 0.431128 0.065688 0.236500 0.027411
1 0.578708 0.065181 0.037651 0.029442
2 0.803297 0.056853 0.139731 0.017259
5 0.882616 0.059692 0.009979 0.030457
2 0.879727 0.059692 0.015756 0.030457
0 0.227281 0.109629 0.110549 0.034549
0 0.327251 0.109629 0.051233 0.034549
0 0.393259 0.109629 0.042640 0.034549
0 0.447766 0.109629 0.028214 0.034549
0 0.496758 0.109629 0.031627 0.034549
0 0.557523 0.109629 0.051741 0.034549
0 0.622657 0.109629 0.040367 0.034549
0 0.680951 0.109629 0.038078 0.034549
0 0.748162 0.109629 0.058183 0.034549
0 0.813468 0.109629 0.034286 0.034549
0 0.869305 0.109629 0.039227 0.034549
0 0.496061 0.148953 0.992122 0.044099
0 0.247243 0.352998 0.288078 0.313230
0 0.276043 0.561231 0.230461 0.023350
0 0.276043 0.644162 0.230461 0.046701
0 0.276043 0.727094 0.230461 0.046701
0 0.276043 0.810025 0.230461 0.046701
0 0.574625 0.227919 0.230461 0.046701
0 0.574625 0.311294 0.230461 0.046701
0 0.574625 0.394670 0.230461 0.046701
0 0.574625 0.478062 0.230461 0.023350
0 0.574625 0.561231 0.230461 0.046701
0 0.574625 0.644162 0.230461 0.023350
0 0.574625 0.727094 0.230461 0.046701
0 0.574625 0.810025 0.230461 0.046701
0 0.725500 0.202982 0.050264 0.023350
0 0.784947 0.472970 0.169159 0.043655
0 0.791976 0.551142 0.183216 0.043655
0 0.792583 0.629315 0.184431 0.043655
0 0.790999 0.707487 0.181263 0.043655
0 0.786892 0.785660 0.173049 0.043655
0 0.782333 0.863832 0.163931 0.043655
0 0.781718 0.942005 0.162700 0.043655
0 0.784077 0.999175 0.167419 0.001650
0 0.492737 0.963959 0.057790 0.020305
1 0.643276 0.964467 0.080390 0.039594
