10 0.007903 0.015275 0.015806 0.030550
1 0.108778 0.012220 0.013657 0.014257
1 0.129837 0.012220 0.012653 0.014257
1 0.150397 0.012220 0.012661 0.014257
1 0.169022 0.012220 0.008784 0.014257
1 0.185532 0.012220 0.008430 0.014257
1 0.202042 0.012220 0.008784 0.014257
1 0.304062 0.012729 0.025290 0.017312
1 0.335411 0.012729 0.011064 0.019348
1 0.358120 0.012729 0.008010 0.019348
1 0.386624 0.012729 0.022655 0.011202
1 0.426930 0.012729 0.031612 0.017312
1 0.551535 0.012220 0.057100 0.016293
1 0.606173 0.012220 0.039532 0.016293
1 0.719334 0.012220 0.052654 0.024440
1 0.813513 0.012220 0.007887 0.018330
1 0.827722 0.012220 0.007887 0.018330
1 0.841675 0.012220 0.007376 0.018330
1 0.857218 0.012220 0.011064 0.018330
1 0.872761 0.012220 0.007376 0.018330
1 0.886459 0.012220 0.007376 0.018330
1 0.128556 0.076375 0.053214 0.101833
1 0.218001 0.065889 0.094063 0.029945
1 0.444827 0.065889 0.265082 0.027495
0 0.606790 0.065380 0.037770 0.029532
18 0.804255 0.057026 0.140172 0.017312
4 0.883825 0.059875 0.010011 0.030550
2 0.880927 0.059875 0.015806 0.030550
1 0.226418 0.109964 0.110898 0.034655
1 0.326705 0.109964 0.051395 0.034655
1 0.392922 0.109964 0.042775 0.034655
1 0.447601 0.109964 0.028303 0.034655
1 0.496748 0.109964 0.031727 0.034655
1 0.557705 0.109964 0.051905 0.034655
1 0.623045 0.109964 0.040495 0.034655
1 0.681523 0.109964 0.038198 0.034655
1 0.748946 0.109964 0.058367 0.034655
1 0.814459 0.109964 0.034395 0.034655
1 0.870472 0.109964 0.039351 0.034655
10 0.246444 0.309843 0.288988 0.314187
1 0.246444 0.309843 0.288988 0.314187
10 0.130845 0.518712 0.057791 0.062818
1 0.275335 0.518712 0.231189 0.046843
10 0.130845 0.601897 0.057791 0.062818
1 0.275335 0.601897 0.231189 0.046843
10 0.130845 0.685081 0.057791 0.062818
1 0.275335 0.685081 0.231189 0.046843
10 0.130845 0.771990 0.057791 0.062818
1 0.275335 0.771990 0.231189 0.070265
10 0.430371 0.184381 0.057791 0.062818
1 0.574861 0.184381 0.231189 0.023422
10 0.430371 0.268012 0.057791 0.062818
1 0.574861 0.268012 0.231189 0.046843
10 0.430371 0.351642 0.057791 0.062818
1 0.574861 0.351642 0.231189 0.046843
10 0.430371 0.435288 0.057791 0.062818
1 0.574861 0.435288 0.231189 0.046843
10 0.430371 0.518712 0.057791 0.062818
1 0.574861 0.518712 0.231189 0.023422
10 0.430371 0.601897 0.057791 0.062818
1 0.574861 0.601897 0.231189 0.046843
10 0.430371 0.685081 0.057791 0.062818
1 0.574861 0.685081 0.231189 0.046843
10 0.430371 0.771990 0.057791 0.062818
1 0.574861 0.771990 0.231189 0.046843
10 0.196519 0.921382 0.189138 0.157237
10 0.396194 0.921382 0.189138 0.157237
10 0.595870 0.921382 0.189138 0.157237
1 0.726213 0.159369 0.050423 0.023422
10 0.795574 0.284082 0.189146 0.205639
1 0.791656 0.441892 0.181309 0.067210
1 0.795084 0.532014 0.188167 0.043788
1 0.792467 0.610425 0.182931 0.043788
1 0.784028 0.688837 0.166055 0.043788
1 0.786914 0.767248 0.171826 0.043788
1 0.787161 0.845659 0.172320 0.043788
1 0.792195 0.924071 0.182388 0.043788
1 0.778821 0.990294 0.155641 0.019412
1 0.492714 0.963849 0.057972 0.020367
0 0.643729 0.964358 0.080644 0.039715
