17 0.185858 0.025458 0.043475 0.034623
18 0.232708 0.025458 0.033366 0.016293
0 0.281188 0.025458 0.046735 0.020367
1 0.496048 0.025458 0.033160 0.012220
1 0.765362 0.025458 0.012118 0.014257
19 0.813224 0.025458 0.012645 0.024440
18 0.486565 0.085540 0.634352 0.048880
0 0.796365 0.085540 0.009484 0.018330
18 0.818493 0.085540 0.018967 0.036660
10 0.219442 0.120242 0.110643 0.120322
1 0.548159 0.090631 0.529933 0.063136
1 0.496044 0.249650 0.237874 0.079430
10 0.496044 0.248632 0.237874 0.077393
1 0.401821 0.363194 0.050777 0.017312
1 0.464062 0.363194 0.048414 0.017312
1 0.513332 0.363194 0.024837 0.017312
1 0.569596 0.363194 0.062401 0.017312
1 0.639024 0.363194 0.051164 0.017312
1 0.684318 0.363194 0.014135 0.017312
1 0.717799 0.363194 0.027537 0.017312
1 0.404373 0.881953 0.454162 0.236093
10 0.404373 0.881953 0.454162 0.236093
1 0.736038 0.881953 0.157534 0.236093
10 0.736038 0.881953 0.157534 0.236093
10 0.352476 0.215345 0.109062 0.041752
10 0.675711 0.215345 0.036881 0.025840
1 0.408448 0.346710 0.050448 0.017312
0 0.368945 0.391516 0.142000 0.017312
0 0.368945 0.392025 0.142000 0.022403
0 0.635476 0.496913 0.117352 0.048880
0 0.334118 0.496913 0.072346 0.048880
1 0.533078 0.574306 0.044735 0.026477
1 0.564225 0.610457 0.041499 0.015275
0 0.481691 0.647499 0.030460 0.015275
0 0.481691 0.648103 0.030460 0.018521
0 0.394836 0.721582 0.115376 0.015275
0 0.394836 0.722187 0.115376 0.018521
1 0.330599 0.758624 0.040989 0.015275
