0 0.496061 0.174794 0.992122 0.349588
0 0.335732 0.456694 0.360015 0.116751
1 0.746061 0.425920 0.105042 0.055203
1 0.817489 0.425920 0.021008 0.040609
1 0.496061 0.566846 0.680672 0.071066
1 0.191410 0.566846 0.071371 0.071066
0 0.191410 0.566846 0.071371 0.071066
1 0.254452 0.566846 0.054712 0.071066
0 0.254452 0.566846 0.054712 0.071066
1 0.314211 0.566846 0.064806 0.071066
0 0.314211 0.566846 0.064806 0.071066
1 0.381368 0.566846 0.069508 0.071066
0 0.381368 0.566846 0.069508 0.071066
1 0.466493 0.566846 0.100742 0.071066
0 0.466493 0.566846 0.100742 0.071066
1 0.557240 0.566846 0.080751 0.071066
0 0.557240 0.566846 0.080751 0.071066
1 0.642689 0.566846 0.090147 0.071066
0 0.642689 0.566846 0.090147 0.071066
1 0.737161 0.566846 0.098797 0.071066
0 0.737161 0.566846 0.098797 0.071066
1 0.803075 0.566846 0.066644 0.071066
0 0.803075 0.566846 0.066644 0.071066
0 0.207195 0.824714 0.086134 0.040609
0 0.207195 0.899841 0.086134 0.040609
0 0.207195 0.974968 0.086134 0.040609
0 0.553834 0.809835 0.565126 0.368211
0 0.341518 0.997985 0.140494 0.004029
0 0.483062 0.997985 0.140494 0.004029
0 0.624606 0.997985 0.140494 0.004029
0 0.766150 0.997985 0.140494 0.004029
0 0.907694 0.997985 0.140494 0.004029
0 0.989496 0.997985 0.021008 0.004029
0 0.248835 0.890736 0.043855 0.013198
1 0.239233 0.942330 0.091912 0.042243
1 0.326155 0.942330 0.068277 0.042243
