0 0.222952 0.040102 0.115546 0.055838
0 0.316140 0.040094 0.037216 0.038975
0 0.380781 0.040094 0.066858 0.038975
0 0.464930 0.040094 0.076229 0.038975
0 0.536465 0.040094 0.041631 0.038975
1 0.726275 0.040102 0.021008 0.080203
1 0.759889 0.040102 0.037815 0.032487
1 0.804971 0.040102 0.043945 0.080203
0 0.191246 0.481218 0.052135 0.032487
1 0.592347 0.481218 0.016807 0.032487
0 0.382964 0.626602 0.435571 0.250159
0 0.271443 0.786612 0.212530 0.045495
0 0.490275 0.786612 0.212530 0.045495
0 0.271443 0.844289 0.212530 0.045495
0 0.490275 0.844289 0.212530 0.045495
0 0.722246 0.579172 0.209378 0.228395
0 0.667255 0.717735 0.099396 0.032487
1 0.818532 0.717735 0.016807 0.032487
0 0.722246 0.780679 0.209378 0.085279
0 0.721462 0.849921 0.207811 0.022747
0 0.382964 0.972097 0.435571 0.055806
0 0.722246 0.972097 0.209378 0.055806
1 0.693499 0.947716 0.117581 0.046701
1 0.693499 0.947716 0.089220 0.022335
1 0.793814 0.949239 0.027311 0.060914
1 0.793814 0.945178 0.027311 0.052792
1 0.496586 0.547351 0.143382 0.042640
1 0.496061 0.864705 0.176471 0.020654
