0 0.328519 0.083249 0.035714 0.058883
0 0.328256 0.083249 0.035189 0.058883
2 0.471901 0.083249 0.252101 0.058883
1 0.665179 0.083249 0.032563 0.058883
1 0.660714 0.083756 0.013130 0.025381
1 0.627889 0.083249 0.015756 0.058883
1 0.643120 0.083249 0.011555 0.058883
0 0.335347 0.156345 0.033613 0.069036
0 0.367384 0.156345 0.033613 0.069036
0 0.399422 0.156345 0.033613 0.069036
0 0.431985 0.156345 0.033613 0.069036
0 0.464023 0.156345 0.033613 0.069036
0 0.496061 0.156345 0.033613 0.069036
0 0.528099 0.156345 0.033613 0.069036
0 0.560137 0.156345 0.033613 0.069036
0 0.592700 0.156345 0.033613 0.069036
0 0.624737 0.156345 0.033613 0.069036
1 0.656775 0.144162 0.033613 0.044670
1 0.166229 0.029442 0.025210 0.048731
0 0.194065 0.029442 0.025210 0.048731
1 0.797532 0.029442 0.025210 0.048731
0 0.824842 0.029442 0.025210 0.048731
0 0.191952 0.397462 0.043043 0.023350
0 0.239721 0.397462 0.052496 0.023350
0 0.288234 0.397462 0.017217 0.023350
0 0.323410 0.397462 0.025826 0.023350
0 0.358587 0.397462 0.017217 0.023350
0 0.402372 0.397462 0.043043 0.023350
1 0.203392 0.451777 0.044914 0.026396
0 0.257940 0.451777 0.037922 0.026396
0 0.520397 0.451777 0.037561 0.026396
0 0.557010 0.451777 0.035665 0.026396
0 0.205427 0.524873 0.068942 0.056853
0 0.274369 0.524873 0.068942 0.056853
0 0.343311 0.524873 0.068942 0.056853
0 0.412253 0.524873 0.068942 0.056853
0 0.481195 0.524873 0.068942 0.056853
0 0.550137 0.524873 0.068942 0.056853
0 0.205427 0.581726 0.068942 0.056853
0 0.274369 0.581726 0.068942 0.056853
0 0.343311 0.581726 0.068942 0.056853
0 0.412253 0.581726 0.068942 0.056853
0 0.481195 0.581726 0.068942 0.056853
0 0.550137 0.581726 0.068942 0.056853
0 0.205427 0.638579 0.068942 0.056853
0 0.274369 0.638579 0.068942 0.056853
0 0.343311 0.638579 0.068942 0.056853
0 0.412253 0.638579 0.068942 0.056853
0 0.481195 0.638579 0.068942 0.056853
0 0.550137 0.638579 0.068942 0.056853
0 0.205427 0.695431 0.068942 0.056853
0 0.274369 0.695431 0.068942 0.056853
0 0.343311 0.695431 0.068942 0.056853
0 0.412253 0.695431 0.068942 0.056853
0 0.481195 0.695431 0.068942 0.056853
0 0.550137 0.695431 0.068942 0.056853
1 0.557248 0.770558 0.025735 0.056853
1 0.582983 0.770558 0.025735 0.056853
1 0.327468 0.770558 0.018908 0.036548
1 0.428309 0.770558 0.018908 0.036548
0 0.721901 0.302538 0.199580 0.056853
0 0.672819 0.357360 0.037109 0.020305
0 0.719973 0.357360 0.057199 0.020305
0 0.769055 0.357360 0.040966 0.020305
0 0.630962 0.976650 0.019802 0.040609
0 0.662204 0.976650 0.042682 0.026396
1 0.795357 0.976650 0.054770 0.040609
1 0.941702 0.955330 0.021008 0.040609
1 0.969013 0.955330 0.021008 0.040609
