1 0.188706 0.032587 0.075515 0.040733
18 0.392543 0.032587 0.281579 0.046843
18 0.557569 0.032587 0.037935 0.040733
1 0.612866 0.032587 0.018918 0.024440
1 0.650376 0.032587 0.026599 0.024440
1 0.689719 0.032587 0.022581 0.024440
0 0.727188 0.032984 0.022853 0.014257
1 0.776549 0.032587 0.042150 0.040733
1 0.821494 0.032587 0.039309 0.040733
1 0.214329 0.374745 0.063537 0.061100
10 0.270334 0.374745 0.031612 0.061100
1 0.340935 0.374745 0.073762 0.061100
3 0.426288 0.374745 0.012645 0.024440
10 0.545724 0.371181 0.028198 0.050578
1 0.601612 0.374745 0.045064 0.061100
10 0.583295 0.370672 0.008430 0.016293
10 0.583295 0.391039 0.008430 0.016293
3 0.632574 0.374745 0.012645 0.024440
1 0.685722 0.374745 0.064146 0.061100
1 0.081665 0.527495 0.145416 0.101833
1 0.125226 0.613035 0.058293 0.012220
1 0.081665 0.502037 0.145416 0.050916
10 0.014551 0.492872 0.011188 0.028513
10 0.143646 0.492872 0.014752 0.028513
1 0.081665 0.565173 0.145416 0.050916
10 0.015963 0.556008 0.014011 0.028513
10 0.147536 0.556008 0.013674 0.028513
1 0.081665 0.628310 0.145416 0.050916
10 0.015646 0.619145 0.013378 0.028513
10 0.148779 0.619145 0.011188 0.028513
1 0.081665 0.691446 0.145416 0.050916
10 0.016292 0.682281 0.014670 0.028513
10 0.148413 0.682281 0.011920 0.028513
1 0.081665 0.754582 0.145416 0.050916
10 0.015967 0.745418 0.014020 0.028513
10 0.146338 0.745418 0.014752 0.028513
1 0.142753 0.810591 0.023240 0.012220
1 0.081665 0.505092 0.145416 0.044807
1 0.081665 0.549898 0.145416 0.044807
1 0.081665 0.594705 0.145416 0.044807
1 0.081665 0.639511 0.145416 0.044807
1 0.081665 0.684318 0.145416 0.044807
1 0.081665 0.729124 0.145416 0.044807
1 0.142753 0.775967 0.023240 0.012220
10 0.083214 0.535840 0.059092 0.098832
1 0.140069 0.738289 0.028607 0.012220
1 0.081665 0.575356 0.145416 0.187373
10 0.081665 0.575356 0.145416 0.187373
1 0.081665 0.779022 0.145416 0.024440
0 0.254742 0.471487 0.141201 0.046843
0 0.254742 0.522403 0.141201 0.046843
0 0.254742 0.573320 0.141201 0.046843
0 0.254742 0.624236 0.141201 0.046843
0 0.254742 0.675153 0.141201 0.046843
0 0.254742 0.726069 0.141201 0.046843
0 0.254742 0.776986 0.141201 0.046843
0 0.626712 0.472505 0.012645 0.024440
0 0.597208 0.719450 0.021075 0.040733
0 0.622497 0.719450 0.021075 0.040733
10 0.198894 0.602088 0.290832 0.316191
1 0.148022 0.684827 0.172229 0.109980
10 0.067176 0.611507 0.010537 0.020367
10 0.496048 0.602088 0.290832 0.316191
1 0.469791 0.684827 0.221458 0.109980
10 0.364331 0.611507 0.010537 0.020367
10 0.793203 0.602088 0.290832 0.316191
1 0.485822 0.684827 0.222603 0.109980
10 0.364984 0.611507 0.010537 0.020367
10 0.793224 0.602088 0.290832 0.316191
1 0.752935 0.703157 0.193436 0.073320
10 0.661486 0.648167 0.010537 0.020367
1 0.974636 0.602000 0.050728 0.299723
1 0.974636 0.652956 0.050728 0.197811
1 0.992315 0.647992 0.015370 0.020367
1 0.967742 0.645446 0.009541 0.015275
1 0.976744 0.702982 0.046513 0.073320
10 0.396297 0.826717 0.091330 0.100481
1 0.396297 0.923800 0.091330 0.077393
10 0.355901 0.980827 0.010537 0.020367
10 0.496053 0.826717 0.091321 0.100481
1 0.496053 0.904452 0.091321 0.038697
10 0.455661 0.980827 0.010537 0.020367
10 0.595804 0.826717 0.091321 0.100481
1 0.595804 0.914126 0.091321 0.058045
10 0.555412 0.980827 0.010537 0.020367
1 0.682334 0.461303 0.031159 0.016293
0 0.780912 0.461303 0.054087 0.026477
10 0.685722 0.519348 0.037935 0.073320
1 0.737355 0.696538 0.115681 0.032587
