10 0.234457 0.072301 0.151212 0.144603
18 0.451264 0.083503 0.252898 0.059063
18 0.665701 0.083503 0.032666 0.059063
18 0.661222 0.084012 0.013172 0.025458
18 0.661222 0.084012 0.013172 0.025458
0 0.628293 0.083503 0.015806 0.059063
0 0.643572 0.083503 0.011591 0.059063
1 0.768967 0.142566 0.128556 0.109980
10 0.768967 0.142566 0.128556 0.109980
1 0.334826 0.156823 0.033720 0.069246
1 0.366965 0.156823 0.033720 0.069246
1 0.399104 0.156823 0.033720 0.069246
1 0.431770 0.156823 0.033720 0.069246
1 0.463909 0.156823 0.033720 0.069246
1 0.496048 0.156823 0.033720 0.069246
1 0.528188 0.156823 0.033720 0.069246
1 0.560327 0.156823 0.033720 0.069246
1 0.592993 0.156823 0.033720 0.069246
1 0.625132 0.156823 0.033720 0.069246
10 0.625132 0.144603 0.021075 0.040733
0 0.657271 0.144603 0.033720 0.044807
17 0.165174 0.029532 0.025290 0.048880
1 0.193098 0.029532 0.025290 0.048880
0 0.798472 0.029532 0.025290 0.048880
1 0.825869 0.029532 0.025290 0.048880
1 0.190978 0.398676 0.043179 0.023422
1 0.238899 0.398676 0.052662 0.023422
1 0.287564 0.398676 0.017271 0.023422
1 0.336781 0.398676 0.053765 0.023422
1 0.385998 0.398676 0.017271 0.023422
1 0.429922 0.398676 0.043179 0.023422
0 0.202454 0.453157 0.045056 0.026477
1 0.257174 0.453157 0.038042 0.026477
1 0.520462 0.453157 0.037679 0.026477
1 0.557190 0.453157 0.035778 0.026477
0 0.557429 0.772912 0.025817 0.057026
0 0.583246 0.772912 0.025817 0.057026
0 0.326923 0.772912 0.018967 0.036660
0 0.428082 0.772912 0.018967 0.036660
1 0.722603 0.303462 0.200211 0.057026
1 0.673365 0.358452 0.037227 0.020367
1 0.720668 0.358452 0.057379 0.020367
1 0.769906 0.358452 0.041096 0.020367
1 0.631376 0.979633 0.019865 0.040733
1 0.662717 0.979633 0.042816 0.026477
0 0.796291 0.979633 0.054943 0.040733
0 0.941517 0.955193 0.021075 0.040733
0 0.968915 0.955193 0.021075 0.040733
