0 0.189687 0.032487 0.075277 0.040609
1 0.392882 0.032487 0.280692 0.046701
1 0.557387 0.032487 0.037815 0.040609
0 0.612510 0.032487 0.018858 0.024365
0 0.649902 0.032487 0.026515 0.024365
0 0.689121 0.032487 0.022510 0.024365
1 0.726472 0.032884 0.022781 0.014213
0 0.775678 0.032487 0.042017 0.040609
0 0.820481 0.032487 0.039186 0.040609
0 0.225315 0.373604 0.083508 0.060914
0 0.361607 0.373604 0.073529 0.060914
8 0.446691 0.373604 0.012605 0.024365
0 0.509938 0.373604 0.084477 0.060914
0 0.638836 0.373604 0.073529 0.060914
0 0.762174 0.373604 0.057601 0.060914
8 0.799378 0.373604 0.012605 0.024365
0 0.852728 0.373604 0.064683 0.060914
1 0.186187 0.374619 0.018908 0.036548
1 0.805935 0.374619 0.018908 0.036548
0 0.081408 0.525888 0.144958 0.101523
0 0.124832 0.611168 0.058110 0.012183
0 0.081408 0.500508 0.144958 0.050761
0 0.081408 0.563452 0.144958 0.050761
0 0.081408 0.626396 0.144958 0.050761
0 0.081408 0.689340 0.144958 0.050761
0 0.081408 0.752284 0.144958 0.050761
0 0.142303 0.808122 0.023167 0.012183
0 0.081408 0.634010 0.142857 0.070051
0 0.129612 0.687310 0.046448 0.012183
0 0.081408 0.503553 0.144958 0.044670
0 0.081408 0.548223 0.144958 0.044670
0 0.081408 0.592893 0.144958 0.044670
0 0.081408 0.637563 0.144958 0.044670
0 0.081408 0.682234 0.144958 0.044670
0 0.081408 0.726904 0.144958 0.044670
0 0.142303 0.773604 0.023167 0.012183
0 0.081408 0.662944 0.144958 0.077157
0 0.139628 0.736041 0.028517 0.012183
0 0.081408 0.573604 0.144958 0.186802
0 0.081408 0.736041 0.144958 0.024365
0 0.461253 0.453299 0.370528 0.021320
1 0.770221 0.453807 0.073529 0.036041
0 0.213276 0.525888 0.056280 0.024365
0 0.274422 0.589848 0.102941 0.038579
0 0.262498 0.678173 0.079093 0.057868
0 0.267069 0.766497 0.088235 0.057868
0 0.262498 0.854822 0.079093 0.057868
0 0.274422 0.943147 0.102941 0.057868
1 0.626313 0.538071 0.012605 0.024365
1 0.596901 0.784264 0.021008 0.040609
1 0.622111 0.784264 0.021008 0.040609
0 0.172798 0.749746 0.219021 0.109645
0 0.462546 0.749746 0.206079 0.109645
0 0.766015 0.768020 0.220580 0.073096
0 0.975972 0.768020 0.048057 0.073096
0 0.396624 0.974707 0.091042 0.050587
0 0.496065 0.974707 0.091034 0.050587
0 0.595502 0.974707 0.091034 0.050587
0 0.681760 0.526904 0.031061 0.016244
1 0.780027 0.526904 0.053916 0.026396
0 0.736607 0.761421 0.115316 0.032487
