0 0.165179 0.038063 0.052521 0.023207
1 0.227363 0.038063 0.040334 0.017053
1 0.253763 0.123747 0.229689 0.070844
0 0.333414 0.138063 0.038874 0.017053
1 0.513783 0.123747 0.269343 0.070844
0 0.613261 0.138063 0.038874 0.017053
0 0.210412 0.256631 0.117778 0.054822
0 0.210412 0.329727 0.117778 0.054822
0 0.210412 0.402824 0.117778 0.054822
0 0.210412 0.475920 0.117778 0.054822
0 0.210412 0.549016 0.117778 0.054822
0 0.340796 0.256631 0.117778 0.054822
0 0.340796 0.329727 0.117778 0.054822
0 0.340796 0.402824 0.117778 0.054822
0 0.340796 0.475920 0.117778 0.054822
0 0.340796 0.549016 0.117778 0.054822
0 0.471179 0.256631 0.117778 0.054822
0 0.471179 0.329727 0.117778 0.054822
0 0.471179 0.402824 0.117778 0.054822
0 0.471179 0.475920 0.117778 0.054822
0 0.601562 0.256631 0.117778 0.054822
0 0.222689 0.702855 0.167542 0.054822
0 0.222689 0.775952 0.167542 0.054822
0 0.222689 0.849048 0.167542 0.054822
0 0.402836 0.702855 0.167542 0.054822
0 0.582983 0.702855 0.167542 0.054822
0 0.205296 0.667322 0.107545 0.042640
0 0.323673 0.667322 0.108201 0.042640
0 0.729623 0.667322 0.089745 0.042640
0 0.812800 0.675952 0.055598 0.020305
1 0.271505 0.038063 0.026942 0.017053
0 0.281566 0.165482 0.262187 0.018274
0 0.281566 0.214213 0.262187 0.018274
0 0.281566 0.262944 0.262187 0.018274
0 0.281566 0.311675 0.262187 0.018274
0 0.281566 0.360406 0.262187 0.018274
0 0.281566 0.409137 0.262187 0.018274
0 0.281566 0.457868 0.262187 0.018274
0 0.562660 0.165482 0.262187 0.018274
0 0.562660 0.214213 0.262187 0.018274
0 0.562660 0.262944 0.262187 0.018274
0 0.562660 0.311675 0.262187 0.018274
0 0.205296 0.526904 0.107545 0.042640
0 0.323673 0.526904 0.108201 0.042640
0 0.729623 0.526904 0.089745 0.042640
0 0.812800 0.535533 0.055598 0.020305
1 0.316398 0.038063 0.041836 0.017053
0 0.211290 0.110660 0.127938 0.012183
0 0.211290 0.165482 0.121635 0.018274
0 0.211290 0.214213 0.121635 0.018274
0 0.211290 0.262944 0.121635 0.018274
0 0.211290 0.311675 0.121635 0.018274
0 0.211290 0.360406 0.121635 0.018274
0 0.211290 0.409137 0.121635 0.018274
0 0.211290 0.457868 0.121635 0.018274
0 0.211290 0.506599 0.121635 0.018274
0 0.351837 0.165482 0.121644 0.018274
0 0.351837 0.261929 0.121644 0.018274
0 0.351837 0.310660 0.121644 0.018274
0 0.351837 0.359391 0.121644 0.018274
0 0.351837 0.408122 0.121644 0.018274
0 0.351837 0.456853 0.121644 0.018274
0 0.492384 0.110660 0.127938 0.012183
0 0.492384 0.165482 0.121635 0.018274
0 0.492384 0.214213 0.121635 0.018274
0 0.492384 0.262944 0.121635 0.018274
0 0.492384 0.311675 0.121635 0.018274
0 0.492384 0.360406 0.121635 0.018274
0 0.492384 0.409137 0.121635 0.018274
0 0.492384 0.457868 0.121635 0.018274
0 0.632931 0.110660 0.127946 0.012183
0 0.632931 0.165482 0.121644 0.018274
0 0.632931 0.214213 0.121644 0.018274
0 0.632931 0.262944 0.121644 0.018274
0 0.632931 0.311675 0.121644 0.018274
0 0.632931 0.360406 0.121644 0.018274
0 0.205296 0.575635 0.107545 0.042640
0 0.323673 0.575635 0.108201 0.042640
0 0.729623 0.575635 0.089745 0.042640
0 0.812800 0.584264 0.055598 0.020305
0 0.359794 0.037659 0.023946 0.018274
1 0.577715 0.036548 0.010504 0.020305
1 0.607040 0.038063 0.027139 0.017053
8 0.627610 0.114610 0.070378 0.038579
0 0.627610 0.114610 0.070378 0.038579
8 0.627610 0.153188 0.070378 0.038579
0 0.627610 0.153188 0.070378 0.038579
8 0.627610 0.191767 0.070378 0.038579
0 0.627610 0.191767 0.070378 0.038579
0 0.642849 0.037659 0.023470 0.018274
0 0.678871 0.037659 0.027565 0.018274
1 0.733571 0.038071 0.066078 0.040609
1 0.800190 0.038071 0.061909 0.040609
1 0.843487 0.036548 0.019433 0.038579
0 0.833451 0.126904 0.022699 0.016244
11 0.687237 0.203434 0.058824 0.083645
0 0.687237 0.203434 0.058824 0.083645
11 0.751313 0.203434 0.058824 0.083645
0 0.751313 0.203434 0.058824 0.083645
11 0.815389 0.203434 0.058824 0.083645
0 0.815389 0.203434 0.058824 0.083645
11 0.687237 0.297232 0.058824 0.083645
0 0.687237 0.297232 0.058824 0.083645
11 0.751313 0.297232 0.058824 0.083645
0 0.751313 0.297232 0.058824 0.083645
11 0.815389 0.297232 0.058824 0.083645
0 0.815389 0.297232 0.058824 0.083645
11 0.687237 0.391030 0.058824 0.083645
0 0.687237 0.391030 0.058824 0.083645
11 0.751313 0.391030 0.058824 0.083645
0 0.751313 0.391030 0.058824 0.083645
11 0.815389 0.391030 0.058824 0.083645
0 0.815389 0.391030 0.058824 0.083645
11 0.687237 0.550190 0.058824 0.098255
0 0.687237 0.550190 0.058824 0.098255
11 0.751313 0.550190 0.058824 0.098255
0 0.751313 0.550190 0.058824 0.098255
11 0.815389 0.550190 0.058824 0.098255
0 0.815389 0.550190 0.058824 0.098255
11 0.687237 0.658598 0.058824 0.098255
0 0.687237 0.658598 0.058824 0.098255
11 0.751313 0.658598 0.058824 0.098255
0 0.751313 0.658598 0.058824 0.098255
1 0.751313 0.754426 0.186975 0.044670
0 0.496061 0.102538 0.971113 0.050761
1 0.456202 0.447081 0.084575 0.046701
1 0.541496 0.447081 0.073406 0.046701
0 0.662826 0.765458 0.156266 0.403252
0 0.829597 0.765458 0.156266 0.403252
0 0.959118 0.765205 0.081764 0.402744
0 0.036937 0.765205 0.073873 0.402744
0 0.162511 0.765205 0.156266 0.402744
0 0.329283 0.765205 0.156266 0.402744
0 0.496054 0.765332 0.156266 0.402998
1 0.023044 0.964467 0.026261 0.050761
1 0.023044 0.964467 0.026261 0.050761
1 0.023044 0.964467 0.026261 0.050761
1 0.023044 0.964467 0.026261 0.050761
1 0.966912 0.951269 0.029412 0.056853
