1 0.191781 0.050916 0.021075 0.040733
10 0.191781 0.050916 0.021075 0.040733
0 0.560985 0.050916 0.039729 0.020367
1 0.632487 0.050916 0.071663 0.020367
1 0.712695 0.050916 0.057141 0.020367
1 0.780011 0.050916 0.045879 0.020367
2 0.265543 0.661405 0.168599 0.036660
2 0.265543 0.710285 0.168599 0.036660
0 0.207286 0.783605 0.052086 0.044807
0 0.294430 0.785642 0.101126 0.020367
4 0.185458 0.852851 0.008430 0.016293
5 0.186776 0.854379 0.006849 0.013238
4 0.224644 0.852851 0.057297 0.018330
10 0.645680 0.586558 0.299262 0.826884
