0 0.059349 0.060914 0.076681 0.040609
0 0.285878 0.061318 0.057363 0.039800
0 0.333201 0.061318 0.037282 0.039800
0 0.377244 0.061318 0.050806 0.039800
8 0.428933 0.061318 0.052570 0.039800
1 0.428933 0.061318 0.052570 0.039800
0 0.428933 0.061318 0.052570 0.039800
8 0.482775 0.061318 0.055114 0.039800
1 0.482775 0.061318 0.055114 0.039800
0 0.482775 0.061318 0.055114 0.039800
8 0.540006 0.061318 0.059349 0.039800
1 0.540006 0.061318 0.059349 0.039800
0 0.540006 0.061318 0.059349 0.039800
8 0.592605 0.061318 0.045849 0.039800
1 0.592605 0.061318 0.045849 0.039800
0 0.592605 0.061318 0.045849 0.039800
8 0.651728 0.061318 0.072397 0.039800
1 0.651728 0.061318 0.072397 0.039800
0 0.651728 0.061318 0.072397 0.039800
0 0.711426 0.061318 0.046998 0.039800
1 0.950154 0.061326 0.041918 0.039784
1 0.950154 0.061326 0.041918 0.039784
1 0.404280 0.763959 0.160993 0.065990
1 0.582860 0.763959 0.170956 0.065990
