1 0.047579 0.024440 0.078298 0.024440
10 0.014752 0.024440 0.012645 0.024440
0 0.816489 0.024440 0.052251 0.026063
0 0.888493 0.024440 0.083328 0.026477
10 0.858947 0.024440 0.010537 0.020367
0 0.959019 0.024440 0.049295 0.026477
10 0.946490 0.024440 0.010537 0.020367
10 0.496048 0.320774 0.992097 0.641548
0 0.512908 0.402240 0.958377 0.063136
0 0.108828 0.402240 0.150216 0.063136
10 0.052160 0.402240 0.014752 0.028513
0 0.241014 0.402240 0.097298 0.063136
10 0.210806 0.402240 0.014752 0.028513
10 0.051106 0.756619 0.016860 0.032587
10 0.254343 0.902749 0.352155 0.194501
10 0.534510 0.756619 0.016860 0.032587
10 0.616895 0.990374 0.158794 0.019253
10 0.776212 0.756619 0.016860 0.032587
10 0.858597 0.962974 0.158794 0.074052
