1 0.643358 0.461421 0.157563 0.040609
0 0.643358 0.538579 0.157563 0.040609
0 0.666332 0.580711 0.041237 0.015228
0 0.641852 0.586802 0.154551 0.027411
0 0.622111 0.592893 0.029921 0.015228
0 0.643358 0.721320 0.157563 0.040609
0 0.643358 0.778173 0.157563 0.040609
0 0.140313 0.973604 0.015740 0.012183
0 0.184603 0.973604 0.052144 0.012183
0 0.227141 0.973604 0.012236 0.012183
0 0.258789 0.973604 0.030364 0.012183
0 0.304938 0.973604 0.041237 0.012183
0 0.352941 0.973604 0.034073 0.012183
0 0.397272 0.973604 0.033892 0.012183
0 0.439937 0.973604 0.030741 0.012183
0 0.476169 0.973604 0.021025 0.012183
0 0.502782 0.973604 0.011505 0.012183
0 0.528398 0.973604 0.019031 0.012183
0 0.569303 0.973604 0.042082 0.012183
0 0.615099 0.973604 0.028813 0.012183
0 0.652885 0.973604 0.026064 0.012183
0 0.693967 0.973604 0.035402 0.012183
0 0.736279 0.973604 0.028525 0.012183
0 0.767878 0.973604 0.013976 0.012183
0 0.795480 0.973604 0.020532 0.012183
