0 0.028595 0.028426 0.039859 0.022335
1 0.896825 0.028426 0.053777 0.040609
1 0.945181 0.028426 0.034533 0.040609
1 0.977153 0.028426 0.021008 0.040609
0 0.359506 0.179695 0.147059 0.213198
0 0.514968 0.179695 0.147059 0.213198
0 0.670431 0.179695 0.147059 0.213198
0 0.825893 0.179695 0.147059 0.213198
0 0.953913 0.179695 0.092174 0.213198
0 0.478204 0.423350 0.384454 0.166497
0 0.319730 0.356345 0.050699 0.032487
1 0.657300 0.356345 0.016807 0.032487
0 0.477153 0.388832 0.365546 0.024365
0 0.477153 0.431472 0.365546 0.044670
0 0.645143 0.418782 0.017307 0.019289
0 0.312820 0.439086 0.036880 0.019289
0 0.350434 0.439086 0.026745 0.019289
0 0.376654 0.439086 0.014090 0.019289
0 0.319525 0.536041 0.050289 0.024365
0 0.367372 0.536041 0.027680 0.032487
1 0.657300 0.536041 0.016807 0.032487
0 0.763393 0.369543 0.143908 0.056853
0 0.763393 0.426396 0.143908 0.056853
0 0.763393 0.483249 0.143908 0.056853
0 0.763393 0.540102 0.143908 0.056853
0 0.763393 0.596954 0.143908 0.056853
1 0.710109 0.641624 0.037339 0.032487
1 0.142332 0.093401 0.016807 0.032487
0 0.066439 0.321827 0.116071 0.040609
0 0.066439 0.362437 0.116071 0.040609
0 0.066439 0.403046 0.116071 0.040609
0 0.066439 0.443655 0.116071 0.040609
0 0.066439 0.484264 0.116071 0.040609
0 0.066439 0.524873 0.116071 0.040609
0 0.066439 0.565482 0.116071 0.040609
0 0.066439 0.606091 0.116071 0.040609
0 0.066439 0.672081 0.116071 0.040609
0 0.066439 0.712690 0.116071 0.040609
0 0.066439 0.753299 0.116071 0.040609
0 0.066439 0.819289 0.116071 0.040609
0 0.066439 0.859898 0.116071 0.040609
0 0.066439 0.900508 0.116071 0.040609
0 0.066439 0.941117 0.116071 0.040609
0 0.066439 0.996954 0.116071 0.006091
