0 0.055147 0.048001 0.068277 0.021320
1 0.314790 0.040609 0.047285 0.024365
0 0.373400 0.040609 0.027918 0.022335
0 0.431197 0.040609 0.045660 0.022335
0 0.483665 0.040609 0.017258 0.022335
0 0.537909 0.040609 0.049214 0.022335
0 0.593569 0.040609 0.020089 0.022335
0 0.846298 0.040609 0.069024 0.053807
0 0.929113 0.040609 0.084001 0.053807
0 0.496061 0.248223 0.044397 0.049746
0 0.496061 0.404569 0.038308 0.021320
0 0.262342 0.837159 0.084034 0.098683
0 0.264427 0.959089 0.088202 0.053807
0 0.379210 0.848826 0.042033 0.025381
0 0.370002 0.890451 0.023618 0.025381
0 0.378291 0.932075 0.040195 0.025381
0 0.387978 0.973699 0.059570 0.025381
0 0.483013 0.848826 0.042837 0.025381
0 0.480908 0.890451 0.038628 0.025381
0 0.492282 0.932075 0.061376 0.025381
0 0.479398 0.973699 0.035608 0.025381
0 0.584226 0.848826 0.038463 0.025381
0 0.582007 0.890451 0.034024 0.025381
0 0.584185 0.932075 0.038381 0.025381
0 0.600385 0.973699 0.070780 0.025381
0 0.694590 0.848826 0.052390 0.025381
0 0.696178 0.890451 0.055566 0.025381
0 0.681797 0.932075 0.026802 0.025381
0 0.712283 0.973699 0.087776 0.025381
