1 0.055321 0.048148 0.068493 0.021385
10 0.055321 0.038593 0.068493 0.030311
0 0.314204 0.040733 0.047435 0.024440
1 0.373000 0.040733 0.028006 0.022403
1 0.430980 0.040733 0.045805 0.022403
1 0.483614 0.040733 0.017313 0.022403
1 0.538029 0.040733 0.049369 0.022403
1 0.593865 0.040733 0.020153 0.022403
1 0.845812 0.040733 0.069242 0.053971
1 0.928889 0.040733 0.084266 0.053971
1 0.496048 0.248982 0.044537 0.049898
1 0.496048 0.405804 0.038429 0.021385
1 0.261591 0.839716 0.084299 0.098985
10 0.261591 0.837576 0.084299 0.094705
1 0.263682 0.962019 0.088481 0.053971
1 0.378828 0.851419 0.042166 0.025458
1 0.369591 0.893171 0.023693 0.025458
1 0.377906 0.934922 0.040322 0.025458
1 0.387624 0.976674 0.059759 0.025458
1 0.482959 0.851419 0.042973 0.025458
1 0.480847 0.893171 0.038750 0.025458
1 0.492257 0.934922 0.061570 0.025458
1 0.479333 0.976674 0.035720 0.025458
1 0.584493 0.851419 0.038585 0.025458
1 0.582266 0.893171 0.034131 0.025458
1 0.584452 0.934922 0.038503 0.025458
1 0.600702 0.976674 0.071004 0.025458
1 0.695205 0.851419 0.052555 0.025458
1 0.696798 0.893171 0.055741 0.025458
1 0.682371 0.934922 0.026887 0.025458
1 0.712954 0.976674 0.088053 0.025458
