8 0.717265 0.024365 0.044101 0.048731
0 0.717265 0.024365 0.044101 0.048731
8 0.728286 0.084010 0.022059 0.062437
0 0.721016 0.057589 0.005155 0.005025
0 0.733026 0.057589 0.009480 0.005025
0 0.722574 0.063376 0.008271 0.005025
0 0.731093 0.063376 0.005614 0.005025
0 0.721151 0.069162 0.005425 0.005025
0 0.731113 0.069162 0.005654 0.005025
0 0.721059 0.074949 0.005243 0.005025
0 0.731886 0.074949 0.007201 0.005025
0 0.720986 0.080736 0.005096 0.005025
0 0.730528 0.080736 0.004484 0.005025
0 0.723232 0.086523 0.009587 0.005025
0 0.730772 0.086523 0.004972 0.005025
0 0.722066 0.092310 0.007255 0.005025
0 0.731068 0.092310 0.005564 0.005025
0 0.721983 0.098096 0.007090 0.005025
0 0.731217 0.098096 0.005863 0.005025
0 0.720333 0.103883 0.003789 0.005025
0 0.730152 0.103883 0.003732 0.005025
0 0.720762 0.109670 0.004648 0.005025
0 0.767373 0.024873 0.056115 0.049746
0 0.215759 0.024365 0.038135 0.048731
0 0.250595 0.024365 0.031537 0.048731
0 0.283929 0.024365 0.035132 0.048731
0 0.315405 0.024365 0.027820 0.048731
0 0.358944 0.024365 0.059258 0.048731
0 0.695903 0.102538 0.116071 0.018274
0 0.695903 0.163452 0.116071 0.073096
0 0.695903 0.246701 0.116071 0.073096
0 0.695903 0.311675 0.116071 0.036548
0 0.496061 0.176650 0.210084 0.192893
0 0.379989 0.533598 0.152311 0.304569
0 0.572212 0.533598 0.232135 0.304569
0 0.421058 0.879489 0.162495 0.241022
0 0.577304 0.879489 0.149997 0.241022
