1 0.059824 0.020367 0.107004 0.040733
1 0.059536 0.061100 0.076923 0.040733
10 0.059536 0.061100 0.076923 0.040733
10 0.055214 0.061100 0.076709 0.024440
10 0.059429 0.061100 0.076709 0.040733
10 0.059429 0.061100 0.076923 0.038697
1 0.283020 0.061506 0.057544 0.039922
1 0.330492 0.061506 0.037400 0.039922
1 0.374675 0.061506 0.050966 0.039922
0 0.426526 0.061506 0.052736 0.039922
1 0.426526 0.061506 0.052736 0.039922
0 0.480539 0.061506 0.055288 0.039922
1 0.480539 0.061506 0.055288 0.039922
0 0.537951 0.061506 0.059536 0.039922
1 0.537951 0.061506 0.059536 0.039922
0 0.590716 0.061506 0.045994 0.039922
1 0.590716 0.061506 0.045994 0.039922
0 0.652208 0.061506 0.076989 0.039922
1 0.652208 0.061506 0.076989 0.039922
1 0.714276 0.061506 0.047147 0.039922
0 0.949997 0.061513 0.042051 0.039906
0 0.949997 0.061513 0.042051 0.039906
10 0.457785 0.552794 0.089568 0.230461
10 0.631545 0.600990 0.088514 0.134070
10 0.631545 0.522133 0.093125 0.076974
10 0.498543 0.624072 0.030344 0.065810
10 0.498539 0.666497 0.016638 0.003055
0 0.403978 0.766293 0.161502 0.066191
0 0.583122 0.766293 0.171496 0.066191
10 0.595257 0.093575 0.010537 0.020367
10 0.431564 0.192464 0.007376 0.014257
10 0.932569 0.238798 0.007376 0.014257
10 0.168656 0.192464 0.007376 0.014257
10 0.932569 0.238798 0.007376 0.014257
10 0.446440 0.243985 0.003161 0.006110
10 0.173620 0.086447 0.003161 0.006110
10 0.104172 0.142057 0.003161 0.006110
10 0.486128 0.095723 0.003161 0.006110
10 0.595257 0.151317 0.003161 0.006110
10 0.679580 0.077186 0.003161 0.006110
10 0.124012 0.114244 0.003161 0.006110
10 0.322428 0.095723 0.003161 0.006110
10 0.927605 0.095723 0.003161 0.006110
10 0.431564 0.421079 0.004215 0.008147
10 0.890781 0.282077 0.004215 0.008147
10 0.887925 0.150299 0.002107 0.004073
10 0.887925 0.150299 0.002107 0.004073
10 0.467334 0.159560 0.002107 0.004073
10 0.873041 0.094705 0.002107 0.004073
10 0.691254 0.993890 0.077450 0.012220
10 0.714305 0.953411 0.010537 0.020367
10 0.193765 0.918279 0.010537 0.020367
10 0.501004 0.867203 0.003161 0.006110
10 0.282748 0.902368 0.003161 0.006110
10 0.084332 0.902368 0.003161 0.006110
10 0.679580 0.849637 0.003161 0.006110
