1 0.180935 0.040609 0.042017 0.081218
0 0.243172 0.040609 0.074055 0.081218
0 0.589146 0.040609 0.047630 0.081218
0 0.640403 0.040609 0.054884 0.081218
0 0.692723 0.040609 0.049755 0.081218
0 0.753627 0.040609 0.072052 0.081218
0 0.811187 0.040609 0.042017 0.081218
2 0.479254 0.422335 0.478992 0.064975
1 0.735557 0.422335 0.033613 0.064975
0 0.248687 0.709835 0.152311 0.077157
0 0.413603 0.709835 0.152311 0.077157
0 0.578519 0.709835 0.152311 0.077157
0 0.743435 0.709835 0.152311 0.077157
1 0.197487 0.870431 0.049911 0.046701
1 0.244420 0.870431 0.043954 0.046701
1 0.282198 0.870431 0.031603 0.046701
1 0.318269 0.870431 0.040540 0.046701
0 0.221200 0.959581 0.097336 0.080838
0 0.331141 0.959581 0.097336 0.080838
0 0.441082 0.959581 0.097336 0.080838
0 0.551023 0.959581 0.097336 0.080838
0 0.660965 0.959581 0.097336 0.080838
0 0.770906 0.959581 0.097336 0.080838
