1 0.873162 0.024365 0.027311 0.048731
1 0.239758 0.617259 0.277311 0.071066
0 0.168330 0.617259 0.134454 0.071066
0 0.311187 0.617259 0.134454 0.071066
1 0.806985 0.567259 0.014706 0.023858
1 0.823792 0.567259 0.014706 0.023858
1 0.840599 0.567259 0.014706 0.023858
1 0.857405 0.567259 0.014706 0.023858
1 0.984244 0.834518 0.006303 0.012183
1 0.482167 0.880203 0.062877 0.018274
0 0.405204 0.916751 0.060654 0.018274
0 0.730087 0.898477 0.015108 0.018274
1 0.916229 0.909645 0.117122 0.113706
1 0.916229 0.877157 0.117122 0.048731
1 0.916229 0.942132 0.117122 0.048731
