0 0.005252 0.005076 0.010504 0.010152
0 0.005252 0.005076 0.010504 0.010152
1 0.677242 0.025373 0.077895 0.036945
0 0.160579 0.095431 0.085338 0.048731
8 0.321909 0.095424 0.047573 0.022732
1 0.341493 0.095416 0.008403 0.016244
8 0.361148 0.261080 0.126050 0.235485
11 0.361148 0.183130 0.100840 0.038975
0 0.361148 0.183130 0.100840 0.038975
11 0.361148 0.222105 0.100840 0.038975
0 0.361148 0.222105 0.100840 0.038975
11 0.361148 0.261080 0.100840 0.038975
0 0.361148 0.261080 0.100840 0.038975
11 0.361148 0.300056 0.100840 0.038975
0 0.361148 0.300056 0.100840 0.038975
11 0.361148 0.339031 0.100840 0.038975
0 0.361148 0.339031 0.100840 0.038975
8 0.388865 0.095424 0.052726 0.022732
1 0.411026 0.095416 0.008403 0.016244
8 0.425527 0.339031 0.126050 0.391386
11 0.425527 0.183130 0.100840 0.038975
0 0.417452 0.183130 0.084690 0.038975
11 0.425527 0.222105 0.100840 0.038975
0 0.425527 0.222105 0.100840 0.038975
11 0.425527 0.261080 0.100840 0.038975
0 0.425527 0.261080 0.100840 0.038975
11 0.425527 0.300056 0.100840 0.038975
0 0.425527 0.300056 0.100840 0.038975
11 0.425527 0.339031 0.100840 0.038975
0 0.425527 0.339031 0.100840 0.038975
11 0.425527 0.378006 0.100840 0.038975
0 0.425527 0.378006 0.100840 0.038975
11 0.425527 0.416981 0.100840 0.038975
0 0.425527 0.416981 0.100840 0.038975
11 0.425527 0.455957 0.100840 0.038975
0 0.425527 0.455957 0.100840 0.038975
11 0.425527 0.494932 0.100840 0.038975
0 0.425527 0.494932 0.100840 0.038975
11 0.446921 0.095424 0.029773 0.022732
0 0.446921 0.095424 0.029773 0.022732
8 0.507074 0.095424 0.056920 0.022732
1 0.531332 0.095416 0.008403 0.016244
8 0.541639 0.261080 0.126050 0.235485
11 0.541639 0.183130 0.100840 0.038975
0 0.541639 0.183130 0.100840 0.038975
11 0.541639 0.222105 0.100840 0.038975
0 0.541639 0.222105 0.100840 0.038975
11 0.541639 0.261080 0.100840 0.038975
0 0.541639 0.261080 0.100840 0.038975
11 0.541639 0.300056 0.100840 0.038975
0 0.541639 0.300056 0.100840 0.038975
11 0.541639 0.339031 0.100840 0.038975
0 0.541639 0.339031 0.100840 0.038975
11 0.572668 0.095424 0.040655 0.022732
0 0.572668 0.095424 0.040655 0.022732
8 0.634622 0.095424 0.049641 0.022732
1 0.655241 0.095416 0.008403 0.016244
8 0.672827 0.202617 0.126050 0.118560
11 0.672827 0.183130 0.100840 0.038975
0 0.672827 0.183130 0.100840 0.038975
11 0.672827 0.222105 0.100840 0.038975
0 0.672827 0.222105 0.100840 0.038975
1 0.763167 0.095431 0.051298 0.042227
1 0.839918 0.095431 0.068589 0.042227
1 0.167435 0.609692 0.099051 0.056440
1 0.291849 0.609692 0.107758 0.056440
