1 0.106502 0.073558 0.076857 0.033955
17 0.225768 0.073558 0.111902 0.079207
1 0.225768 0.073558 0.111902 0.079207
1 0.225764 0.151333 0.214115 0.076343
1 0.225764 0.224860 0.214115 0.070710
1 0.225764 0.295570 0.214115 0.070710
1 0.225764 0.369097 0.214115 0.076343
1 0.225764 0.442623 0.214115 0.070710
1 0.225764 0.513334 0.214115 0.070710
1 0.225764 0.584044 0.214115 0.070710
1 0.225764 0.654754 0.214115 0.070710
17 0.374485 0.073558 0.156258 0.079207
1 0.374485 0.073558 0.156258 0.079207
17 0.515798 0.073558 0.097092 0.079207
1 0.515798 0.073558 0.097092 0.079207
1 0.515798 0.148517 0.155649 0.070710
1 0.515798 0.219227 0.155649 0.070710
17 0.624630 0.073558 0.091297 0.079207
1 0.624630 0.073558 0.091297 0.079207
0 0.852871 0.073566 0.158111 0.079223
0 0.852871 0.073566 0.158111 0.079223
1 0.496048 0.215035 0.992097 0.147133
0 0.863573 0.215027 0.140016 0.069915
1 0.540293 0.595007 0.080998 0.042770
0 0.496048 0.722473 0.163215 0.082039
0 0.496048 0.722473 0.163215 0.082039
10 0.806799 0.914277 0.234449 0.171445
10 0.496048 0.917810 0.855950 0.164381
0 0.841523 0.901890 0.234235 0.055563
