0 0.147321 0.032487 0.042017 0.064975
0 0.210244 0.032487 0.058618 0.064975
0 0.277229 0.032487 0.075351 0.064975
0 0.346983 0.032487 0.064158 0.064975
0 0.396320 0.032487 0.034516 0.064975
0 0.442264 0.032487 0.057371 0.064975
1 0.787027 0.032487 0.157563 0.040609
1 0.444590 0.384772 0.115530 0.058883
1 0.555927 0.384772 0.098739 0.058883
0 0.255519 0.462944 0.019277 0.024365
0 0.289707 0.464467 0.034574 0.017259
0 0.331342 0.464467 0.034171 0.017259
0 0.385377 0.462944 0.022428 0.024365
0 0.421141 0.464467 0.034574 0.017259
0 0.462776 0.464467 0.034171 0.017259
0 0.517701 0.462944 0.024209 0.024365
0 0.554355 0.464467 0.034574 0.017259
0 0.595990 0.464467 0.034171 0.017259
0 0.650891 0.462944 0.024160 0.024365
0 0.687521 0.464467 0.034574 0.017259
0 0.729156 0.464467 0.034171 0.017259
0 0.190992 0.597970 0.120954 0.028426
0 0.354488 0.765895 0.062049 0.020305
0 0.583599 0.765895 0.020237 0.020305
0 0.220453 0.793512 0.041286 0.020305
0 0.193093 0.878997 0.125156 0.028426
0 0.779674 0.587310 0.163866 0.025381
1 0.718065 0.742640 0.040646 0.041624
0 0.779674 0.816751 0.163866 0.025381
0 0.754370 0.863959 0.088047 0.018274
0 0.746500 0.891577 0.072307 0.018274
0 0.779030 0.919194 0.137367 0.018274
0 0.740271 0.946812 0.059849 0.018274
0 0.779674 0.990260 0.163866 0.019480
2 0.495536 0.061929 0.234244 0.054822
1 0.627363 0.061929 0.021008 0.040609
