0 0.227416 0.069543 0.092437 0.017259
0 0.303366 0.036802 0.034254 0.073604
0 0.350332 0.036802 0.059677 0.073604
0 0.398405 0.034518 0.036469 0.069036
0 0.439404 0.034518 0.045529 0.069036
1 0.709998 0.016751 0.057748 0.021320
1 0.709998 0.018274 0.057748 0.024365
0 0.753020 0.018274 0.021813 0.014213
1 0.198772 0.128934 0.043551 0.046701
1 0.260455 0.128934 0.079816 0.046701
1 0.327620 0.128934 0.054515 0.046701
1 0.385525 0.128934 0.061294 0.046701
1 0.452263 0.128934 0.072184 0.046701
2 0.678046 0.128934 0.234244 0.034518
1 0.804097 0.128934 0.017857 0.034518
0 0.654892 0.179188 0.305763 0.031472
0 0.496324 0.384264 0.493697 0.358376
0 0.496324 0.384264 0.493697 0.358376
0 0.611422 0.545685 0.060030 0.015228
0 0.496324 0.384264 0.493697 0.358376
0 0.496324 0.384264 0.493697 0.358376
0 0.496324 0.384264 0.493697 0.358376
0 0.496324 0.384264 0.493697 0.358376
0 0.496324 0.384264 0.493697 0.358376
0 0.614008 0.545685 0.065200 0.015228
0 0.496324 0.384264 0.493697 0.358376
0 0.611308 0.545685 0.059800 0.015228
0 0.496324 0.384264 0.493697 0.358376
0 0.496324 0.384264 0.493697 0.358376
0 0.613716 0.545685 0.064617 0.015228
0 0.496324 0.384264 0.493697 0.358376
0 0.614032 0.545685 0.065249 0.015228
0 0.496324 0.384264 0.493697 0.358376
0 0.496324 0.717766 0.493697 0.152284
1 0.710946 0.845685 0.064453 0.024365
0 0.329832 0.933503 0.160714 0.132995
0 0.329832 0.933503 0.160714 0.132995
0 0.496324 0.933503 0.160714 0.132995
0 0.496324 0.933503 0.160714 0.132995
0 0.662815 0.933503 0.160714 0.132995
0 0.329832 0.933503 0.160714 0.132995
0 0.329832 0.933503 0.160714 0.132995
0 0.496324 0.933503 0.160714 0.132995
0 0.496324 0.933503 0.160714 0.132995
0 0.662815 0.933503 0.160714 0.132995
0 0.329832 0.933503 0.160714 0.132995
0 0.496324 0.933503 0.160714 0.132995
0 0.662815 0.933503 0.160714 0.132995
0 0.329832 0.933503 0.160714 0.132995
0 0.496324 0.933503 0.160714 0.132995
0 0.662815 0.933503 0.160714 0.132995
