1 0.016333 0.090562 0.016860 0.063000
1 0.782571 0.086624 0.027027 0.078749
1 0.811504 0.086624 0.018193 0.078749
1 0.283893 0.295310 0.224793 0.118124
10 0.283893 0.295310 0.224793 0.118124
1 0.655633 0.295310 0.043154 0.129937
1 0.717334 0.295310 0.080249 0.129937
18 0.773265 0.295310 0.014752 0.110249
0 0.805889 0.295310 0.029422 0.141749
1 0.247600 0.531559 0.152208 0.141749
1 0.342832 0.531559 0.034041 0.141749
1 0.387830 0.531559 0.051740 0.141749
1 0.434783 0.531559 0.037951 0.141749
1 0.497053 0.531559 0.082373 0.141749
0 0.496048 1.000000 0.992097 1.000000
10 0.496048 1.000000 0.992097 1.000000
10 0.496048 1.000000 0.014752 0.110249
