8 0.592142 0.035533 0.183298 0.042640
8 0.592142 0.035533 0.183298 0.042640
8 0.514099 0.035533 0.009355 0.036548
8 0.587152 0.035533 0.155462 0.036548
1 0.714138 0.035533 0.047039 0.036548
1 0.749737 0.035533 0.009454 0.018274
0 0.242384 0.093401 0.015756 0.044670
0 0.272403 0.093401 0.024160 0.044670
1 0.282382 0.093401 0.011555 0.044670
1 0.282382 0.094416 0.005252 0.010152
0 0.283220 0.196954 0.100578 0.044670
0 0.250837 0.235533 0.035813 0.044670
0 0.250940 0.274112 0.036018 0.044670
0 0.258301 0.312690 0.050740 0.044670
0 0.274820 0.351269 0.083779 0.044670
0 0.284988 0.389848 0.104115 0.044670
0 0.260919 0.428426 0.055976 0.044670
0 0.273438 0.467005 0.081014 0.044670
0 0.395610 0.193909 0.047802 0.030457
0 0.396903 0.218274 0.050387 0.030457
0 0.399394 0.242640 0.055369 0.030457
0 0.392180 0.267005 0.040942 0.030457
0 0.400440 0.291371 0.057461 0.030457
0 0.479082 0.193909 0.076713 0.030457
0 0.461668 0.218274 0.041886 0.030457
0 0.460141 0.242640 0.038833 0.030457
0 0.478655 0.267005 0.075860 0.030457
0 0.465160 0.291371 0.048869 0.030457
0 0.304786 0.093401 0.020483 0.044670
1 0.312927 0.093401 0.011555 0.044670
1 0.312927 0.094416 0.005252 0.010152
0 0.281943 0.196954 0.098026 0.044670
0 0.278185 0.235533 0.090508 0.044670
0 0.274640 0.274112 0.083418 0.044670
0 0.276162 0.312690 0.086463 0.044670
0 0.252335 0.351269 0.038808 0.044670
0 0.264078 0.389848 0.062295 0.044670
0 0.270627 0.428426 0.075392 0.044670
0 0.262905 0.467005 0.059948 0.044670
0 0.259684 0.512690 0.053506 0.030457
0 0.273191 0.537056 0.080521 0.030457
0 0.386382 0.193909 0.041524 0.030457
0 0.396156 0.218274 0.061072 0.030457
0 0.396985 0.242640 0.062730 0.030457
0 0.393304 0.267005 0.055369 0.030457
0 0.386091 0.291371 0.040942 0.030457
0 0.394351 0.315736 0.057461 0.030457
0 0.465139 0.193909 0.050469 0.030457
0 0.461623 0.218274 0.043437 0.030457
0 0.466501 0.242640 0.053194 0.030457
0 0.472964 0.267005 0.066119 0.030457
0 0.467663 0.291371 0.055516 0.030457
0 0.477453 0.315736 0.075097 0.030457
0 0.473662 0.340102 0.067514 0.030457
0 0.457433 0.364467 0.035058 0.030457
0 0.471598 0.388832 0.063386 0.030457
0 0.460847 0.413198 0.041886 0.030457
0 0.335593 0.093401 0.021008 0.044670
1 0.343996 0.093401 0.011555 0.044670
1 0.343996 0.094416 0.005252 0.010152
0 0.282042 0.196954 0.098222 0.044670
0 0.261784 0.235533 0.057707 0.044670
0 0.260262 0.274112 0.054663 0.044670
0 0.250940 0.312690 0.036018 0.044670
0 0.264177 0.351269 0.062492 0.044670
0 0.273807 0.389848 0.081752 0.044670
0 0.268916 0.428426 0.071970 0.044670
0 0.259901 0.474112 0.053941 0.030457
0 0.386793 0.193909 0.041951 0.030457
0 0.397399 0.218274 0.063165 0.030457
0 0.393501 0.242640 0.055369 0.030457
0 0.386288 0.267005 0.040942 0.030457
0 0.394548 0.291371 0.057461 0.030457
0 0.465989 0.193909 0.050904 0.030457
0 0.462255 0.218274 0.043437 0.030457
0 0.462197 0.242640 0.043322 0.030457
0 0.473596 0.267005 0.066119 0.030457
0 0.468295 0.291371 0.055516 0.030457
0 0.478085 0.315736 0.075097 0.030457
0 0.458065 0.340102 0.035058 0.030457
0 0.461479 0.364467 0.041886 0.030457
0 0.370331 0.093401 0.028361 0.044670
1 0.382410 0.093401 0.011555 0.044670
1 0.382410 0.094416 0.005252 0.010152
0 0.289403 0.196954 0.112945 0.044670
0 0.277069 0.235533 0.088276 0.044670
0 0.267623 0.274112 0.069385 0.044670
0 0.266220 0.312690 0.066579 0.044670
0 0.269544 0.351269 0.073226 0.044670
0 0.266700 0.389848 0.067539 0.044670
0 0.263725 0.435533 0.061589 0.030457
0 0.269827 0.459898 0.073792 0.030457
0 0.405339 0.193909 0.049600 0.030457
0 0.415942 0.218274 0.070805 0.030457
0 0.408224 0.242640 0.055369 0.030457
0 0.419581 0.267005 0.078084 0.030457
0 0.401010 0.291371 0.040942 0.030457
0 0.409270 0.315736 0.057461 0.030457
0 0.499450 0.193909 0.058545 0.030457
0 0.491896 0.218274 0.043437 0.030457
0 0.486090 0.242640 0.031824 0.030457
0 0.503237 0.267005 0.066119 0.030457
0 0.497936 0.291371 0.055516 0.030457
0 0.498371 0.315736 0.056386 0.030457
0 0.499893 0.340102 0.059431 0.030457
0 0.487707 0.364467 0.035058 0.030457
0 0.501584 0.388832 0.062812 0.030457
0 0.480941 0.413198 0.021525 0.030457
0 0.407965 0.093401 0.026786 0.044670
1 0.419257 0.093401 0.011555 0.044670
1 0.419257 0.094416 0.005252 0.010152
0 0.305923 0.196954 0.145984 0.044670
0 0.301220 0.235533 0.136579 0.044670
0 0.288960 0.274112 0.112058 0.044670
0 0.295107 0.312690 0.124352 0.044670
0 0.288783 0.351269 0.111706 0.044670
0 0.298405 0.389848 0.130950 0.044670
0 0.262929 0.435533 0.059997 0.030457
0 0.265490 0.459898 0.065118 0.030457
0 0.447204 0.193909 0.067252 0.030457
0 0.448862 0.218274 0.070567 0.030457
0 0.457811 0.242640 0.088465 0.030457
0 0.441263 0.267005 0.055369 0.030457
0 0.434049 0.291371 0.040942 0.030457
0 0.442309 0.315736 0.057461 0.030457
0 0.551700 0.193909 0.076205 0.030457
0 0.535316 0.218274 0.043437 0.030457
0 0.537868 0.242640 0.048541 0.030457
0 0.559583 0.267005 0.091969 0.030457
0 0.541356 0.291371 0.055516 0.030457
0 0.542000 0.315736 0.056805 0.030457
0 0.444549 0.093401 0.026261 0.044670
1 0.455579 0.093401 0.011555 0.044670
1 0.455579 0.094416 0.005252 0.010152
0 0.307490 0.196954 0.149119 0.044670
0 0.256097 0.242640 0.046333 0.030457
0 0.456051 0.193909 0.078675 0.030457
0 0.466653 0.218274 0.099880 0.030457
0 0.442428 0.242640 0.051430 0.030457
0 0.437184 0.267005 0.040942 0.030457
0 0.445444 0.291371 0.057461 0.030457
0 0.571962 0.193909 0.087628 0.030457
0 0.549866 0.218274 0.043437 0.030457
0 0.552135 0.242640 0.047975 0.030457
0 0.580501 0.267005 0.104706 0.030457
0 0.483234 0.093401 0.030987 0.044670
1 0.496627 0.093401 0.011555 0.044670
1 0.496627 0.094416 0.005252 0.010152
0 0.292025 0.196954 0.118189 0.044670
0 0.266277 0.235533 0.066693 0.044670
0 0.277024 0.274112 0.088186 0.044670
0 0.279313 0.312690 0.092765 0.044670
0 0.265215 0.358376 0.064568 0.030457
0 0.412072 0.193909 0.052578 0.030457
0 0.422675 0.218274 0.073784 0.030457
0 0.501887 0.193909 0.061532 0.030457
0 0.492840 0.218274 0.043437 0.030457
0 0.499639 0.242640 0.057035 0.030457
0 0.495528 0.267005 0.048812 0.030457
0 0.499524 0.291371 0.056805 0.030457
0 0.530060 0.093401 0.042542 0.044670
1 0.549230 0.093401 0.011555 0.044670
1 0.549230 0.094416 0.005252 0.010152
0 0.293252 0.196954 0.120642 0.044670
0 0.274094 0.235533 0.082327 0.044670
0 0.266700 0.274112 0.067539 0.044670
0 0.279937 0.312690 0.094013 0.044670
0 0.421506 0.193909 0.066538 0.030457
0 0.417448 0.218274 0.058421 0.030457
0 0.424641 0.242640 0.072807 0.030457
0 0.420065 0.267005 0.063657 0.030457
0 0.430278 0.291371 0.084083 0.030457
0 0.516581 0.193909 0.065413 0.030457
0 0.517562 0.218274 0.067375 0.030457
0 0.525341 0.242640 0.082934 0.030457
0 0.526322 0.267005 0.084895 0.030457
0 0.510004 0.291371 0.052258 0.030457
0 0.503484 0.315736 0.039218 0.030457
0 0.505117 0.340102 0.042485 0.030457
0 0.508280 0.364467 0.048812 0.030457
0 0.494637 0.388832 0.021525 0.030457
0 0.500386 0.413198 0.033023 0.030457
0 0.585814 0.093401 0.048845 0.044670
1 0.608136 0.093401 0.011555 0.044670
1 0.608136 0.094416 0.005252 0.010152
0 0.301491 0.196954 0.137121 0.044670
0 0.268440 0.235533 0.071018 0.044670
0 0.264685 0.274112 0.063509 0.044670
0 0.273717 0.312690 0.081572 0.044670
0 0.277007 0.351269 0.088153 0.044670
0 0.281229 0.389848 0.096598 0.044670
0 0.276708 0.428426 0.087554 0.044670
0 0.283014 0.467005 0.100167 0.044670
0 0.274238 0.505584 0.082614 0.044670
0 0.266889 0.544162 0.067916 0.044670
0 0.437422 0.193909 0.065413 0.030457
0 0.442219 0.218274 0.075007 0.030457
0 0.642086 0.093401 0.043592 0.044670
1 0.661781 0.093401 0.011555 0.044670
1 0.661781 0.094416 0.005252 0.010152
0 0.298204 0.196954 0.130548 0.044670
0 0.250837 0.235533 0.035813 0.044670
0 0.250940 0.274112 0.036018 0.044670
0 0.258301 0.312690 0.050740 0.044670
0 0.274820 0.351269 0.083779 0.044670
0 0.284988 0.389848 0.104115 0.044670
0 0.260919 0.428426 0.055976 0.044670
0 0.270750 0.467005 0.075638 0.044670
0 0.426430 0.193909 0.056575 0.030457
0 0.412536 0.218274 0.028788 0.030457
0 0.413562 0.242640 0.030840 0.030457
0 0.438440 0.267005 0.080595 0.030457
0 0.689699 0.093401 0.031513 0.044670
1 0.703355 0.093401 0.011555 0.044670
1 0.703355 0.094416 0.005252 0.010152
0 0.258301 0.196954 0.050740 0.044670
0 0.250837 0.235533 0.035813 0.044670
0 0.250940 0.274112 0.036018 0.044670
0 0.256869 0.312690 0.047876 0.044670
0 0.284988 0.351269 0.104115 0.044670
0 0.260919 0.389848 0.055976 0.044670
0 0.255769 0.428426 0.045677 0.044670
0 0.246734 0.467005 0.027606 0.044670
0 0.263208 0.512690 0.060555 0.030457
0 0.394942 0.193909 0.046465 0.030457
0 0.402336 0.218274 0.061253 0.030457
0 0.393965 0.242640 0.044512 0.030457
0 0.387228 0.267005 0.031037 0.030457
0 0.472431 0.193909 0.055828 0.030457
0 0.494465 0.218274 0.099897 0.030457
0 0.484523 0.242640 0.080012 0.030457
0 0.469501 0.267005 0.049969 0.030457
1 0.723657 0.093401 0.016282 0.044670
2 0.496849 0.168528 0.522584 0.040609
1 0.749737 0.168528 0.015756 0.036548
1 0.243435 0.168528 0.015756 0.035533
0 0.496061 0.257868 0.523109 0.024365
0 0.496061 0.286294 0.523109 0.024365
0 0.496061 0.314721 0.523109 0.024365
0 0.496061 0.343147 0.523109 0.024365
0 0.496061 0.371574 0.523109 0.024365
1 0.749737 0.093401 0.015756 0.044670
0 0.496061 0.467005 0.992122 0.702538
1 0.454561 0.312690 0.068655 0.044670
1 0.534963 0.312690 0.073849 0.044670
0 0.496061 0.915228 0.992122 0.169543
