1 0.063126 0.050407 0.044455 0.050407
0 0.136962 0.050407 0.051057 0.050407
0 0.191019 0.050407 0.047575 0.050407
0 0.245752 0.050407 0.052407 0.050407
0 0.306626 0.050407 0.059857 0.050407
0 0.365706 0.050407 0.048818 0.050407
0 0.418957 0.050407 0.048200 0.050407
0 0.836316 0.050407 0.026080 0.050407
19 0.836316 0.050407 0.011855 0.022912
0 0.867138 0.050407 0.026080 0.050407
0 0.867138 0.050407 0.011855 0.022912
18 0.893745 0.050407 0.017650 0.023167
18 0.897301 0.049007 0.010537 0.020367
18 0.927477 0.050407 0.040330 0.024058
4 0.884657 0.050407 0.000527 0.001018
0 0.052457 0.563009 0.008891 0.017184
0 0.052457 0.442146 0.005927 0.027495
0 0.052457 0.477660 0.005927 0.011456
0 0.052457 0.505155 0.005927 0.011456
0 0.052457 0.532650 0.005927 0.011456
10 0.496048 0.500000 0.569942 1.000000
10 0.496048 0.525204 0.379922 0.734309
1 0.496044 0.823697 0.114298 0.058145
10 0.496048 0.866062 0.380013 0.050579
1 0.496048 0.844911 0.096748 0.003543
10 0.496048 0.525204 0.327585 0.633153
1 0.496048 0.267830 0.075779 0.050136
10 0.496048 0.184346 0.380013 0.050580
1 0.496048 0.164448 0.111345 0.004511
