1 0.005269 0.005092 0.010537 0.010183
1 0.005269 0.005092 0.010537 0.010183
0 0.677802 0.025450 0.078141 0.037058
1 0.159506 0.095723 0.085608 0.048880
10 0.159506 0.095723 0.085608 0.048880
0 0.340992 0.095707 0.008430 0.016293
17 0.360709 0.183689 0.101159 0.039094
1 0.360709 0.183689 0.101159 0.039094
17 0.360709 0.222784 0.101159 0.039094
1 0.360709 0.222784 0.101159 0.039094
17 0.360709 0.261878 0.101159 0.039094
1 0.360709 0.261878 0.101159 0.039094
17 0.360709 0.300972 0.101159 0.039094
1 0.360709 0.300972 0.101159 0.039094
17 0.360709 0.340067 0.101159 0.039094
1 0.360709 0.340067 0.101159 0.039094
0 0.410745 0.095707 0.008430 0.016293
17 0.425291 0.183689 0.101159 0.039094
1 0.417191 0.183689 0.084958 0.039094
17 0.425291 0.222784 0.101159 0.039094
1 0.425291 0.222784 0.101159 0.039094
17 0.425291 0.261878 0.101159 0.039094
1 0.425291 0.261878 0.101159 0.039094
17 0.425291 0.300972 0.101159 0.039094
1 0.425291 0.300972 0.101159 0.039094
17 0.425291 0.340067 0.101159 0.039094
1 0.425291 0.340067 0.101159 0.039094
17 0.425291 0.379161 0.101159 0.039094
1 0.425291 0.379161 0.101159 0.039094
17 0.425291 0.418255 0.101159 0.039094
1 0.425291 0.418255 0.101159 0.039094
17 0.425291 0.457349 0.101159 0.039094
1 0.425291 0.457349 0.101159 0.039094
17 0.425291 0.496444 0.101159 0.039094
1 0.425291 0.496444 0.101159 0.039094
17 0.446753 0.095715 0.029867 0.022801
1 0.446753 0.095715 0.029867 0.022801
0 0.531431 0.095707 0.008430 0.016293
17 0.541771 0.183689 0.101159 0.039094
1 0.541771 0.183689 0.101159 0.039094
17 0.541771 0.222784 0.101159 0.039094
1 0.541771 0.222784 0.101159 0.039094
17 0.541771 0.261878 0.101159 0.039094
1 0.541771 0.261878 0.101159 0.039094
17 0.541771 0.300972 0.101159 0.039094
1 0.541771 0.300972 0.101159 0.039094
17 0.541771 0.340067 0.101159 0.039094
1 0.541771 0.340067 0.101159 0.039094
17 0.572897 0.095715 0.040783 0.022801
1 0.572897 0.095715 0.040783 0.022801
0 0.655731 0.095707 0.008430 0.016293
17 0.673373 0.183689 0.101159 0.039094
1 0.673373 0.183689 0.101159 0.039094
17 0.673373 0.222784 0.101159 0.039094
1 0.673373 0.222784 0.101159 0.039094
0 0.763999 0.095723 0.051460 0.042356
0 0.840992 0.095723 0.068806 0.042356
0 0.166384 0.611555 0.099364 0.056613
0 0.291191 0.611555 0.108099 0.056613
17 0.692044 0.436848 0.366702 0.494877
