0 0.000263 0.000508 0.000525 0.001015
0 0.025210 0.036548 0.016807 0.034518
8 0.068421 0.036548 0.052808 0.040609
1 0.068421 0.036548 0.052808 0.040609
1 0.086422 0.036548 0.008403 0.016244
8 0.325975 0.247616 0.562237 0.404041
0 0.126725 0.142586 0.130461 0.045228
0 0.126725 0.207916 0.130461 0.045228
0 0.126725 0.273246 0.130461 0.045228
0 0.126725 0.338576 0.130461 0.045228
0 0.265997 0.142586 0.106486 0.045228
0 0.265997 0.207916 0.106486 0.045228
0 0.265997 0.273246 0.106486 0.045228
0 0.265997 0.338576 0.106486 0.045228
0 0.402852 0.142586 0.125627 0.045228
0 0.402852 0.207916 0.125627 0.045228
0 0.402852 0.273246 0.125627 0.045228
0 0.549118 0.132032 0.082673 0.024122
0 0.549118 0.176256 0.082673 0.024122
13 0.571314 0.176256 0.008319 0.016081
0 0.549118 0.220479 0.082673 0.024122
13 0.527970 0.220479 0.008319 0.016081
0 0.549118 0.264703 0.082673 0.024122
13 0.552912 0.264703 0.008319 0.016081
0 0.549118 0.308926 0.082673 0.024122
0 0.325975 0.421494 0.528960 0.024122
8 0.122665 0.036548 0.055680 0.040609
1 0.122665 0.036548 0.055680 0.040609
1 0.142102 0.036548 0.008403 0.016244
8 0.290203 0.227515 0.386849 0.363838
0 0.165413 0.132032 0.103992 0.024122
0 0.165413 0.176256 0.103992 0.024122
0 0.165413 0.220479 0.103992 0.024122
0 0.165413 0.264703 0.103992 0.024122
0 0.290203 0.132032 0.103992 0.024122
0 0.290203 0.176256 0.103992 0.024122
0 0.290203 0.220479 0.103992 0.024122
0 0.290203 0.264703 0.103992 0.024122
0 0.290203 0.308926 0.103992 0.024122
0 0.414993 0.132032 0.103992 0.024122
0 0.414993 0.176256 0.103992 0.024122
0 0.414993 0.220479 0.103992 0.024122
0 0.414993 0.264703 0.103992 0.024122
0 0.414993 0.308926 0.103992 0.024122
0 0.290203 0.381291 0.353571 0.024122
8 0.180717 0.036548 0.060424 0.040609
1 0.180717 0.036548 0.060424 0.040609
1 0.202526 0.036548 0.008403 0.016244
8 0.345884 0.227515 0.386849 0.363838
0 0.221094 0.132032 0.103992 0.024122
0 0.221094 0.176256 0.103992 0.024122
0 0.221094 0.220479 0.103992 0.024122
0 0.221094 0.264703 0.103992 0.024122
0 0.221094 0.308926 0.103992 0.024122
0 0.345884 0.132032 0.103992 0.024122
0 0.345884 0.176256 0.103992 0.024122
0 0.345884 0.220479 0.103992 0.024122
0 0.345884 0.264703 0.103992 0.024122
0 0.345884 0.308926 0.103992 0.024122
13 0.347029 0.308926 0.008319 0.016081
0 0.470674 0.132032 0.103992 0.024122
13 0.482210 0.132032 0.008319 0.016081
0 0.470674 0.176256 0.103992 0.024122
13 0.492666 0.176256 0.008319 0.016081
0 0.470674 0.220479 0.103992 0.024122
0 0.470674 0.264703 0.103992 0.024122
0 0.470674 0.308926 0.103992 0.024122
0 0.345884 0.381291 0.353571 0.024122
8 0.246040 0.036548 0.070222 0.040609
1 0.246040 0.036548 0.070222 0.040609
1 0.272748 0.036548 0.008403 0.016244
8 0.414740 0.199373 0.403544 0.307553
0 0.289950 0.142586 0.120687 0.045228
0 0.423087 0.132032 0.103992 0.024122
13 0.422462 0.132032 0.008319 0.016081
0 0.423087 0.176256 0.103992 0.024122
13 0.463368 0.176256 0.008319 0.016081
0 0.423087 0.220479 0.103992 0.024122
0 0.423087 0.264703 0.103992 0.024122
13 0.423908 0.264703 0.008319 0.016081
0 0.423087 0.308926 0.103992 0.024122
13 0.439092 0.308926 0.008319 0.016081
0 0.547877 0.132032 0.103992 0.024122
0 0.547877 0.176256 0.103992 0.024122
0 0.547877 0.220479 0.103992 0.024122
8 0.310535 0.036548 0.058766 0.040609
1 0.310535 0.036548 0.058766 0.040609
1 0.331514 0.036548 0.008403 0.016244
8 0.440811 0.186809 0.316126 0.282426
0 0.362314 0.142586 0.125854 0.045228
0 0.514138 0.142586 0.136196 0.045228
0 0.514138 0.207916 0.136196 0.045228
0 0.514138 0.273246 0.136196 0.045228
0 0.357812 0.036548 0.035788 0.040609
1 0.805598 0.036548 0.167017 0.030457
1 0.913308 0.036548 0.034746 0.032487
1 0.956149 0.036548 0.038332 0.032487
5 0.347968 0.442862 0.064962 0.024365
2 0.374836 0.442862 0.136555 0.046701
1 0.498855 0.442862 0.106232 0.048731
1 0.625332 0.442862 0.125714 0.056853
0 0.970063 0.957360 0.018908 0.036548
