1 0.695198 0.026904 0.011029 0.021320
0 0.726353 0.026396 0.026072 0.020305
0 0.790782 0.026396 0.077575 0.020305
1 0.851891 0.026904 0.019433 0.021320
0 0.186450 0.091371 0.111870 0.033503
1 0.336775 0.091371 0.031578 0.024365
0 0.268797 0.189848 0.152615 0.056853
0 0.409254 0.189848 0.093635 0.056853
0 0.505568 0.181726 0.064330 0.040609
0 0.624134 0.181726 0.079512 0.040609
0 0.223690 0.314721 0.176897 0.032487
0 0.179006 0.359391 0.087530 0.032487
0 0.176495 0.400000 0.082507 0.032487
0 0.181448 0.440609 0.092412 0.032487
0 0.411092 0.314721 0.176897 0.032487
0 0.356158 0.359391 0.067030 0.032487
0 0.359543 0.400000 0.073800 0.032487
0 0.370359 0.440609 0.095432 0.032487
0 0.598497 0.314721 0.176906 0.032487
0 0.554146 0.359391 0.088202 0.032487
0 0.548278 0.400000 0.076467 0.032487
0 0.546973 0.440609 0.073858 0.032487
0 0.213527 0.565482 0.097747 0.056853
0 0.352240 0.565482 0.097747 0.056853
0 0.490952 0.565482 0.097747 0.056853
0 0.629669 0.565482 0.097755 0.056853
0 0.740583 0.197970 0.043190 0.028426
0 0.802976 0.197970 0.063739 0.028426
0 0.732102 0.234518 0.026228 0.028426
0 0.771041 0.234518 0.033794 0.028426
0 0.821716 0.234518 0.049698 0.028426
0 0.739857 0.278680 0.041738 0.027411
0 0.747661 0.311675 0.057346 0.028426
0 0.760960 0.344162 0.083943 0.028426
0 0.747596 0.376650 0.057215 0.028426
0 0.750427 0.484264 0.029264 0.028426
0 0.797449 0.484264 0.031168 0.028426
0 0.754001 0.520812 0.038513 0.028426
0 0.812332 0.520812 0.044536 0.028426
0 0.791085 0.579695 0.135791 0.048731
1 0.396152 0.091371 0.032555 0.024365
0 0.206436 0.195939 0.142389 0.032487
0 0.181854 0.240609 0.093225 0.032487
0 0.173615 0.281218 0.076746 0.032487
0 0.192937 0.321827 0.115390 0.032487
0 0.162635 0.362437 0.054786 0.032487
0 0.359334 0.195939 0.142398 0.032487
0 0.325212 0.240609 0.074153 0.032487
0 0.332241 0.281218 0.088211 0.032487
0 0.312258 0.321827 0.048245 0.032487
0 0.321396 0.362437 0.066521 0.032487
0 0.512232 0.195939 0.142389 0.032487
0 0.453896 0.240609 0.025719 0.032487
0 0.453572 0.281218 0.025071 0.032487
0 0.468709 0.321827 0.055344 0.032487
0 0.470925 0.362437 0.059775 0.032487
0 0.665129 0.195939 0.142398 0.032487
0 0.634421 0.240609 0.080981 0.032487
0 0.632123 0.281218 0.076385 0.032487
0 0.634413 0.321827 0.080964 0.032487
0 0.621603 0.362437 0.055344 0.032487
0 0.190426 0.475127 0.051544 0.032487
0 0.348875 0.475127 0.066332 0.032487
0 0.492118 0.475127 0.050691 0.032487
0 0.642229 0.475127 0.048804 0.032487
0 0.187607 0.602030 0.094226 0.040609
0 0.328663 0.602030 0.074227 0.040609
0 0.493648 0.602030 0.102071 0.040609
0 0.643867 0.602030 0.100397 0.040609
0 0.808627 0.171574 0.072118 0.040609
0 0.797408 0.232487 0.049682 0.040609
0 0.789235 0.282741 0.041738 0.027411
0 0.797039 0.315736 0.057346 0.028426
0 0.810338 0.348223 0.083943 0.028426
0 0.796973 0.380711 0.057215 0.028426
0 0.813674 0.413198 0.090615 0.028426
0 0.815774 0.608122 0.086413 0.048731
1 0.460486 0.091371 0.041492 0.024365
0 0.178280 0.210152 0.075573 0.040609
0 0.325885 0.210152 0.074892 0.040609
0 0.474404 0.210152 0.076041 0.040609
0 0.626042 0.210152 0.083426 0.040609
0 0.204881 0.326904 0.139279 0.032487
0 0.187217 0.381726 0.068236 0.040609
0 0.196987 0.442640 0.087776 0.040609
0 0.354665 0.326904 0.139279 0.032487
0 0.336894 0.381726 0.068023 0.040609
0 0.343208 0.442640 0.079602 0.040609
0 0.504448 0.326904 0.139279 0.032487
0 0.491445 0.381726 0.076508 0.040609
0 0.498666 0.442640 0.090952 0.040609
0 0.654231 0.326904 0.139279 0.032487
0 0.647440 0.381726 0.088933 0.040609
0 0.653776 0.442640 0.101604 0.040609
0 0.185719 0.569543 0.090451 0.040609
0 0.336524 0.569543 0.096171 0.040609
0 0.487498 0.569543 0.102227 0.040609
0 0.786814 0.171574 0.053407 0.040609
0 0.798332 0.232487 0.076443 0.040609
0 0.807445 0.293401 0.094669 0.040609
0 0.792448 0.354315 0.064675 0.040609
0 0.809546 0.575635 0.098871 0.048731
1 0.523593 0.091371 0.030101 0.024365
0 0.268797 0.189848 0.152615 0.056853
0 0.408039 0.181726 0.091206 0.040609
0 0.201447 0.337056 0.121906 0.056853
0 0.340160 0.337056 0.121906 0.056853
0 0.478873 0.337056 0.121906 0.056853
0 0.617590 0.337056 0.121914 0.056853
0 0.784496 0.171574 0.122612 0.040609
0 0.767065 0.232487 0.087751 0.040609
0 0.788985 0.325888 0.139993 0.064975
1 0.584547 0.091371 0.037183 0.024365
0 0.179462 0.210152 0.077936 0.040609
0 0.329770 0.210152 0.086225 0.040609
0 0.462251 0.210152 0.058856 0.040609
0 0.609646 0.210152 0.061318 0.040609
0 0.191045 0.287310 0.101103 0.040609
0 0.334678 0.287310 0.096040 0.040609
0 0.487104 0.287310 0.108563 0.040609
0 0.631397 0.287310 0.104820 0.040609
0 0.200864 0.418274 0.072422 0.040609
0 0.402093 0.418274 0.085109 0.040609
0 0.590730 0.418274 0.072610 0.040609
0 0.231170 0.557360 0.077362 0.056853
0 0.377335 0.557360 0.077362 0.056853
0 0.523499 0.557360 0.077362 0.056853
0 0.669663 0.557360 0.077362 0.056853
0 0.787610 0.171574 0.069246 0.040609
0 0.789506 0.232487 0.073037 0.040609
0 0.803883 0.293401 0.101792 0.040609
0 0.770208 0.388832 0.042846 0.028426
0 0.782666 0.421320 0.067760 0.028426
0 0.786477 0.453807 0.075384 0.028426
0 0.784471 0.486294 0.071371 0.028426
0 0.803883 0.554315 0.110196 0.050761
1 0.648150 0.091371 0.035402 0.024365
0 0.164091 0.210152 0.047195 0.040609
0 0.321609 0.210152 0.056493 0.040609
0 0.473949 0.210152 0.055434 0.040609
0 0.624897 0.210152 0.051594 0.040609
0 0.178251 0.341117 0.075515 0.040609
0 0.329303 0.341117 0.071880 0.040609
0 0.484207 0.341117 0.075950 0.040609
0 0.629296 0.341117 0.060391 0.040609
0 0.182387 0.472081 0.043871 0.040609
0 0.304138 0.472081 0.045939 0.040609
0 0.441529 0.472081 0.071937 0.040609
0 0.547868 0.472081 0.045267 0.040609
0 0.817293 0.171574 0.074974 0.040609
1 0.764841 0.091371 0.040778 0.044670
1 0.827620 0.091371 0.067974 0.044670
1 0.206272 0.559296 0.092691 0.048731
1 0.300822 0.559296 0.062795 0.050761
0 0.341144 0.874112 0.156554 0.024365
0 0.692346 0.874112 0.182486 0.024365
