0 0.106499 0.073556 0.076853 0.033947
8 0.225738 0.073556 0.111862 0.079220
0 0.225738 0.073556 0.111862 0.079220
0 0.225734 0.151356 0.214105 0.076380
8 0.266364 0.151356 0.050863 0.031107
0 0.225734 0.224913 0.214105 0.070733
0 0.225734 0.295646 0.214105 0.070733
0 0.225734 0.369202 0.214105 0.076380
8 0.240600 0.369202 0.028484 0.031107
0 0.225734 0.442759 0.214105 0.070733
0 0.225734 0.513491 0.214105 0.070733
0 0.225734 0.584224 0.214105 0.070733
0 0.225734 0.654957 0.214105 0.070733
11 0.374421 0.073556 0.156242 0.079220
0 0.374421 0.073556 0.156242 0.079220
8 0.515703 0.073556 0.097057 0.079220
0 0.515703 0.073556 0.097057 0.079220
0 0.515699 0.148533 0.155610 0.070733
0 0.515699 0.219266 0.155610 0.070733
11 0.624504 0.073556 0.091280 0.079220
0 0.624504 0.073556 0.091280 0.079220
1 0.852876 0.073564 0.158105 0.079235
1 0.852876 0.073564 0.158105 0.079235
0 0.496061 0.215054 0.992122 0.147145
1 0.863577 0.215046 0.140001 0.069940
0 0.540293 0.594718 0.080981 0.042640
1 0.496061 0.722121 0.163193 0.082027
1 0.496061 0.722121 0.163193 0.082027
1 0.841555 0.901904 0.234235 0.055552
