1 0.018908 0.028426 0.012605 0.024365
1 0.018908 0.028426 0.021008 0.040609
0 0.061712 0.028426 0.064601 0.056853
2 0.473214 0.028426 0.270483 0.024365
1 0.627363 0.028426 0.033613 0.040609
1 0.663078 0.028426 0.021008 0.040609
1 0.663078 0.028426 0.012605 0.024365
1 0.917214 0.028426 0.021008 0.040609
1 0.917214 0.028426 0.021008 0.040609
1 0.917214 0.028426 0.021008 0.040609
1 0.917214 0.028426 0.012605 0.024365
1 0.917214 0.028426 0.012605 0.024365
1 0.917214 0.028426 0.021008 0.040609
1 0.957819 0.028426 0.051799 0.036548
1 0.943474 0.028426 0.012605 0.024365
1 0.964122 0.028426 0.022387 0.036548
0 0.059874 0.089340 0.107143 0.040609
0 0.059874 0.089340 0.107143 0.040609
0 0.059874 0.129949 0.107143 0.040609
0 0.059874 0.129949 0.107143 0.040609
0 0.059874 0.170558 0.107143 0.040609
0 0.059874 0.170558 0.107143 0.040609
0 0.059874 0.211168 0.107143 0.040609
0 0.059874 0.211168 0.107143 0.040609
0 0.059874 0.251777 0.107143 0.040609
0 0.059874 0.251777 0.107143 0.040609
1 0.042706 0.372589 0.051799 0.036548
1 0.028361 0.372589 0.012605 0.024365
1 0.049009 0.372589 0.022387 0.036548
0 0.059874 0.473096 0.107143 0.040609
0 0.059874 0.473096 0.107143 0.040609
0 0.059874 0.513706 0.107143 0.040609
0 0.059874 0.513706 0.107143 0.040609
0 0.059874 0.554315 0.107143 0.040609
0 0.059874 0.554315 0.107143 0.040609
1 0.059874 0.594924 0.107143 0.040609
0 0.059874 0.594924 0.107143 0.040609
0 0.059874 0.594924 0.107143 0.040609
0 0.059874 0.693401 0.107143 0.040609
0 0.059874 0.693401 0.107143 0.040609
0 0.059874 0.734010 0.107143 0.040609
0 0.059874 0.734010 0.107143 0.040609
0 0.059874 0.774619 0.107143 0.040609
0 0.059874 0.774619 0.107143 0.040609
0 0.059874 0.840609 0.107143 0.040609
0 0.059874 0.840609 0.107143 0.040609
0 0.021763 0.899492 0.018317 0.018274
0 0.043822 0.899492 0.017398 0.018274
0 0.071511 0.899492 0.029576 0.018274
0 0.029071 0.917766 0.032932 0.018274
0 0.062812 0.917766 0.026146 0.018274
0 0.094661 0.917766 0.029149 0.018274
0 0.029662 0.936041 0.034114 0.018274
0 0.022293 0.966497 0.019375 0.018274
0 0.047404 0.966497 0.022445 0.018274
0 0.085712 0.966497 0.045767 0.018274
0 0.043810 0.984772 0.062410 0.018274
0 0.039842 0.996954 0.054474 0.006091
