1 0.226291 0.023422 0.096944 0.046843
17 0.301724 0.023422 0.028632 0.046843
17 0.332698 0.023422 0.024886 0.046843
17 0.365574 0.023422 0.032435 0.046843
18 0.510307 0.023422 0.231741 0.036660
18 0.611425 0.024440 0.012645 0.024440
0 0.657468 0.023422 0.035185 0.032587
0 0.657468 0.023422 0.022540 0.020367
19 0.716293 0.023422 0.063496 0.032587
0 0.716293 0.023422 0.050851 0.020367
0 0.769568 0.023422 0.032518 0.046843
0 0.804268 0.023422 0.020021 0.046843
10 0.317884 0.032587 0.011591 0.022403
1 0.649730 0.030550 0.037358 0.022403
20 0.800580 0.032587 0.011591 0.022403
1 0.015470 0.463340 0.030939 0.014257
1 0.342532 0.475560 0.055116 0.014257
0 0.266340 0.484725 0.059438 0.036660
0 0.673875 0.146640 0.039400 0.032587
0 0.673875 0.146640 0.022540 0.024440
19 0.732156 0.146640 0.067711 0.032587
0 0.732156 0.146640 0.050851 0.024440
0 0.788293 0.146640 0.035111 0.032587
18 0.442826 0.629328 0.316122 0.036660
18 0.586135 0.635438 0.012645 0.024440
0 0.673937 0.628310 0.092079 0.046843
0 0.225237 0.849287 0.033720 0.065173
0 0.215753 0.918534 0.021075 0.028513
0 0.218124 0.918534 0.000527 0.001018
0 0.236828 0.918534 0.021075 0.028513
0 0.239199 0.918534 0.000527 0.001018
0 0.257903 0.918534 0.021075 0.028513
0 0.260274 0.918534 0.000527 0.001018
1 0.225237 0.959267 0.094837 0.020367
19 0.225237 0.979633 0.094837 0.020367
0 0.333558 0.849287 0.033720 0.065173
0 0.324075 0.918534 0.021075 0.028513
0 0.326446 0.918534 0.000527 0.001018
0 0.345149 0.918534 0.021075 0.028513
0 0.347520 0.918534 0.000527 0.001018
0 0.366224 0.918534 0.021075 0.028513
0 0.368595 0.918534 0.000527 0.001018
1 0.333558 0.959267 0.094837 0.020367
19 0.309355 0.979633 0.046430 0.020367
0 0.441888 0.849287 0.033720 0.065173
0 0.432404 0.918534 0.021075 0.028513
0 0.434775 0.918534 0.000527 0.001018
0 0.453479 0.918534 0.021075 0.028513
0 0.455850 0.918534 0.000527 0.001018
0 0.474554 0.918534 0.021075 0.028513
0 0.476925 0.918534 0.000527 0.001018
1 0.441888 0.959267 0.094837 0.020367
19 0.402871 0.979633 0.016802 0.020367
0 0.550209 0.849287 0.033720 0.065173
0 0.540725 0.918534 0.021075 0.028513
0 0.543096 0.918534 0.000527 0.001018
0 0.561800 0.918534 0.021075 0.028513
0 0.564171 0.918534 0.000527 0.001018
0 0.582875 0.918534 0.021075 0.028513
0 0.585246 0.918534 0.000527 0.001018
1 0.550209 0.959267 0.094837 0.020367
19 0.516374 0.979633 0.027167 0.020367
0 0.658539 0.849287 0.033720 0.065173
0 0.649055 0.918534 0.021075 0.028513
0 0.651426 0.918534 0.000527 0.001018
0 0.670130 0.918534 0.021075 0.028513
0 0.672501 0.918534 0.000527 0.001018
0 0.691205 0.918534 0.021075 0.028513
0 0.693575 0.918534 0.000527 0.001018
1 0.658539 0.959267 0.094837 0.020367
19 0.628820 0.979633 0.035399 0.020367
0 0.766860 0.849287 0.033720 0.065173
0 0.757376 0.918534 0.021075 0.028513
0 0.759747 0.918534 0.000527 0.001018
0 0.778451 0.918534 0.021075 0.028513
0 0.780822 0.918534 0.000527 0.001018
0 0.799526 0.918534 0.021075 0.028513
0 0.801897 0.918534 0.000527 0.001018
1 0.766860 0.959267 0.094837 0.020367
19 0.729415 0.979633 0.019947 0.020367
0 0.762686 0.589613 0.030476 0.032587
0 0.791623 0.589613 0.018967 0.036660
0 0.496048 0.773525 0.992097 0.452950
1 0.314558 0.908859 0.068938 0.021385
1 0.278879 0.930244 0.134780 0.021385
0 0.482243 0.722394 0.055074 0.020367
0 0.766090 0.778609 0.106551 0.146640
0 0.766090 0.729729 0.106551 0.048880
0 0.766090 0.778609 0.106551 0.048880
0 0.766090 0.827489 0.106551 0.048880
