0 0.000263 0.000508 0.000525 0.001015
1 0.014706 0.032487 0.016807 0.040609
0 0.068790 0.032487 0.087160 0.026396
1 0.499996 0.032487 0.320731 0.040609
1 0.833332 0.032487 0.333336 0.040609
1 0.964052 0.032487 0.059291 0.040609
0 0.031242 0.093401 0.049879 0.032487
0 0.031586 0.134010 0.050568 0.032487
0 0.035546 0.174619 0.058487 0.032487
1 0.033630 0.219289 0.054655 0.040609
0 0.052472 0.319797 0.092338 0.032487
0 0.052640 0.360406 0.092675 0.032487
0 0.050519 0.401015 0.088432 0.032487
0 0.051167 0.441624 0.089729 0.032487
0 0.045743 0.482234 0.078880 0.032487
0 0.039555 0.522843 0.066505 0.032487
0 0.052886 0.563452 0.093167 0.032487
0 0.032965 0.604061 0.053325 0.032487
0 0.040039 0.644670 0.067473 0.032487
0 0.041414 0.685279 0.070222 0.032487
0 0.026158 0.781726 0.039711 0.032487
0 0.033745 0.822335 0.054884 0.032487
0 0.021792 0.862944 0.030979 0.032487
0 0.023236 0.903553 0.033868 0.032487
0 0.028119 0.944162 0.043633 0.032487
0 0.027032 0.984264 0.041459 0.031472
0 0.303243 0.234423 0.114299 0.040609
0 0.275079 0.270971 0.057970 0.024365
0 0.303243 0.454632 0.114299 0.040609
0 0.269408 0.491180 0.046629 0.024365
0 0.303243 0.674841 0.114299 0.040609
0 0.271140 0.711390 0.050092 0.024365
0 0.303243 0.895051 0.114299 0.040609
0 0.269790 0.931599 0.047392 0.024365
0 0.429097 0.234423 0.114299 0.040609
0 0.395643 0.270971 0.047392 0.024365
0 0.429097 0.454632 0.114299 0.040609
0 0.396993 0.491180 0.050092 0.024365
0 0.429097 0.674841 0.114299 0.040609
0 0.426364 0.711390 0.108833 0.024365
0 0.429097 0.895082 0.114299 0.040609
0 0.397736 0.931631 0.051577 0.024365
0 0.554950 0.512801 0.114299 0.040609
0 0.562340 0.549350 0.129079 0.024365
0 0.554950 0.995543 0.114299 0.008915
0 0.680804 0.234423 0.114299 0.040609
0 0.647350 0.270971 0.047392 0.024365
0 0.680804 0.454632 0.114299 0.040609
0 0.678071 0.491180 0.108833 0.024365
0 0.680804 0.674841 0.114299 0.040609
0 0.649443 0.711390 0.051577 0.024365
1 0.907038 0.492386 0.111246 0.073096
1 0.907038 0.492386 0.111246 0.073096
1 0.907038 0.492386 0.109145 0.069036
0 0.955895 0.152141 0.049444 0.016244
1 0.875324 0.189657 0.060522 0.040609
1 0.479931 0.297462 0.034262 0.027411
1 0.523433 0.297462 0.027532 0.027411
1 0.427870 0.392893 0.065824 0.040609
1 0.500000 0.392893 0.065832 0.040609
1 0.572130 0.392893 0.065824 0.040609
5 0.407436 0.434518 0.024956 0.018274
1 0.500000 0.472081 0.210084 0.040609
5 0.500000 0.538071 0.210084 0.067005
2 0.500000 0.551269 0.210084 0.040609
5 0.500000 0.617259 0.210084 0.067005
2 0.500000 0.630457 0.210084 0.040609
1 0.593487 0.630457 0.010504 0.020305
0 0.529769 0.671066 0.037315 0.016244
0 0.522740 0.687310 0.069475 0.016244
1 0.500000 0.778680 0.210084 0.117766
1 0.500000 0.740102 0.210084 0.040609
