0 0.227153 0.023350 0.096639 0.046701
0 0.302349 0.023350 0.028542 0.046701
0 0.333225 0.023350 0.024808 0.046701
0 0.365998 0.023350 0.032333 0.046701
2 0.510274 0.023350 0.231010 0.036548
1 0.611074 0.024365 0.012605 0.024365
1 0.656972 0.023350 0.035074 0.032487
1 0.656972 0.023350 0.022469 0.020305
1 0.715611 0.023350 0.063296 0.032487
1 0.715611 0.023350 0.050691 0.020305
1 0.768719 0.023350 0.032415 0.046701
1 0.803309 0.023350 0.019958 0.046701
0 0.649258 0.030457 0.037241 0.022335
1 0.799632 0.032487 0.011555 0.022335
0 0.425985 0.474112 0.072906 0.014213
1 0.274229 0.471066 0.041762 0.036548
1 0.275263 0.471066 0.084124 0.036548
0 0.760607 0.461929 0.054942 0.014213
1 0.859379 0.483249 0.041762 0.036548
1 0.915679 0.483249 0.062434 0.036548
1 0.673328 0.146193 0.039276 0.032487
1 0.673328 0.146193 0.022469 0.024365
1 0.731425 0.146193 0.067498 0.032487
1 0.731425 0.146193 0.050691 0.024365
1 0.787384 0.146193 0.035000 0.032487
2 0.443006 0.627411 0.315126 0.036548
1 0.585864 0.633503 0.012605 0.024365
1 0.673389 0.626396 0.091789 0.046701
1 0.226103 0.846701 0.033613 0.064975
1 0.216649 0.915736 0.021008 0.028426
1 0.219013 0.915736 0.000525 0.001015
1 0.237658 0.915736 0.021008 0.028426
1 0.240021 0.915736 0.000525 0.001015
1 0.258666 0.915736 0.021008 0.028426
1 0.261029 0.915736 0.000525 0.001015
0 0.226103 0.956345 0.094538 0.020305
0 0.188509 0.976650 0.019351 0.020305
1 0.334083 0.846701 0.033613 0.064975
1 0.324629 0.915736 0.021008 0.028426
1 0.326993 0.915736 0.000525 0.001015
1 0.345637 0.915736 0.021008 0.028426
1 0.348001 0.915736 0.000525 0.001015
1 0.366646 0.915736 0.021008 0.028426
1 0.369009 0.915736 0.000525 0.001015
0 0.334083 0.956345 0.094538 0.020305
0 0.304593 0.976650 0.035558 0.020305
1 0.442071 0.846701 0.033613 0.064975
1 0.432617 0.915736 0.021008 0.028426
1 0.434981 0.915736 0.000525 0.001015
1 0.453626 0.915736 0.021008 0.028426
1 0.455989 0.915736 0.000525 0.001015
1 0.474634 0.915736 0.021008 0.028426
1 0.476997 0.915736 0.000525 0.001015
0 0.442071 0.956345 0.094538 0.020305
0 0.407140 0.976650 0.024677 0.020305
1 0.550051 0.846701 0.033613 0.064975
1 0.540597 0.915736 0.021008 0.028426
1 0.542961 0.915736 0.000525 0.001015
1 0.561606 0.915736 0.021008 0.028426
1 0.563969 0.915736 0.000525 0.001015
1 0.582614 0.915736 0.021008 0.028426
1 0.584977 0.915736 0.000525 0.001015
0 0.550051 0.956345 0.094538 0.020305
0 0.516757 0.976650 0.027951 0.020305
1 0.658039 0.846701 0.033613 0.064975
1 0.648585 0.915736 0.021008 0.028426
1 0.650949 0.915736 0.000525 0.001015
1 0.669594 0.915736 0.021008 0.028426
1 0.671957 0.915736 0.000525 0.001015
1 0.690602 0.915736 0.021008 0.028426
1 0.692965 0.915736 0.000525 0.001015
0 0.658039 0.956345 0.094538 0.020305
0 0.616822 0.976650 0.012104 0.020305
1 0.766019 0.846701 0.033613 0.064975
1 0.756565 0.915736 0.021008 0.028426
1 0.758929 0.915736 0.000525 0.001015
1 0.777574 0.915736 0.021008 0.028426
1 0.779937 0.915736 0.000525 0.001015
1 0.798582 0.915736 0.021008 0.028426
1 0.800945 0.915736 0.000525 0.001015
0 0.766019 0.956345 0.094538 0.020305
0 0.741892 0.976650 0.046284 0.020305
1 0.761858 0.590863 0.030380 0.032487
1 0.790704 0.590863 0.018908 0.036548
1 0.496061 0.774215 0.992122 0.451570
0 0.315142 0.909137 0.068720 0.021320
0 0.279576 0.930457 0.134355 0.021320
1 0.482299 0.723239 0.054901 0.020305
1 0.765252 0.779283 0.106216 0.146193
1 0.765252 0.730552 0.106216 0.048731
1 0.765252 0.779283 0.106216 0.048731
1 0.765252 0.828014 0.106216 0.048731
