0 0.199580 0.040609 0.053046 0.046701
1 0.265256 0.041466 0.040490 0.019289
0 0.295078 0.126864 0.116941 0.045765
0 0.295078 0.188872 0.116941 0.045765
0 0.295078 0.250880 0.116941 0.045765
0 0.295078 0.312889 0.116941 0.045765
0 0.295078 0.374897 0.116941 0.045765
0 0.295078 0.499159 0.116941 0.067862
0 0.420427 0.126864 0.116950 0.045765
0 0.420427 0.188872 0.116950 0.045765
0 0.420427 0.261929 0.116950 0.067862
0 0.420427 0.334986 0.116950 0.045765
0 0.420427 0.466672 0.116950 0.067862
0 0.420427 0.539729 0.116950 0.045765
0 0.420427 0.601737 0.116950 0.045765
0 0.545779 0.137912 0.116950 0.067862
0 0.545779 0.223382 0.116950 0.070590
0 0.545779 0.308852 0.116950 0.067862
0 0.545779 0.392957 0.116950 0.067862
0 0.545779 0.520598 0.116950 0.045765
0 0.545779 0.582606 0.116950 0.045765
0 0.545779 0.655663 0.116950 0.067862
0 0.260709 0.733915 0.048204 0.023668
0 0.324038 0.733915 0.060596 0.023668
0 0.576668 0.733915 0.055172 0.023668
0 0.671744 0.218322 0.101366 0.244924
0 0.646886 0.387992 0.051651 0.019289
0 0.646201 0.426555 0.050281 0.019289
0 0.642898 0.465117 0.043675 0.019289
1 0.320083 0.041466 0.043954 0.019289
0 0.348173 0.115815 0.116941 0.023668
0 0.348173 0.155727 0.116941 0.023668
0 0.348173 0.195638 0.116941 0.023668
0 0.348173 0.235549 0.116941 0.023668
0 0.348173 0.275460 0.116941 0.023668
0 0.348173 0.315371 0.116941 0.023668
0 0.348173 0.355282 0.116941 0.023668
0 0.348173 0.395194 0.116941 0.023668
0 0.473522 0.127649 0.116950 0.047335
0 0.473522 0.179394 0.116950 0.023668
0 0.473522 0.219305 0.116950 0.023668
0 0.473522 0.259216 0.116950 0.023668
0 0.473522 0.299128 0.116950 0.023668
0 0.473522 0.339039 0.116950 0.023668
0 0.473522 0.378950 0.116950 0.023668
0 0.473522 0.418861 0.116950 0.023668
0 0.313805 0.529204 0.048204 0.023668
0 0.377134 0.529204 0.060596 0.023668
0 0.627999 0.529204 0.058700 0.023668
0 0.724839 0.230155 0.101366 0.268591
0 0.707450 0.411659 0.066587 0.019289
0 0.683705 0.450222 0.019096 0.019289
0 0.697167 0.488785 0.046022 0.019289
0 0.683019 0.527348 0.017726 0.019289
0 0.373859 0.041624 0.038390 0.023668
1 0.428982 0.041466 0.046645 0.019289
0 0.342457 0.077475 0.092084 0.023668
0 0.442945 0.077475 0.092084 0.023668
0 0.543432 0.077475 0.092084 0.023668
0 0.342457 0.117386 0.092084 0.023668
0 0.442945 0.117386 0.092084 0.023668
0 0.543432 0.117386 0.092084 0.023668
0 0.342457 0.157297 0.092084 0.023668
0 0.442945 0.157297 0.092084 0.023668
0 0.543432 0.157297 0.092084 0.023668
0 0.342457 0.197208 0.092084 0.023668
0 0.442945 0.197208 0.092084 0.023668
0 0.320518 0.428411 0.048204 0.023668
0 0.383847 0.428411 0.060596 0.023668
0 0.656972 0.218322 0.101366 0.244924
0 0.628012 0.387992 0.043445 0.019289
0 0.639394 0.426555 0.066209 0.019289
0 0.477826 0.041624 0.025834 0.023668
1 0.601390 0.042640 0.010504 0.024365
0 0.629969 0.040609 0.025645 0.035533
1 0.696757 0.040609 0.086922 0.042640
1 0.784894 0.040609 0.068343 0.042640
1 0.415400 0.339927 0.093553 0.057868
1 0.544938 0.339927 0.157120 0.057868
