1 0.194679 0.040733 0.092729 0.044043
10 0.194679 0.040733 0.092729 0.044043
1 0.285802 0.041242 0.055799 0.037678
0 0.349031 0.040733 0.045368 0.024440
1 0.201001 0.164969 0.105374 0.046843
1 0.201001 0.215886 0.105374 0.046843
1 0.201001 0.266802 0.105374 0.046843
1 0.201001 0.317719 0.105374 0.046843
1 0.376976 0.164969 0.105374 0.046843
1 0.376976 0.215886 0.105374 0.046843
1 0.376976 0.266802 0.105374 0.046843
1 0.376976 0.317719 0.105374 0.046843
1 0.376976 0.368635 0.105374 0.046843
1 0.376976 0.419552 0.105374 0.046843
1 0.376976 0.470468 0.105374 0.046843
1 0.552950 0.164969 0.105374 0.046843
1 0.552950 0.215886 0.105374 0.046843
1 0.552950 0.266802 0.105374 0.046843
1 0.552950 0.317719 0.105374 0.046843
1 0.552950 0.368635 0.105374 0.046843
1 0.552950 0.419552 0.105374 0.046843
1 0.728925 0.164969 0.105374 0.046843
1 0.728925 0.215886 0.105374 0.046843
1 0.728925 0.266802 0.105374 0.046843
1 0.728925 0.317719 0.105374 0.046843
1 0.728925 0.368635 0.105374 0.046843
1 0.400615 0.041242 0.032510 0.037678
1 0.455335 0.041242 0.051642 0.037678
1 0.654081 0.040224 0.048579 0.039715
0 0.721339 0.040733 0.069078 0.046843
0 0.804045 0.040733 0.079475 0.046843
0 0.496048 0.393585 0.131718 0.060081
1 0.552918 0.470468 0.026409 0.022403
0 0.623456 0.361754 0.081327 0.027893
1 0.554548 0.554735 0.044125 0.015275
0 0.412157 0.624682 0.164145 0.046843
0 0.580228 0.624682 0.163569 0.046843
