0 0.195641 0.040609 0.092437 0.043909
0 0.286477 0.041117 0.055623 0.037563
1 0.349507 0.040609 0.045226 0.024365
0 0.201943 0.164467 0.105042 0.046701
0 0.201943 0.215228 0.105042 0.046701
0 0.201943 0.265990 0.105042 0.046701
0 0.201943 0.316751 0.105042 0.046701
0 0.377363 0.164467 0.105042 0.046701
0 0.377363 0.215228 0.105042 0.046701
0 0.377363 0.265990 0.105042 0.046701
0 0.377363 0.316751 0.105042 0.046701
0 0.377363 0.367513 0.105042 0.046701
0 0.377363 0.418274 0.105042 0.046701
0 0.377363 0.469036 0.105042 0.046701
0 0.552784 0.164467 0.105042 0.046701
0 0.552784 0.215228 0.105042 0.046701
0 0.552784 0.265990 0.105042 0.046701
0 0.552784 0.316751 0.105042 0.046701
0 0.552784 0.367513 0.105042 0.046701
0 0.552784 0.418274 0.105042 0.046701
0 0.728204 0.164467 0.105042 0.046701
0 0.728204 0.215228 0.105042 0.046701
0 0.728204 0.265990 0.105042 0.046701
0 0.728204 0.316751 0.105042 0.046701
0 0.728204 0.367513 0.105042 0.046701
0 0.400928 0.041117 0.032407 0.037563
0 0.455476 0.041117 0.051479 0.037563
0 0.653595 0.040102 0.048426 0.039594
1 0.720642 0.040609 0.068860 0.046701
1 0.803087 0.040609 0.079225 0.046701
1 0.496061 0.392386 0.131303 0.059898
0 0.552751 0.469036 0.026326 0.022335
1 0.623067 0.362175 0.081071 0.027808
0 0.554376 0.554569 0.043986 0.015228
1 0.412434 0.624302 0.163628 0.046701
1 0.579976 0.624302 0.163053 0.046701
